    3.903426     3.899820     5.180611
    3.387715     3.903426     3.899820
    2.431731     3.387715     3.903426
    2.838876     2.431731     3.387715
    1.548908     2.838876     2.431731
    2.125666     1.548908     2.838876
    1.904966     2.125666     1.548908
    1.944651     1.904966     2.125666
    3.145898     1.944651     1.904966
    2.165713     3.145898     1.944651
    1.174632     2.165713     3.145898
    2.875941     1.174632     2.165713
    2.676460     2.875941     1.174632
    2.230774     2.676460     2.875941
    3.423578     2.230774     2.676460
    2.803555     3.423578     2.230774
    2.941793     2.803555     3.423578
    1.563619     2.941793     2.803555
    2.227116     1.563619     2.941793
    3.377771     2.227116     1.563619
    1.645902     3.377771     2.227116
    2.369697     1.645902     3.377771
    1.631226     2.369697     1.645902
    2.825641     1.631226     2.369697
    1.104343     2.825641     1.631226
    2.087687     1.104343     2.825641
    2.223591     2.087687     1.104343
    2.290663     2.223591     2.087687
    3.186233     2.290663     2.223591
    1.979209     3.186233     2.290663
    2.176355     1.979209     3.186233
   -0.012842     2.176355     1.979209
    0.245600    -0.012842     2.176355
    1.091204     0.245600    -0.012842
    2.596503     1.091204     0.245600
    1.960286     2.596503     1.091204
    2.282963     1.960286     2.596503
    2.786110     2.282963     1.960286
    2.768740     2.786110     2.282963
    2.013895     2.768740     2.786110
    1.551721     2.013895     2.768740
    4.344366     1.551721     2.013895
    3.756452     4.344366     1.551721
    4.400827     3.756452     4.344366
    3.756893     4.400827     3.756452
    2.232754     3.756893     4.400827
    1.456580     2.232754     3.756893
    1.655581     1.456580     2.232754
    2.668752     1.655581     1.456580
    1.941660     2.668752     1.655581
    2.630090     1.941660     2.668752
    1.894378     2.630090     1.941660
    3.670064     1.894378     2.630090
    3.032193     3.670064     1.894378
    3.034764     3.032193     3.670064
    2.350305     3.034764     3.032193
    2.130899     2.350305     3.034764
    4.529736     2.130899     2.350305
    3.974935     4.529736     2.130899
    3.835304     3.974935     4.529736
    4.984263     3.835304     3.974935
    3.574504     4.984263     3.835304
    4.326691     3.574504     4.984263
    3.640113     4.326691     3.574504
    3.985483     3.640113     4.326691
    4.231736     3.985483     3.640113
    4.609884     4.231736     3.985483
    5.646684     4.609884     4.231736
    3.998941     5.646684     4.609884
    3.405340     3.998941     5.646684
    5.839656     3.405340     3.998941
    5.523157     5.839656     3.405340
    4.989307     5.523157     5.839656
    4.973029     4.989307     5.523157
    3.242873     4.973029     4.989307
    3.449962     3.242873     4.973029
    5.222827     3.449962     3.242873
    4.162820     5.222827     3.449962
    4.617547     4.162820     5.222827
    3.059747     4.617547     4.162820
    5.183359     3.059747     4.617547
    4.140143     5.183359     3.059747
    4.224929     4.140143     5.183359
    3.947288     4.224929     4.140143
    5.991372     3.947288     4.224929
    4.899545     5.991372     3.947288
    5.035355     4.899545     5.991372
    3.673251     5.035355     4.899545
    2.607651     3.673251     5.035355
    2.763594     2.607651     3.673251
    1.184660     2.763594     2.607651
    1.775212     1.184660     2.763594
    1.721454     1.775212     1.184660
    1.463418     1.721454     1.775212
    2.394448     1.463418     1.721454
    3.843027     2.394448     1.463418
    3.728606     3.843027     2.394448
    3.331944     3.728606     3.843027
    1.164794     3.331944     3.728606
    1.184023     1.164794     3.331944
    2.588270     1.184023     1.164794
    2.854639     2.588270     1.184023
    1.591636     2.854639     2.588270
    2.172401     1.591636     2.854639
    1.588037     2.172401     1.591636
    3.718099     1.588037     2.172401
    2.652780     3.718099     1.588037
    3.140921     2.652780     3.718099
    3.590081     3.140921     2.652780
    3.123809     3.590081     3.140921
    4.138010     3.123809     3.590081
    3.281101     4.138010     3.123809
    3.836140     3.281101     4.138010
    4.805012     3.836140     3.281101
    4.307346     4.805012     3.836140
    3.160668     4.307346     4.805012
    3.762265     3.160668     4.307346
    3.945820     3.762265     3.160668
    4.004605     3.945820     3.762265
    4.217707     4.004605     3.945820
    3.901487     4.217707     4.004605
    4.556758     3.901487     4.217707
    3.458007     4.556758     3.901487
    1.443804     3.458007     4.556758
    3.965554     1.443804     3.458007
    5.672912     3.965554     1.443804
    5.945206     5.672912     3.965554
    4.250254     5.945206     5.672912
    5.209952     4.250254     5.945206
    4.868494     5.209952     4.250254
    4.749849     4.868494     5.209952
    5.241955     4.749849     4.868494
    3.032931     5.241955     4.749849
    3.827739     3.032931     5.241955
    5.220622     3.827739     3.032931
    5.416093     5.220622     3.827739
    5.392850     5.416093     5.220622
    3.459140     5.392850     5.416093
    2.811782     3.459140     5.392850
    3.460629     2.811782     3.459140
    3.105778     3.460629     2.811782
    3.417605     3.105778     3.460629
    1.851895     3.417605     3.105778
    3.053758     1.851895     3.417605
    3.028644     3.053758     1.851895
    3.326576     3.028644     3.053758
    2.925932     3.326576     3.028644
    3.783252     2.925932     3.326576
    4.249805     3.783252     2.925932
    1.823859     4.249805     3.783252
    2.900266     1.823859     4.249805
    1.078289     2.900266     1.823859
    1.258453     1.078289     2.900266
    2.858673     1.258453     1.078289
    4.379042     2.858673     1.258453
    4.678733     4.379042     2.858673
    4.834203     4.678733     4.379042
    5.427815     4.834203     4.678733
    4.762002     5.427815     4.834203
    4.505970     4.762002     5.427815
    3.939203     4.505970     4.762002
    4.367066     3.939203     4.505970
    4.544170     4.367066     3.939203
    5.226452     4.544170     4.367066
    3.643959     5.226452     4.544170
    3.471135     3.643959     5.226452
    2.231179     3.471135     3.643959
    2.726676     2.231179     3.471135
    1.915988     2.726676     2.231179
    3.757264     1.915988     2.726676
    4.688088     3.757264     1.915988
    4.249985     4.688088     3.757264
    3.823680     4.249985     4.688088
    1.891481     3.823680     4.249985
    3.821427     1.891481     3.823680
    4.081897     3.821427     1.891481
    4.028232     4.081897     3.821427
    5.202908     4.028232     4.081897
    4.350539     5.202908     4.028232
    3.889226     4.350539     5.202908
    2.532628     3.889226     4.350539
    2.399358     2.532628     3.889226
    2.583434     2.399358     2.532628
    1.426339     2.583434     2.399358
    2.808874     1.426339     2.583434
    1.881488     2.808874     1.426339
    2.214140     1.881488     2.808874
    2.569916     2.214140     1.881488
    3.530371     2.569916     2.214140
    4.253664     3.530371     2.569916
    5.000338     4.253664     3.530371
    4.703689     5.000338     4.253664
    3.131029     4.703689     5.000338
    4.578840     3.131029     4.703689
    4.450720     4.578840     3.131029
    2.207484     4.450720     4.578840
    3.082497     2.207484     4.450720
    3.853297     3.082497     2.207484
    2.605508     3.853297     3.082497
    3.525805     2.605508     3.853297
    2.390667     3.525805     2.605508
    4.296028     2.390667     3.525805
    3.571224     4.296028     2.390667
    3.413282     3.571224     4.296028
    4.867646     3.413282     3.571224
    3.613485     4.867646     3.413282
    5.095479     3.613485     4.867646
    5.303185     5.095479     3.613485
    4.236236     5.303185     5.095479
    4.117206     4.236236     5.303185
    3.866140     4.117206     4.236236
    4.637236     3.866140     4.117206
    4.739405     4.637236     3.866140
    4.178587     4.739405     4.637236
    5.497921     4.178587     4.739405
    5.816117     5.497921     4.178587
    4.260116     5.816117     5.497921
    4.949094     4.260116     5.816117
    4.196150     4.949094     4.260116
    4.556200     4.196150     4.949094
    6.443161     4.556200     4.196150
    6.883090     6.443161     4.556200
    5.395720     6.883090     6.443161
    5.398534     5.395720     6.883090
    5.022389     5.398534     5.395720
    5.257188     5.022389     5.398534
    3.413297     5.257188     5.022389
    4.900613     3.413297     5.257188
    5.108174     4.900613     3.413297
    4.383271     5.108174     4.900613
    4.841895     4.383271     5.108174
    3.935212     4.841895     4.383271
    2.770145     3.935212     4.841895
    3.069109     2.770145     3.935212
    1.597290     3.069109     2.770145
    1.323662     1.597290     3.069109
    3.066121     1.323662     1.597290
    3.324381     3.066121     1.323662
    2.557496     3.324381     3.066121
    2.640741     2.557496     3.324381
    2.219150     2.640741     2.557496
    2.596159     2.219150     2.640741
    2.696516     2.596159     2.219150
    2.578784     2.696516     2.596159
    1.903239     2.578784     2.696516
   -0.361750     1.903239     2.578784
    2.377750    -0.361750     1.903239
    2.842503     2.377750    -0.361750
    1.939627     2.842503     2.377750
    4.090143     1.939627     2.842503
    1.971686     4.090143     1.939627
    1.225410     1.971686     4.090143
    2.125340     1.225410     1.971686
    2.382531     2.125340     1.225410
    2.813112     2.382531     2.125340
    2.615430     2.813112     2.382531
    2.833925     2.615430     2.813112
    2.990058     2.833925     2.615430
    2.740177     2.990058     2.833925
    4.819321     2.740177     2.990058
    2.058502     4.819321     2.740177
    2.585857     2.058502     4.819321
    4.792036     2.585857     2.058502
    5.234983     4.792036     2.585857
    4.351230     5.234983     4.792036
    4.348216     4.351230     5.234983
    3.730897     4.348216     4.351230
    3.330642     3.730897     4.348216
    4.102818     3.330642     3.730897
    4.290531     4.102818     3.330642
    4.525974     4.290531     4.102818
    5.199503     4.525974     4.290531
    3.865767     5.199503     4.525974
    7.508377     3.865767     5.199503
    4.570354     7.508377     3.865767
    5.243291     4.570354     7.508377
    5.562749     5.243291     4.570354
    2.521243     5.562749     5.243291
    3.045071     2.521243     5.562749
    4.798719     3.045071     2.521243
    3.993767     4.798719     3.045071
    5.262533     3.993767     4.798719
    2.628294     5.262533     3.993767
    3.573540     2.628294     5.262533
    3.185673     3.573540     2.628294
    2.597984     3.185673     3.573540
    4.084516     2.597984     3.185673
    1.858486     4.084516     2.597984
    2.108377     1.858486     4.084516
    2.536463     2.108377     1.858486
    1.552465     2.536463     2.108377
    1.946665     1.552465     2.536463
    2.180302     1.946665     1.552465
    1.095768     2.180302     1.946665
    0.921278     1.095768     2.180302
    2.404594     0.921278     1.095768
    1.883955     2.404594     0.921278
    1.763012     1.883955     2.404594
    2.434052     1.763012     1.883955
    2.439427     2.434052     1.763012
    2.388182     2.439427     2.434052
    1.363588     2.388182     2.439427
    2.443603     1.363588     2.388182
    2.923949     2.443603     1.363588
    4.318297     2.923949     2.443603
    5.042210     4.318297     2.923949
    4.066821     5.042210     4.318297
    5.587796     4.066821     5.042210
    3.152334     5.587796     4.066821
    3.063003     3.152334     5.587796
    2.566875     3.063003     3.152334
    3.350119     2.566875     3.063003
    1.462285     3.350119     2.566875
    3.452943     1.462285     3.350119
    3.635233     3.452943     1.462285
    2.168775     3.635233     3.452943
    2.619940     2.168775     3.635233
    6.209001     2.619940     2.168775
    2.935596     6.209001     2.619940
    4.698091     2.935596     6.209001
    4.748924     4.698091     2.935596
    3.087525     4.748924     4.698091
    2.234958     3.087525     4.748924
    2.950264     2.234958     3.087525
    4.033303     2.950264     2.234958
    3.917469     4.033303     2.950264
    1.932072     3.917469     4.033303
    2.924356     1.932072     3.917469
    2.763515     2.924356     1.932072
    1.300107     2.763515     2.924356
    1.310491     1.300107     2.763515
    0.032153     1.310491     1.300107
   -0.400768     0.032153     1.310491
    1.158414    -0.400768     0.032153
    0.311025     1.158414    -0.400768
    0.762093     0.311025     1.158414
    0.196677     0.762093     0.311025
    2.442938     0.196677     0.762093
    1.290660     2.442938     0.196677
    2.405658     1.290660     2.442938
    1.927378     2.405658     1.290660
    1.808491     1.927378     2.405658
    2.411986     1.808491     1.927378
    3.449251     2.411986     1.808491
    2.630800     3.449251     2.411986
    2.418335     2.630800     3.449251
    3.176404     2.418335     2.630800
    3.999910     3.176404     2.418335
    4.487175     3.999910     3.176404
    3.203560     4.487175     3.999910
    4.029867     3.203560     4.487175
    3.144658     4.029867     3.203560
    4.038175     3.144658     4.029867
    4.029552     4.038175     3.144658
    3.499518     4.029552     4.038175
    2.762826     3.499518     4.029552
    3.240164     2.762826     3.499518
    4.989585     3.240164     2.762826
    6.624878     4.989585     3.240164
    5.692302     6.624878     4.989585
    4.221040     5.692302     6.624878
    4.281045     4.221040     5.692302
    3.583829     4.281045     4.221040
    3.047156     3.583829     4.281045
    2.635499     3.047156     3.583829
    4.585176     2.635499     3.047156
    3.229042     4.585176     2.635499
    3.033928     3.229042     4.585176
    3.093724     3.033928     3.229042
    2.198831     3.093724     3.033928
    2.583034     2.198831     3.093724
   -0.074690     2.583034     2.198831
    1.525457    -0.074690     2.583034
    3.189695     1.525457    -0.074690
    1.795938     3.189695     1.525457
    2.274437     1.795938     3.189695
    1.818789     2.274437     1.795938
    2.695672     1.818789     2.274437
    3.061651     2.695672     1.818789
    2.406570     3.061651     2.695672
    0.963353     2.406570     3.061651
    2.857006     0.963353     2.406570
    3.330027     2.857006     0.963353
    1.694577     3.330027     2.857006
    1.996758     1.694577     3.330027
    4.237207     1.996758     1.694577
    3.775189     4.237207     1.996758
    4.864415     3.775189     4.237207
    4.915493     4.864415     3.775189
    4.237927     4.915493     4.864415
    3.701923     4.237927     4.915493
    2.749634     3.701923     4.237927
    3.734654     2.749634     3.701923
    2.695964     3.734654     2.749634
    3.516649     2.695964     3.734654
    2.348062     3.516649     2.695964
    2.377017     2.348062     3.516649
    3.636085     2.377017     2.348062
    3.685211     3.636085     2.377017
    2.811732     3.685211     3.636085
    3.524485     2.811732     3.685211
    2.261178     3.524485     2.811732
    2.876175     2.261178     3.524485
    0.582231     2.876175     2.261178
    1.827775     0.582231     2.876175
    2.405525     1.827775     0.582231
    3.057926     2.405525     1.827775
    2.978674     3.057926     2.405525
    3.597940     2.978674     3.057926
    2.367754     3.597940     2.978674
    1.348145     2.367754     3.597940
    2.211362     1.348145     2.367754
    2.676633     2.211362     1.348145
    2.228125     2.676633     2.211362
    1.473751     2.228125     2.676633
    1.505746     1.473751     2.228125
    3.901100     1.505746     1.473751
    4.108055     3.901100     1.505746
    5.320909     4.108055     3.901100
    3.744511     5.320909     4.108055
    4.430474     3.744511     5.320909
    4.091693     4.430474     3.744511
    5.292776     4.091693     4.430474
    5.894554     5.292776     4.091693
    4.074585     5.894554     5.292776
    5.527134     4.074585     5.894554
    3.006134     5.527134     4.074585
    2.763315     3.006134     5.527134
    2.382990     2.763315     3.006134
    3.151553     2.382990     2.763315
    3.082097     3.151553     2.382990
    4.841977     3.082097     3.151553
    5.110290     4.841977     3.082097
    4.211065     5.110290     4.841977
    5.420564     4.211065     5.110290
    4.081682     5.420564     4.211065
    4.451341     4.081682     5.420564
    4.433190     4.451341     4.081682
    2.277593     4.433190     4.451341
    4.355368     2.277593     4.433190
    3.823599     4.355368     2.277593
    5.696313     3.823599     4.355368
    4.736507     5.696313     3.823599
    4.964190     4.736507     5.696313
    5.446200     4.964190     4.736507
    5.788094     5.446200     4.964190
    2.990160     5.788094     5.446200
    1.035954     2.990160     5.788094
    1.798280     1.035954     2.990160
    3.144716     1.798280     1.035954
    2.879382     3.144716     1.798280
    2.481592     2.879382     3.144716
    3.096041     2.481592     2.879382
    2.945225     3.096041     2.481592
    3.370904     2.945225     3.096041
    2.840320     3.370904     2.945225
    4.068734     2.840320     3.370904
    3.120365     4.068734     2.840320
    3.155650     3.120365     4.068734
    4.098001     3.155650     3.120365
    3.497467     4.098001     3.155650
    3.477807     3.497467     4.098001
    2.405301     3.477807     3.497467
    4.105056     2.405301     3.477807
    3.729194     4.105056     2.405301
    4.509867     3.729194     4.105056
    3.106713     4.509867     3.729194
    3.307414     3.106713     4.509867
    2.045880     3.307414     3.106713
    2.372521     2.045880     3.307414
    1.716253     2.372521     2.045880
    2.080575     1.716253     2.372521
    2.337978     2.080575     1.716253
    1.642076     2.337978     2.080575
    1.155166     1.642076     2.337978
    2.909521     1.155166     1.642076
    3.819596     2.909521     1.155166
    3.806333     3.819596     2.909521
    3.863457     3.806333     3.819596
    3.395550     3.863457     3.806333
    2.746771     3.395550     3.863457
    3.012571     2.746771     3.395550
    3.711320     3.012571     2.746771
    3.121023     3.711320     3.012571
    4.785665     3.121023     3.711320
    2.826426     4.785665     3.121023
    3.003224     2.826426     4.785665
    2.200064     3.003224     2.826426
    2.530573     2.200064     3.003224
    4.190694     2.530573     2.200064
    3.272645     4.190694     2.530573
    2.929668     3.272645     4.190694
    2.895534     2.929668     3.272645
    2.979634     2.895534     2.929668
    3.100967     2.979634     2.895534
    2.845792     3.100967     2.979634
    3.218202     2.845792     3.100967
    3.920661     3.218202     2.845792
    5.116086     3.920661     3.218202
    3.647369     5.116086     3.920661
