    3.560463     4.248872     4.393441
    4.884732     3.560463     4.248872
    3.337454     4.884732     3.560463
    3.469934     3.337454     4.884732
    1.711339     3.469934     3.337454
    1.442856     1.711339     3.469934
    3.672313     1.442856     1.711339
    2.581604     3.672313     1.442856
    4.009713     2.581604     3.672313
    1.987464     4.009713     2.581604
    2.725721     1.987464     4.009713
    4.099838     2.725721     1.987464
    3.316622     4.099838     2.725721
    4.002476     3.316622     4.099838
    2.954672     4.002476     3.316622
    2.039824     2.954672     4.002476
    1.854120     2.039824     2.954672
    1.202752     1.854120     2.039824
    1.682185     1.202752     1.854120
    1.848447     1.682185     1.202752
    2.128849     1.848447     1.682185
    1.765716     2.128849     1.848447
    2.611306     1.765716     2.128849
    2.738465     2.611306     1.765716
    1.624534     2.738465     2.611306
    3.208857     1.624534     2.738465
    2.748204     3.208857     1.624534
    2.176825     2.748204     3.208857
    0.949107     2.176825     2.748204
    2.585803     0.949107     2.176825
    1.163473     2.585803     0.949107
    2.162424     1.163473     2.585803
    1.777278     2.162424     1.163473
    3.290016     1.777278     2.162424
    2.593549     3.290016     1.777278
    3.603014     2.593549     3.290016
    2.800682     3.603014     2.593549
    3.505071     2.800682     3.603014
    2.112806     3.505071     2.800682
    3.620435     2.112806     3.505071
    2.861271     3.620435     2.112806
    2.316348     2.861271     3.620435
    3.523792     2.316348     2.861271
    2.006471     3.523792     2.316348
    0.728976     2.006471     3.523792
    1.036279     0.728976     2.006471
    0.912231     1.036279     0.728976
    2.556139     0.912231     1.036279
    1.700003     2.556139     0.912231
    3.320013     1.700003     2.556139
    2.700019     3.320013     1.700003
    0.334893     2.700019     3.320013
    2.126416     0.334893     2.700019
    1.407576     2.126416     0.334893
    3.175646     1.407576     2.126416
    2.766465     3.175646     1.407576
    2.589393     2.766465     3.175646
    3.056293     2.589393     2.766465
    4.698782     3.056293     2.589393
    3.546924     4.698782     3.056293
    5.107874     3.546924     4.698782
    4.882717     5.107874     3.546924
    3.157781     4.882717     5.107874
    5.965714     3.157781     4.882717
    3.903887     5.965714     3.157781
    2.232788     3.903887     5.965714
    4.913100     2.232788     3.903887
    5.233749     4.913100     2.232788
    3.926328     5.233749     4.913100
    4.193169     3.926328     5.233749
    2.989331     4.193169     3.926328
    3.178603     2.989331     4.193169
    3.256797     3.178603     2.989331
    2.371751     3.256797     3.178603
    2.923844     2.371751     3.256797
    2.223556     2.923844     2.371751
    2.713141     2.223556     2.923844
    2.586572     2.713141     2.223556
    4.099573     2.586572     2.713141
    4.181349     4.099573     2.586572
    5.355096     4.181349     4.099573
    3.348406     5.355096     4.181349
    4.269628     3.348406     5.355096
    2.907689     4.269628     3.348406
    3.023095     2.907689     4.269628
    3.237675     3.023095     2.907689
    3.507290     3.237675     3.023095
    4.232198     3.507290     3.237675
    2.348864     4.232198     3.507290
    2.348314     2.348864     4.232198
    1.468712     2.348314     2.348864
    2.466906     1.468712     2.348314
    2.883974     2.466906     1.468712
    4.320564     2.883974     2.466906
    4.367920     4.320564     2.883974
    3.028571     4.367920     4.320564
    4.496088     3.028571     4.367920
    3.248859     4.496088     3.028571
    3.425447     3.248859     4.496088
    2.891566     3.425447     3.248859
    3.742047     2.891566     3.425447
    4.974600     3.742047     2.891566
    4.781917     4.974600     3.742047
    4.690549     4.781917     4.974600
    3.957946     4.690549     4.781917
    4.707017     3.957946     4.690549
    4.687566     4.707017     3.957946
    4.230288     4.687566     4.707017
    3.835941     4.230288     4.687566
    3.704339     3.835941     4.230288
    2.730487     3.704339     3.835941
    3.952962     2.730487     3.704339
    3.722510     3.952962     2.730487
    5.436366     3.722510     3.952962
    5.229108     5.436366     3.722510
    5.317611     5.229108     5.436366
    3.355828     5.317611     5.229108
    3.476928     3.355828     5.317611
    4.612213     3.476928     3.355828
    5.033527     4.612213     3.476928
    3.238315     5.033527     4.612213
    2.655534     3.238315     5.033527
    2.349802     2.655534     3.238315
    2.289314     2.349802     2.655534
    2.220415     2.289314     2.349802
    4.146837     2.220415     2.289314
    2.683904     4.146837     2.220415
    3.338935     2.683904     4.146837
    4.284020     3.338935     2.683904
    3.742318     4.284020     3.338935
    5.432308     3.742318     4.284020
    3.771192     5.432308     3.742318
    2.375069     3.771192     5.432308
    1.877058     2.375069     3.771192
    3.666036     1.877058     2.375069
    1.633451     3.666036     1.877058
    3.654579     1.633451     3.666036
    4.277134     3.654579     1.633451
    3.501946     4.277134     3.654579
    3.596070     3.501946     4.277134
    3.159607     3.596070     3.501946
    1.963180     3.159607     3.596070
    0.086544     1.963180     3.159607
    0.478804     0.086544     1.963180
    1.386217     0.478804     0.086544
    1.841229     1.386217     0.478804
    1.740926     1.841229     1.386217
    2.719498     1.740926     1.841229
    3.418383     2.719498     1.740926
    3.877548     3.418383     2.719498
    3.711470     3.877548     3.418383
    3.330151     3.711470     3.877548
    3.664510     3.330151     3.711470
    3.810799     3.664510     3.330151
    1.675020     3.810799     3.664510
    2.308497     1.675020     3.810799
    1.218906     2.308497     1.675020
    1.584408     1.218906     2.308497
    1.633885     1.584408     1.218906
    2.366920     1.633885     1.584408
    4.084317     2.366920     1.633885
    2.381710     4.084317     2.366920
    2.365105     2.381710     4.084317
    0.936131     2.365105     2.381710
    1.884268     0.936131     2.365105
    3.327301     1.884268     0.936131
    3.263426     3.327301     1.884268
    2.203255     3.263426     3.327301
    3.511723     2.203255     3.263426
    3.315023     3.511723     2.203255
    4.596306     3.315023     3.511723
    4.845548     4.596306     3.315023
    3.890209     4.845548     4.596306
    2.774782     3.890209     4.845548
    2.058537     2.774782     3.890209
    2.007544     2.058537     2.774782
    1.512968     2.007544     2.058537
    3.851573     1.512968     2.007544
    3.919457     3.851573     1.512968
    3.910336     3.919457     3.851573
    3.695764     3.910336     3.919457
    2.960892     3.695764     3.910336
    2.016057     2.960892     3.695764
    2.290294     2.016057     2.960892
    2.867501     2.290294     2.016057
    3.326840     2.867501     2.290294
    3.548663     3.326840     2.867501
    5.981382     3.548663     3.326840
    5.593395     5.981382     3.548663
    4.991208     5.593395     5.981382
    4.141996     4.991208     5.593395
    4.961681     4.141996     4.991208
    4.289707     4.961681     4.141996
    3.302670     4.289707     4.961681
    3.709558     3.302670     4.289707
    2.329989     3.709558     3.302670
    2.829924     2.329989     3.709558
    3.113811     2.829924     2.329989
    2.521734     3.113811     2.829924
    4.529755     2.521734     3.113811
    4.572811     4.529755     2.521734
    4.779183     4.572811     4.529755
    2.278383     4.779183     4.572811
    5.253355     2.278383     4.779183
    5.390500     5.253355     2.278383
    5.645840     5.390500     5.253355
    4.973277     5.645840     5.390500
    4.702954     4.973277     5.645840
    3.992278     4.702954     4.973277
    4.041301     3.992278     4.702954
    2.761968     4.041301     3.992278
    1.929657     2.761968     4.041301
    2.542235     1.929657     2.761968
    1.887476     2.542235     1.929657
    2.534986     1.887476     2.542235
    2.782180     2.534986     1.887476
    3.109709     2.782180     2.534986
    4.173359     3.109709     2.782180
    3.237998     4.173359     3.109709
    2.780306     3.237998     4.173359
    3.116053     2.780306     3.237998
    3.165581     3.116053     2.780306
    3.747312     3.165581     3.116053
    2.105661     3.747312     3.165581
    2.652695     2.105661     3.747312
    1.854621     2.652695     2.105661
    3.563106     1.854621     2.652695
    2.466487     3.563106     1.854621
    5.188524     2.466487     3.563106
    2.756395     5.188524     2.466487
    1.491507     2.756395     5.188524
    2.752653     1.491507     2.756395
    1.057298     2.752653     1.491507
    0.110515     1.057298     2.752653
    1.437067     0.110515     1.057298
    0.516223     1.437067     0.110515
    2.143193     0.516223     1.437067
    1.193839     2.143193     0.516223
    1.428777     1.193839     2.143193
    1.851176     1.428777     1.193839
    1.667646     1.851176     1.428777
    1.752470     1.667646     1.851176
    2.264278     1.752470     1.667646
    2.898409     2.264278     1.752470
    3.723718     2.898409     2.264278
    3.658924     3.723718     2.898409
    3.794080     3.658924     3.723718
    3.295942     3.794080     3.658924
    3.725512     3.295942     3.794080
    2.304684     3.725512     3.295942
    3.316202     2.304684     3.725512
    2.842222     3.316202     2.304684
    3.017111     2.842222     3.316202
    2.641008     3.017111     2.842222
    3.967825     2.641008     3.017111
    2.224663     3.967825     2.641008
    3.965730     2.224663     3.967825
    1.924367     3.965730     2.224663
    1.775335     1.924367     3.965730
    1.643061     1.775335     1.924367
    3.202021     1.643061     1.775335
    2.589708     3.202021     1.643061
    3.143757     2.589708     3.202021
    4.417188     3.143757     2.589708
    5.420708     4.417188     3.143757
    3.906954     5.420708     4.417188
    4.665077     3.906954     5.420708
    4.667892     4.665077     3.906954
    3.140376     4.667892     4.665077
    2.453851     3.140376     4.667892
    3.447536     2.453851     3.140376
    3.372883     3.447536     2.453851
    4.015058     3.372883     3.447536
    1.638888     4.015058     3.372883
    2.809788     1.638888     4.015058
    1.695249     2.809788     1.638888
    1.403679     1.695249     2.809788
    1.890678     1.403679     1.695249
    1.088725     1.890678     1.403679
    2.216612     1.088725     1.890678
    1.383562     2.216612     1.088725
    1.557363     1.383562     2.216612
    1.963664     1.557363     1.383562
    2.556841     1.963664     1.557363
    3.161879     2.556841     1.963664
    4.319333     3.161879     2.556841
    3.505564     4.319333     3.161879
    4.477731     3.505564     4.319333
    4.559508     4.477731     3.505564
    6.111358     4.559508     4.477731
    5.119670     6.111358     4.559508
    5.400594     5.119670     6.111358
    4.762715     5.400594     5.119670
    2.903107     4.762715     5.400594
    4.708305     2.903107     4.762715
    5.428095     4.708305     2.903107
    5.395639     5.428095     4.708305
    3.980956     5.395639     5.428095
    5.531127     3.980956     5.395639
    5.670596     5.531127     3.980956
    4.608965     5.670596     5.531127
    3.735512     4.608965     5.670596
    4.560754     3.735512     4.608965
    3.780955     4.560754     3.735512
    2.953935     3.780955     4.560754
    4.283170     2.953935     3.780955
    5.280662     4.283170     2.953935
    4.500357     5.280662     4.283170
    3.788850     4.500357     5.280662
    5.126957     3.788850     4.500357
    3.592590     5.126957     3.788850
    5.030990     3.592590     5.126957
    4.754617     5.030990     3.592590
    4.141749     4.754617     5.030990
    2.073011     4.141749     4.754617
    3.442985     2.073011     4.141749
    3.507625     3.442985     2.073011
    1.926584     3.507625     3.442985
    2.906834     1.926584     3.507625
    1.285297     2.906834     1.926584
    1.238673     1.285297     2.906834
    2.011834     1.238673     1.285297
    2.980004     2.011834     1.238673
    5.398755     2.980004     2.011834
    3.846577     5.398755     2.980004
    4.113715     3.846577     5.398755
    2.846635     4.113715     3.846577
    4.637197     2.846635     4.113715
    2.479906     4.637197     2.846635
    1.765425     2.479906     4.637197
    2.904101     1.765425     2.479906
    3.781013     2.904101     1.765425
    2.955372     3.781013     2.904101
    3.097305     2.955372     3.781013
    0.613516     3.097305     2.955372
    1.512958     0.613516     3.097305
    1.107837     1.512958     0.613516
    1.516430     1.107837     1.512958
   -0.731588     1.516430     1.107837
    0.492845    -0.731588     1.516430
    2.711688     0.492845    -0.731588
    2.377969     2.711688     0.492845
    3.035497     2.377969     2.711688
    4.582416     3.035497     2.377969
    3.725725     4.582416     3.035497
    3.479426     3.725725     4.582416
    0.937404     3.479426     3.725725
    1.945303     0.937404     3.479426
    3.918081     1.945303     0.937404
    2.366639     3.918081     1.945303
    2.620648     2.366639     3.918081
    3.863380     2.620648     2.366639
    4.513409     3.863380     2.620648
    2.718323     4.513409     3.863380
    3.220659     2.718323     4.513409
    2.751671     3.220659     2.718323
    2.556963     2.751671     3.220659
    1.883207     2.556963     2.751671
    2.270431     1.883207     2.556963
    2.732880     2.270431     1.883207
    1.962661     2.732880     2.270431
    1.087567     1.962661     2.732880
    3.489063     1.087567     1.962661
    2.233555     3.489063     1.087567
    2.408411     2.233555     3.489063
    0.758694     2.408411     2.233555
    2.676410     0.758694     2.408411
    1.598747     2.676410     0.758694
    1.250263     1.598747     2.676410
    0.464844     1.250263     1.598747
    1.159868     0.464844     1.250263
    3.704043     1.159868     0.464844
    1.817061     3.704043     1.159868
    4.022275     1.817061     3.704043
    3.113582     4.022275     1.817061
    4.189462     3.113582     4.022275
    4.514920     4.189462     3.113582
    3.766234     4.514920     4.189462
    3.398052     3.766234     4.514920
    4.324518     3.398052     3.766234
    5.046058     4.324518     3.398052
    4.526432     5.046058     4.324518
    4.794408     4.526432     5.046058
    4.763530     4.794408     4.526432
    3.238888     4.763530     4.794408
    3.206468     3.238888     4.763530
    1.686554     3.206468     3.238888
    0.225695     1.686554     3.206468
    1.988030     0.225695     1.686554
    2.135643     1.988030     0.225695
    4.435422     2.135643     1.988030
    2.882960     4.435422     2.135643
    3.692398     2.882960     4.435422
    2.653353     3.692398     2.882960
    3.469084     2.653353     3.692398
    3.149182     3.469084     2.653353
    2.056942     3.149182     3.469084
    4.131358     2.056942     3.149182
    3.907198     4.131358     2.056942
    2.687896     3.907198     4.131358
    4.725012     2.687896     3.907198
    4.859548     4.725012     2.687896
    4.195725     4.859548     4.725012
    3.273027     4.195725     4.859548
    4.375957     3.273027     4.195725
    3.680835     4.375957     3.273027
    2.525981     3.680835     4.375957
    2.533592     2.525981     3.680835
    2.354692     2.533592     2.525981
    2.281129     2.354692     2.533592
    1.640586     2.281129     2.354692
    3.461089     1.640586     2.281129
    2.015400     3.461089     1.640586
    2.236903     2.015400     3.461089
    2.082027     2.236903     2.015400
    5.284464     2.082027     2.236903
    4.281781     5.284464     2.082027
    5.115455     4.281781     5.284464
    5.884870     5.115455     4.281781
    5.843690     5.884870     5.115455
    5.253181     5.843690     5.884870
    5.089853     5.253181     5.843690
    5.415777     5.089853     5.253181
    4.988324     5.415777     5.089853
    5.005317     4.988324     5.415777
    3.512628     5.005317     4.988324
    5.303647     3.512628     5.005317
    4.040229     5.303647     3.512628
    2.768369     4.040229     5.303647
    3.878671     2.768369     4.040229
    3.853101     3.878671     2.768369
    4.597179     3.853101     3.878671
    3.859943     4.597179     3.853101
    4.902745     3.859943     4.597179
    3.679833     4.902745     3.859943
    5.155041     3.679833     4.902745
    4.362905     5.155041     3.679833
    2.678222     4.362905     5.155041
    2.896425     2.678222     4.362905
    0.876547     2.896425     2.678222
    2.449937     0.876547     2.896425
    3.521913     2.449937     0.876547
    1.724003     3.521913     2.449937
    1.803281     1.724003     3.521913
    3.004090     1.803281     1.724003
    1.530195     3.004090     1.803281
    2.326316     1.530195     3.004090
    1.838895     2.326316     1.530195
    1.766849     1.838895     2.326316
    0.943099     1.766849     1.838895
    3.312464     0.943099     1.766849
    3.123921     3.312464     0.943099
    3.568782     3.123921     3.312464
    2.971872     3.568782     3.123921
    2.544486     2.971872     3.568782
    2.692422     2.544486     2.971872
    3.131864     2.692422     2.544486
    3.211216     3.131864     2.692422
    1.668333     3.211216     3.131864
    2.345770     1.668333     3.211216
    3.920108     2.345770     1.668333
    4.355123     3.920108     2.345770
    4.215469     4.355123     3.920108
    6.550879     4.215469     4.355123
    8.215731     6.550879     4.215469
    7.107330     8.215731     6.550879
    6.287390     7.107330     8.215731
    4.376007     6.287390     7.107330
    4.335787     4.376007     6.287390
    4.063209     4.335787     4.376007
    7.189517     4.063209     4.335787
    2.870066     7.189517     4.063209
    1.455913     2.870066     7.189517
    2.907921     1.455913     2.870066
    1.468040     2.907921     1.455913
    2.579513     1.468040     2.907921
    3.342317     2.579513     1.468040
    1.208683     3.342317     2.579513
    1.346172     1.208683     3.342317
    1.307978     1.346172     1.208683
    2.815515     1.307978     1.346172
    0.645229     2.815515     1.307978
    2.088995     0.645229     2.815515
    3.063405     2.088995     0.645229
    2.271207     3.063405     2.088995
    2.319988     2.271207     3.063405
    2.926735     2.319988     2.271207
    2.722585     2.926735     2.319988
    3.961599     2.722585     2.926735
    5.150848     3.961599     2.722585
    4.019979     5.150848     3.961599
    4.042655     4.019979     5.150848
    5.766817     4.042655     4.019979
    5.019641     5.766817     4.042655
    4.273846     5.019641     5.766817
    3.633819     4.273846     5.019641
    3.524785     3.633819     4.273846
    2.839289     3.524785     3.633819
    3.237687     2.839289     3.524785
   -0.119784     3.237687     2.839289
