    3.257190     3.386284     3.877974
    2.272462     3.257190     3.386284
    4.151110     2.272462     3.257190
    3.809031     4.151110     2.272462
    4.165187     3.809031     4.151110
    4.770412     4.165187     3.809031
    1.409011     4.770412     4.165187
    1.918374     1.409011     4.770412
    2.816963     1.918374     1.409011
    0.899745     2.816963     1.918374
    2.363355     0.899745     2.816963
    2.757075     2.363355     0.899745
    2.627916     2.757075     2.363355
    2.592008     2.627916     2.757075
    1.823413     2.592008     2.627916
    1.695098     1.823413     2.592008
    2.382501     1.695098     1.823413
    1.480102     2.382501     1.695098
    2.229968     1.480102     2.382501
    2.341839     2.229968     1.480102
    3.046682     2.341839     2.229968
    1.267567     3.046682     2.341839
    2.668998     1.267567     3.046682
    3.213231     2.668998     1.267567
    3.739076     3.213231     2.668998
    3.277261     3.739076     3.213231
    3.127238     3.277261     3.739076
    3.150547     3.127238     3.277261
    3.163999     3.150547     3.127238
    3.790677     3.163999     3.150547
    4.344079     3.790677     3.163999
    3.476243     4.344079     3.790677
    5.899523     3.476243     4.344079
    5.094401     5.899523     3.476243
    4.353895     5.094401     5.899523
    3.511515     4.353895     5.094401
    3.848564     3.511515     4.353895
    4.293431     3.848564     3.511515
    5.165728     4.293431     3.848564
    2.897683     5.165728     4.293431
    4.399841     2.897683     5.165728
    3.097552     4.399841     2.897683
    4.382939     3.097552     4.399841
    3.202225     4.382939     3.097552
    5.036596     3.202225     4.382939
    3.835661     5.036596     3.202225
    2.912095     3.835661     5.036596
    2.959363     2.912095     3.835661
    3.385804     2.959363     2.912095
    4.611025     3.385804     2.959363
    5.459138     4.611025     3.385804
    2.529822     5.459138     4.611025
    3.176946     2.529822     5.459138
    2.928565     3.176946     2.529822
    4.138767     2.928565     3.176946
    3.097386     4.138767     2.928565
    3.840900     3.097386     4.138767
    3.756678     3.840900     3.097386
    3.836975     3.756678     3.840900
    5.074104     3.836975     3.756678
    4.092731     5.074104     3.836975
    4.196408     4.092731     5.074104
    3.751787     4.196408     4.092731
    2.527049     3.751787     4.196408
    2.198561     2.527049     3.751787
    3.645313     2.198561     2.527049
    1.767017     3.645313     2.198561
    2.924636     1.767017     3.645313
    3.689460     2.924636     1.767017
    4.450002     3.689460     2.924636
    4.472636     4.450002     3.689460
    2.595246     4.472636     4.450002
    2.766809     2.595246     4.472636
    3.633465     2.766809     2.595246
    2.348813     3.633465     2.766809
    3.399300     2.348813     3.633465
    3.299377     3.399300     2.348813
    5.018658     3.299377     3.399300
    4.930354     5.018658     3.299377
    4.162731     4.930354     5.018658
    3.906652     4.162731     4.930354
    4.470953     3.906652     4.162731
    4.405612     4.470953     3.906652
    4.855030     4.405612     4.470953
    4.933164     4.855030     4.405612
    4.764100     4.933164     4.855030
    5.071652     4.764100     4.933164
    4.351021     5.071652     4.764100
    3.692847     4.351021     5.071652
    2.781142     3.692847     4.351021
    2.846544     2.781142     3.692847
    1.986121     2.846544     2.781142
    3.617536     1.986121     2.846544
    4.526756     3.617536     1.986121
    4.693870     4.526756     3.617536
    4.102440     4.693870     4.526756
    3.120348     4.102440     4.693870
    2.667617     3.120348     4.102440
    2.898310     2.667617     3.120348
    2.962115     2.898310     2.667617
    2.323741     2.962115     2.898310
    4.107614     2.323741     2.962115
    5.814495     4.107614     2.323741
    5.161299     5.814495     4.107614
    4.621955     5.161299     5.814495
    7.176156     4.621955     5.161299
    6.079160     7.176156     4.621955
    6.989661     6.079160     7.176156
    4.218417     6.989661     6.079160
    3.609412     4.218417     6.989661
    3.480997     3.609412     4.218417
    4.102180     3.480997     3.609412
    3.433751     4.102180     3.480997
    3.769424     3.433751     4.102180
    1.666905     3.769424     3.433751
    3.488479     1.666905     3.769424
    2.369599     3.488479     1.666905
    1.871715     2.369599     3.488479
    0.045911     1.871715     2.369599
    2.042633     0.045911     1.871715
    2.872035     2.042633     0.045911
    2.050257     2.872035     2.042633
    3.010835     2.050257     2.872035
    2.180286     3.010835     2.050257
    2.304689     2.180286     3.010835
    2.377435     2.304689     2.180286
    1.279483     2.377435     2.304689
    0.443616     1.279483     2.377435
    2.260888     0.443616     1.279483
    0.606090     2.260888     0.443616
    2.168540     0.606090     2.260888
    2.848314     2.168540     0.606090
    2.296012     2.848314     2.168540
    2.236341     2.296012     2.848314
    0.422562     2.236341     2.296012
    0.389273     0.422562     2.236341
   -0.087074     0.389273     0.422562
   -0.058292    -0.087074     0.389273
    2.067009    -0.058292    -0.087074
    1.791685     2.067009    -0.058292
    1.381840     1.791685     2.067009
    1.029395     1.381840     1.791685
    3.276995     1.029395     1.381840
    2.324619     3.276995     1.029395
    2.248638     2.324619     3.276995
    2.870109     2.248638     2.324619
    1.949221     2.870109     2.248638
    2.930685     1.949221     2.870109
    2.137032     2.930685     1.949221
    2.410095     2.137032     2.930685
    3.031360     2.410095     2.137032
    3.434078     3.031360     2.410095
    1.247421     3.434078     3.031360
    2.648105     1.247421     3.434078
    4.039811     2.648105     1.247421
    3.507291     4.039811     2.648105
    2.567785     3.507291     4.039811
    4.279096     2.567785     3.507291
    3.987643     4.279096     2.567785
    4.873771     3.987643     4.279096
    3.652185     4.873771     3.987643
    3.932006     3.652185     4.873771
    3.976263     3.932006     3.652185
    3.769966     3.976263     3.932006
    2.079912     3.769966     3.976263
    2.090680     2.079912     3.769966
    1.190956     2.090680     2.079912
    2.144306     1.190956     2.090680
    2.249397     2.144306     1.190956
    2.783453     2.249397     2.144306
    3.262157     2.783453     2.249397
    4.050452     3.262157     2.783453
    3.436892     4.050452     3.262157
    2.380503     3.436892     4.050452
    1.105209     2.380503     3.436892
    1.023450     1.105209     2.380503
    1.899055     1.023450     1.105209
    3.828218     1.899055     1.023450
    4.731030     3.828218     1.899055
    2.701482     4.731030     3.828218
    2.988774     2.701482     4.731030
    5.026250     2.988774     2.701482
    4.489767     5.026250     2.988774
    2.564647     4.489767     5.026250
    2.717933     2.564647     4.489767
    2.315299     2.717933     2.564647
    2.065130     2.315299     2.717933
    2.760092     2.065130     2.315299
    4.336673     2.760092     2.065130
    4.255141     4.336673     2.760092
    3.098796     4.255141     4.336673
    2.965423     3.098796     4.255141
    1.417667     2.965423     3.098796
    1.408234     1.417667     2.965423
    2.978875     1.408234     1.417667
    1.602740     2.978875     1.408234
    2.089753     1.602740     2.978875
    3.342486     2.089753     1.602740
    1.560702     3.342486     2.089753
    2.607572     1.560702     3.342486
    1.785085     2.607572     1.560702
    1.480279     1.785085     2.607572
    2.028087     1.480279     1.785085
    0.741777     2.028087     1.480279
    2.465116     0.741777     2.028087
    1.724646     2.465116     0.741777
    2.329258     1.724646     2.465116
    2.773839     2.329258     1.724646
    3.577527     2.773839     2.329258
    3.097113     3.577527     2.773839
    3.885024     3.097113     3.577527
    4.281963     3.885024     3.097113
    4.448403     4.281963     3.885024
    3.593335     4.448403     4.281963
    3.858017     3.593335     4.448403
    5.002433     3.858017     3.593335
    2.910941     5.002433     3.858017
    3.510853     2.910941     5.002433
    4.363819     3.510853     2.910941
    3.898949     4.363819     3.510853
    3.216598     3.898949     4.363819
    4.351451     3.216598     3.898949
    2.090188     4.351451     3.216598
    2.591893     2.090188     4.351451
    4.392739     2.591893     2.090188
    5.824157     4.392739     2.591893
    5.265735     5.824157     4.392739
    5.247877     5.265735     5.824157
    4.399258     5.247877     5.265735
    4.385217     4.399258     5.247877
    3.981324     4.385217     4.399258
    2.850741     3.981324     4.385217
    3.558023     2.850741     3.981324
    1.853803     3.558023     2.850741
    2.823310     1.853803     3.558023
    1.847691     2.823310     1.853803
    1.772594     1.847691     2.823310
    0.508046     1.772594     1.847691
    1.959633     0.508046     1.772594
    4.135975     1.959633     0.508046
    2.890206     4.135975     1.959633
    2.859559     2.890206     4.135975
    4.076129     2.859559     2.890206
    4.191307     4.076129     2.859559
    3.031758     4.191307     4.076129
    5.734326     3.031758     4.191307
    3.278777     5.734326     3.031758
    3.318676     3.278777     5.734326
    1.706188     3.318676     3.278777
    4.311209     1.706188     3.318676
    3.532191     4.311209     1.706188
    2.653557     3.532191     4.311209
    3.957021     2.653557     3.532191
    2.433989     3.957021     2.653557
    2.786234     2.433989     3.957021
    1.318281     2.786234     2.433989
    3.736574     1.318281     2.786234
    3.590519     3.736574     1.318281
    3.524043     3.590519     3.736574
    3.157618     3.524043     3.590519
    3.292283     3.157618     3.524043
    3.144473     3.292283     3.157618
    2.982547     3.144473     3.292283
    3.821564     2.982547     3.144473
    4.351305     3.821564     2.982547
    4.816358     4.351305     3.821564
    3.041134     4.816358     4.351305
    3.547084     3.041134     4.816358
    2.027242     3.547084     3.041134
    1.529140     2.027242     3.547084
    2.781338     1.529140     2.027242
    2.611656     2.781338     1.529140
    3.365055     2.611656     2.781338
    2.408826     3.365055     2.611656
    1.663331     2.408826     3.365055
    1.586705     1.663331     2.408826
    3.183316     1.586705     1.663331
    2.209954     3.183316     1.586705
    4.535512     2.209954     3.183316
    3.016871     4.535512     2.209954
    4.953876     3.016871     4.535512
    4.254032     4.953876     3.016871
    3.992060     4.254032     4.953876
    3.082831     3.992060     4.254032
    3.861118     3.082831     3.992060
    4.407181     3.861118     3.082831
    4.471389     4.407181     3.861118
    3.377107     4.471389     4.407181
    4.154018     3.377107     4.471389
    3.658323     4.154018     3.377107
    2.305972     3.658323     4.154018
    3.870435     2.305972     3.658323
    3.184486     3.870435     2.305972
    2.177766     3.184486     3.870435
    1.659930     2.177766     3.184486
    1.866184     1.659930     2.177766
    2.617919     1.866184     1.659930
    1.882543     2.617919     1.866184
    2.241946     1.882543     2.617919
    2.907203     2.241946     1.882543
    3.161693     2.907203     2.241946
    1.154621     3.161693     2.907203
    2.297108     1.154621     3.161693
    1.960046     2.297108     1.154621
   -0.046932     1.960046     2.297108
    1.851589    -0.046932     1.960046
    3.053541     1.851589    -0.046932
    3.866979     3.053541     1.851589
    2.229638     3.866979     3.053541
    3.333683     2.229638     3.866979
    2.807901     3.333683     2.229638
    2.411595     2.807901     3.333683
    2.636090     2.411595     2.807901
    3.152501     2.636090     2.411595
    2.922113     3.152501     2.636090
    2.810533     2.922113     3.152501
    1.826578     2.810533     2.922113
    1.987153     1.826578     2.810533
    3.278343     1.987153     1.826578
    1.980614     3.278343     1.987153
    0.431112     1.980614     3.278343
    1.030723     0.431112     1.980614
    0.444625     1.030723     0.431112
    0.273431     0.444625     1.030723
    2.455056     0.273431     0.444625
    2.152697     2.455056     0.273431
    2.329850     2.152697     2.455056
    4.035863     2.329850     2.152697
    3.897194     4.035863     2.329850
    3.601101     3.897194     4.035863
    3.837917     3.601101     3.897194
    3.764100     3.837917     3.601101
    2.928111     3.764100     3.837917
    2.898371     2.928111     3.764100
    2.680304     2.898371     2.928111
    2.399568     2.680304     2.898371
    1.793189     2.399568     2.680304
    3.979545     1.793189     2.399568
    4.844700     3.979545     1.793189
    5.887386     4.844700     3.979545
    4.803540     5.887386     4.844700
    3.960048     4.803540     5.887386
    3.166265     3.960048     4.803540
    3.138163     3.166265     3.960048
    6.158091     3.138163     3.166265
    5.916561     6.158091     3.138163
    5.121745     5.916561     6.158091
    5.667905     5.121745     5.916561
    5.422024     5.667905     5.121745
    6.803909     5.422024     5.667905
    4.865558     6.803909     5.422024
    6.180572     4.865558     6.803909
    5.246733     6.180572     4.865558
    6.149338     5.246733     6.180572
    5.469823     6.149338     5.246733
    5.522075     5.469823     6.149338
    2.849764     5.522075     5.469823
    3.906754     2.849764     5.522075
    3.449608     3.906754     2.849764
    4.679594     3.449608     3.906754
    5.031087     4.679594     3.449608
    6.447974     5.031087     4.679594
    5.230846     6.447974     5.031087
    5.183960     5.230846     6.447974
    2.602510     5.183960     5.230846
    4.802956     2.602510     5.183960
    3.522296     4.802956     2.602510
    3.130748     3.522296     4.802956
    4.448300     3.130748     3.522296
    4.270806     4.448300     3.130748
    3.468001     4.270806     4.448300
    2.623223     3.468001     4.270806
    4.134581     2.623223     3.468001
    1.758123     4.134581     2.623223
    2.349835     1.758123     4.134581
    3.242816     2.349835     1.758123
    2.895242     3.242816     2.349835
    3.737409     2.895242     3.242816
    3.162921     3.737409     2.895242
    1.966045     3.162921     3.737409
    1.896478     1.966045     3.162921
    0.859994     1.896478     1.966045
    1.422842     0.859994     1.896478
    1.178334     1.422842     0.859994
    2.288537     1.178334     1.422842
    0.962034     2.288537     1.178334
    2.280406     0.962034     2.288537
    0.387707     2.280406     0.962034
    2.104636     0.387707     2.280406
    1.459471     2.104636     0.387707
    2.732748     1.459471     2.104636
    2.912378     2.732748     1.459471
    2.905271     2.912378     2.732748
    2.245914     2.905271     2.912378
    1.794645     2.245914     2.905271
    2.986694     1.794645     2.245914
    1.671068     2.986694     1.794645
    1.978149     1.671068     2.986694
    2.445408     1.978149     1.671068
    3.725719     2.445408     1.978149
    2.182234     3.725719     2.445408
    2.424450     2.182234     3.725719
    3.299035     2.424450     2.182234
    4.117399     3.299035     2.424450
    3.264747     4.117399     3.299035
    4.864090     3.264747     4.117399
    3.488513     4.864090     3.264747
    4.014002     3.488513     4.864090
    4.228107     4.014002     3.488513
    3.894599     4.228107     4.014002
    4.319445     3.894599     4.228107
    4.092691     4.319445     3.894599
    4.194866     4.092691     4.319445
    5.061185     4.194866     4.092691
    4.111370     5.061185     4.194866
    3.054311     4.111370     5.061185
    3.559643     3.054311     4.111370
    5.422673     3.559643     3.054311
    2.970163     5.422673     3.559643
    3.237440     2.970163     5.422673
    3.040589     3.237440     2.970163
    3.797076     3.040589     3.237440
    3.488633     3.797076     3.040589
    1.704937     3.488633     3.797076
    2.957344     1.704937     3.488633
    3.454471     2.957344     1.704937
    2.149105     3.454471     2.957344
    1.210884     2.149105     3.454471
    3.457206     1.210884     2.149105
    3.707847     3.457206     1.210884
    1.318435     3.707847     3.457206
    2.829739     1.318435     3.707847
    2.650404     2.829739     1.318435
    1.806300     2.650404     2.829739
    3.728508     1.806300     2.650404
    4.192781     3.728508     1.806300
    3.702259     4.192781     3.728508
    2.433007     3.702259     4.192781
    2.384681     2.433007     3.702259
    2.581278     2.384681     2.433007
    1.997380     2.581278     2.384681
    3.974519     1.997380     2.581278
    4.171455     3.974519     1.997380
    3.935203     4.171455     3.974519
    5.028367     3.935203     4.171455
    4.023171     5.028367     3.935203
    2.859347     4.023171     5.028367
    5.869112     2.859347     4.023171
    5.163543     5.869112     2.859347
    4.514699     5.163543     5.869112
    4.403417     4.514699     5.163543
    3.110750     4.403417     4.514699
    3.142653     3.110750     4.403417
    2.883218     3.142653     3.110750
    2.376480     2.883218     3.142653
    5.129344     2.376480     2.883218
    2.292327     5.129344     2.376480
    3.620431     2.292327     5.129344
    2.459054     3.620431     2.292327
    2.165426     2.459054     3.620431
    0.444231     2.165426     2.459054
   -0.373723     0.444231     2.165426
    1.946956    -0.373723     0.444231
    1.322736     1.946956    -0.373723
    2.194263     1.322736     1.946956
    2.929151     2.194263     1.322736
    2.744882     2.929151     2.194263
    2.617352     2.744882     2.929151
    2.098600     2.617352     2.744882
    1.873327     2.098600     2.617352
    1.399172     1.873327     2.098600
    3.330633     1.399172     1.873327
    1.375456     3.330633     1.399172
    5.130650     1.375456     3.330633
    2.748274     5.130650     1.375456
    4.851636     2.748274     5.130650
    4.434526     4.851636     2.748274
    4.200011     4.434526     4.851636
    4.869491     4.200011     4.434526
    2.365220     4.869491     4.200011
    3.291701     2.365220     4.869491
    5.346421     3.291701     2.365220
    4.162993     5.346421     3.291701
    3.673305     4.162993     5.346421
    1.985036     3.673305     4.162993
    2.167266     1.985036     3.673305
    1.727734     2.167266     1.985036
    1.943031     1.727734     2.167266
    3.047290     1.943031     1.727734
    2.259698     3.047290     1.943031
    3.088647     2.259698     3.047290
    4.493085     3.088647     2.259698
    4.051308     4.493085     3.088647
    3.386437     4.051308     4.493085
    3.923170     3.386437     4.051308
    3.745538     3.923170     3.386437
    1.849173     3.745538     3.923170
    1.643657     1.849173     3.745538
    3.186811     1.643657     1.849173
    1.398800     3.186811     1.643657
