    4.518402     5.187771     3.033945
    3.541157     4.518402     5.187771
    3.414724     3.541157     4.518402
    3.615711     3.414724     3.541157
    2.758045     3.615711     3.414724
    5.259356     2.758045     3.615711
    4.286069     5.259356     2.758045
    5.409277     4.286069     5.259356
    5.039691     5.409277     4.286069
    6.032097     5.039691     5.409277
    5.919299     6.032097     5.039691
    5.020466     5.919299     6.032097
    4.098513     5.020466     5.919299
    4.392819     4.098513     5.020466
    3.887420     4.392819     4.098513
    5.193424     3.887420     4.392819
    6.383087     5.193424     3.887420
    5.994080     6.383087     5.193424
    6.385464     5.994080     6.383087
    6.720927     6.385464     5.994080
    3.581575     6.720927     6.385464
    3.929264     3.581575     6.720927
    3.709529     3.929264     3.581575
    4.174108     3.709529     3.929264
    2.981732     4.174108     3.709529
    4.302457     2.981732     4.174108
    3.083866     4.302457     2.981732
    2.203973     3.083866     4.302457
    2.944075     2.203973     3.083866
    2.885082     2.944075     2.203973
    4.574763     2.885082     2.944075
    4.041800     4.574763     2.885082
    3.028350     4.041800     4.574763
    4.062514     3.028350     4.041800
    4.164465     4.062514     3.028350
    5.144425     4.164465     4.062514
    4.816138     5.144425     4.164465
    3.524671     4.816138     5.144425
    4.289434     3.524671     4.816138
    3.756381     4.289434     3.524671
    0.397745     3.756381     4.289434
    1.829094     0.397745     3.756381
    2.016896     1.829094     0.397745
    4.529911     2.016896     1.829094
    4.527865     4.529911     2.016896
    2.568841     4.527865     4.529911
    2.024542     2.568841     4.527865
    2.452996     2.024542     2.568841
    2.683251     2.452996     2.024542
    3.990365     2.683251     2.452996
    4.005397     3.990365     2.683251
    2.912368     4.005397     3.990365
    0.503397     2.912368     4.005397
    3.835653     0.503397     2.912368
    3.478798     3.835653     0.503397
    3.355900     3.478798     3.835653
    2.658834     3.355900     3.478798
    3.384263     2.658834     3.355900
    1.808275     3.384263     2.658834
    2.332582     1.808275     3.384263
    2.186487     2.332582     1.808275
    0.983745     2.186487     2.332582
    4.095978     0.983745     2.186487
    1.417260     4.095978     0.983745
    2.185026     1.417260     4.095978
    3.894711     2.185026     1.417260
    2.611212     3.894711     2.185026
    0.331252     2.611212     3.894711
    2.981303     0.331252     2.611212
    2.381472     2.981303     0.331252
    3.254657     2.381472     2.981303
    4.410216     3.254657     2.381472
    3.989272     4.410216     3.254657
    4.340372     3.989272     4.410216
    5.710798     4.340372     3.989272
    5.278359     5.710798     4.340372
    5.116277     5.278359     5.710798
    5.512895     5.116277     5.278359
    5.342727     5.512895     5.116277
    5.746021     5.342727     5.512895
    3.724129     5.746021     5.342727
    4.790384     3.724129     5.746021
    3.569559     4.790384     3.724129
    3.640985     3.569559     4.790384
    5.727094     3.640985     3.569559
    3.519614     5.727094     3.640985
    3.308059     3.519614     5.727094
    3.729786     3.308059     3.519614
    4.424223     3.729786     3.308059
    1.596945     4.424223     3.729786
    2.704528     1.596945     4.424223
    0.690248     2.704528     1.596945
    0.176968     0.690248     2.704528
    1.043105     0.176968     0.690248
    0.567824     1.043105     0.176968
    2.944566     0.567824     1.043105
    3.461394     2.944566     0.567824
    4.039519     3.461394     2.944566
    3.287603     4.039519     3.461394
    2.714336     3.287603     4.039519
    2.893138     2.714336     3.287603
    1.680556     2.893138     2.714336
    1.659787     1.680556     2.893138
    2.490111     1.659787     1.680556
    2.506620     2.490111     1.659787
    1.834259     2.506620     2.490111
    1.937915     1.834259     2.506620
    0.757546     1.937915     1.834259
    1.547860     0.757546     1.937915
    1.879544     1.547860     0.757546
    2.694586     1.879544     1.547860
    3.436712     2.694586     1.879544
    2.452037     3.436712     2.694586
    2.468167     2.452037     3.436712
    2.239000     2.468167     2.452037
    4.086926     2.239000     2.468167
    3.665194     4.086926     2.239000
    3.255674     3.665194     4.086926
    4.149931     3.255674     3.665194
    5.036744     4.149931     3.255674
    3.405701     5.036744     4.149931
    4.618528     3.405701     5.036744
    2.511899     4.618528     3.405701
    3.115210     2.511899     4.618528
    2.769459     3.115210     2.511899
    1.777341     2.769459     3.115210
    1.280862     1.777341     2.769459
    1.880274     1.280862     1.777341
    2.146473     1.880274     1.280862
    4.217202     2.146473     1.880274
    4.307606     4.217202     2.146473
    5.475021     4.307606     4.217202
    5.740716     5.475021     4.307606
    5.264293     5.740716     5.475021
    4.872983     5.264293     5.740716
    5.990166     4.872983     5.264293
    3.992938     5.990166     4.872983
    4.423610     3.992938     5.990166
    3.920682     4.423610     3.992938
    5.988618     3.920682     4.423610
    5.213100     5.988618     3.920682
    5.780464     5.213100     5.988618
    3.978172     5.780464     5.213100
    2.603619     3.978172     5.780464
    3.566024     2.603619     3.978172
    2.011248     3.566024     2.603619
    3.482436     2.011248     3.566024
    2.624168     3.482436     2.011248
    3.443474     2.624168     3.482436
    2.659522     3.443474     2.624168
    4.135091     2.659522     3.443474
    3.803151     4.135091     2.659522
    4.250064     3.803151     4.135091
    5.626155     4.250064     3.803151
    5.096049     5.626155     4.250064
    4.888918     5.096049     5.626155
    6.271538     4.888918     5.096049
    4.575506     6.271538     4.888918
    4.145081     4.575506     6.271538
    4.232084     4.145081     4.575506
    2.744938     4.232084     4.145081
    2.968133     2.744938     4.232084
    1.690143     2.968133     2.744938
    1.271827     1.690143     2.968133
    2.005768     1.271827     1.690143
    4.294441     2.005768     1.271827
    4.374745     4.294441     2.005768
    3.425873     4.374745     4.294441
    4.071534     3.425873     4.374745
    2.364079     4.071534     3.425873
    2.650816     2.364079     4.071534
    3.046262     2.650816     2.364079
    3.131436     3.046262     2.650816
    3.612908     3.131436     3.046262
    2.479784     3.612908     3.131436
    2.875602     2.479784     3.612908
    1.133393     2.875602     2.479784
    2.816704     1.133393     2.875602
    2.209573     2.816704     1.133393
    3.282125     2.209573     2.816704
    3.323449     3.282125     2.209573
    3.636939     3.323449     3.282125
    5.224714     3.636939     3.323449
    3.338341     5.224714     3.636939
    2.869377     3.338341     5.224714
    3.915582     2.869377     3.338341
    3.959396     3.915582     2.869377
    3.964642     3.959396     3.915582
    5.268538     3.964642     3.959396
    3.865805     5.268538     3.964642
    4.322042     3.865805     5.268538
    5.459246     4.322042     3.865805
    2.017616     5.459246     4.322042
    1.162751     2.017616     5.459246
    1.840928     1.162751     2.017616
    2.707849     1.840928     1.162751
    2.536932     2.707849     1.840928
    2.664949     2.536932     2.707849
    2.629081     2.664949     2.536932
    1.499174     2.629081     2.664949
    2.165569     1.499174     2.629081
    3.527799     2.165569     1.499174
    3.126901     3.527799     2.165569
    4.182896     3.126901     3.527799
    3.667735     4.182896     3.126901
    2.831240     3.667735     4.182896
    3.234094     2.831240     3.667735
    2.963376     3.234094     2.831240
    3.191914     2.963376     3.234094
    3.658519     3.191914     2.963376
    3.057710     3.658519     3.191914
    2.386183     3.057710     3.658519
    1.597231     2.386183     3.057710
    3.209283     1.597231     2.386183
    2.128520     3.209283     1.597231
    4.273481     2.128520     3.209283
    4.173954     4.273481     2.128520
    4.717981     4.173954     4.273481
    5.707690     4.717981     4.173954
    2.955450     5.707690     4.717981
    1.632381     2.955450     5.707690
    1.945102     1.632381     2.955450
    3.272625     1.945102     1.632381
    1.467056     3.272625     1.945102
    0.417074     1.467056     3.272625
    1.478727     0.417074     1.467056
    2.012516     1.478727     0.417074
    2.171688     2.012516     1.478727
    3.768717     2.171688     2.012516
    3.024001     3.768717     2.171688
    5.009827     3.024001     3.768717
    2.614038     5.009827     3.024001
    2.017857     2.614038     5.009827
    2.250563     2.017857     2.614038
    1.014091     2.250563     2.017857
    0.979872     1.014091     2.250563
    0.591125     0.979872     1.014091
    0.329752     0.591125     0.979872
    0.538784     0.329752     0.591125
    3.019819     0.538784     0.329752
    1.982120     3.019819     0.538784
    0.134640     1.982120     3.019819
    2.723166     0.134640     1.982120
    1.776760     2.723166     0.134640
    2.636821     1.776760     2.723166
    2.775292     2.636821     1.776760
    2.792501     2.775292     2.636821
    3.227008     2.792501     2.775292
    2.123748     3.227008     2.792501
    3.017748     2.123748     3.227008
    2.491050     3.017748     2.123748
    2.250819     2.491050     3.017748
    2.381678     2.250819     2.491050
    1.874551     2.381678     2.250819
    1.782406     1.874551     2.381678
    3.042300     1.782406     1.874551
    2.023134     3.042300     1.782406
    1.191427     2.023134     3.042300
    2.418834     1.191427     2.023134
    3.262427     2.418834     1.191427
    3.621940     3.262427     2.418834
    2.490174     3.621940     3.262427
    1.433332     2.490174     3.621940
    2.391028     1.433332     2.490174
    1.887312     2.391028     1.433332
    2.048371     1.887312     2.391028
    2.381891     2.048371     1.887312
    2.939117     2.381891     2.048371
    1.671795     2.939117     2.381891
    3.101344     1.671795     2.939117
    0.373927     3.101344     1.671795
    2.358262     0.373927     3.101344
    3.274173     2.358262     0.373927
    4.575035     3.274173     2.358262
    3.372744     4.575035     3.274173
    4.667295     3.372744     4.575035
    3.938557     4.667295     3.372744
    3.618593     3.938557     4.667295
    2.035924     3.618593     3.938557
    3.170854     2.035924     3.618593
    3.592969     3.170854     2.035924
    3.923960     3.592969     3.170854
    3.355350     3.923960     3.592969
    4.213058     3.355350     3.923960
    3.832510     4.213058     3.355350
    3.882097     3.832510     4.213058
    6.525732     3.882097     3.832510
    3.551462     6.525732     3.882097
    3.885558     3.551462     6.525732
    3.982478     3.885558     3.551462
    6.523851     3.982478     3.885558
    6.895574     6.523851     3.982478
    4.666970     6.895574     6.523851
    3.808333     4.666970     6.895574
    3.891357     3.808333     4.666970
    4.415980     3.891357     3.808333
    4.543061     4.415980     3.891357
    5.107087     4.543061     4.415980
    4.040675     5.107087     4.543061
    4.496508     4.040675     5.107087
    3.770621     4.496508     4.040675
    3.323413     3.770621     4.496508
    4.899620     3.323413     3.770621
    4.624276     4.899620     3.323413
    4.208317     4.624276     4.899620
    3.192255     4.208317     4.624276
    0.967810     3.192255     4.208317
    4.024099     0.967810     3.192255
    2.462625     4.024099     0.967810
    2.542105     2.462625     4.024099
    1.232128     2.542105     2.462625
    0.654244     1.232128     2.542105
    1.056965     0.654244     1.232128
    1.316074     1.056965     0.654244
    2.414855     1.316074     1.056965
    2.468100     2.414855     1.316074
    2.622692     2.468100     2.414855
    2.369713     2.622692     2.468100
    2.341319     2.369713     2.622692
    2.778088     2.341319     2.369713
    1.915506     2.778088     2.341319
    4.667699     1.915506     2.778088
    2.789691     4.667699     1.915506
    4.414307     2.789691     4.667699
    5.484143     4.414307     2.789691
    3.399642     5.484143     4.414307
    4.979256     3.399642     5.484143
    3.634501     4.979256     3.399642
    3.534283     3.634501     4.979256
    3.650469     3.534283     3.634501
    2.915093     3.650469     3.534283
    2.632566     2.915093     3.650469
    2.641652     2.632566     2.915093
    3.699401     2.641652     2.632566
    0.058349     3.699401     2.641652
    2.325080     0.058349     3.699401
    2.035266     2.325080     0.058349
    3.551641     2.035266     2.325080
    2.855141     3.551641     2.035266
    0.744391     2.855141     3.551641
    2.424241     0.744391     2.855141
    3.166964     2.424241     0.744391
    3.012526     3.166964     2.424241
    3.681458     3.012526     3.166964
    4.226007     3.681458     3.012526
    3.193564     4.226007     3.681458
    4.027700     3.193564     4.226007
    3.578935     4.027700     3.193564
    1.669237     3.578935     4.027700
    2.311333     1.669237     3.578935
    2.105209     2.311333     1.669237
    2.885639     2.105209     2.311333
    2.565164     2.885639     2.105209
    2.340673     2.565164     2.885639
    1.324722     2.340673     2.565164
    1.031725     1.324722     2.340673
    0.181602     1.031725     1.324722
    1.628017     0.181602     1.031725
    1.275525     1.628017     0.181602
    2.137192     1.275525     1.628017
    2.242534     2.137192     1.275525
    2.466845     2.242534     2.137192
    1.972372     2.466845     2.242534
    1.118402     1.972372     2.466845
    2.511385     1.118402     1.972372
    3.448042     2.511385     1.118402
    3.328856     3.448042     2.511385
    4.163140     3.328856     3.448042
    4.293346     4.163140     3.328856
    3.586795     4.293346     4.163140
    4.729487     3.586795     4.293346
    2.514380     4.729487     3.586795
    3.014585     2.514380     4.729487
    4.613195     3.014585     2.514380
    4.000371     4.613195     3.014585
    2.577705     4.000371     4.613195
    2.501988     2.577705     4.000371
    4.885385     2.501988     2.577705
    4.193696     4.885385     2.501988
    4.161220     4.193696     4.885385
    5.651630     4.161220     4.193696
    4.662970     5.651630     4.161220
    3.453627     4.662970     5.651630
    4.258510     3.453627     4.662970
    2.308037     4.258510     3.453627
    1.915933     2.308037     4.258510
    1.943591     1.915933     2.308037
    0.757479     1.943591     1.915933
    1.509234     0.757479     1.943591
    1.595492     1.509234     0.757479
    2.134094     1.595492     1.509234
    3.634226     2.134094     1.595492
    3.559322     3.634226     2.134094
    4.388851     3.559322     3.634226
    4.286656     4.388851     3.559322
    4.013136     4.286656     4.388851
    0.716083     4.013136     4.286656
    2.067217     0.716083     4.013136
    1.048008     2.067217     0.716083
    1.696172     1.048008     2.067217
    2.326161     1.696172     1.048008
    2.909027     2.326161     1.696172
    3.519915     2.909027     2.326161
    4.073486     3.519915     2.909027
    3.195808     4.073486     3.519915
    4.776880     3.195808     4.073486
    6.095522     4.776880     3.195808
    4.840411     6.095522     4.776880
    5.014530     4.840411     6.095522
    3.615186     5.014530     4.840411
    2.567747     3.615186     5.014530
    2.094261     2.567747     3.615186
    2.486299     2.094261     2.567747
    0.965961     2.486299     2.094261
    1.914710     0.965961     2.486299
    2.967488     1.914710     0.965961
    2.604194     2.967488     1.914710
    2.318936     2.604194     2.967488
    3.100382     2.318936     2.604194
    2.061903     3.100382     2.318936
    2.753712     2.061903     3.100382
    3.175367     2.753712     2.061903
    2.748466     3.175367     2.753712
    2.985498     2.748466     3.175367
    2.184836     2.985498     2.748466
    1.957287     2.184836     2.985498
    3.148232     1.957287     2.184836
    2.686796     3.148232     1.957287
    2.935788     2.686796     3.148232
    3.200040     2.935788     2.686796
    3.848836     3.200040     2.935788
    3.421839     3.848836     3.200040
    3.672430     3.421839     3.848836
    2.249963     3.672430     3.421839
    2.409502     2.249963     3.672430
    1.146513     2.409502     2.249963
    2.393292     1.146513     2.409502
    2.594154     2.393292     1.146513
   -0.777270     2.594154     2.393292
    1.076322    -0.777270     2.594154
    0.621566     1.076322    -0.777270
    2.084540     0.621566     1.076322
    3.682615     2.084540     0.621566
    4.000398     3.682615     2.084540
    3.185316     4.000398     3.682615
    2.691270     3.185316     4.000398
    2.721459     2.691270     3.185316
    2.735201     2.721459     2.691270
    3.438167     2.735201     2.721459
    3.464219     3.438167     2.735201
    4.110559     3.464219     3.438167
    1.747747     4.110559     3.464219
    2.698731     1.747747     4.110559
    2.681783     2.698731     1.747747
    2.796713     2.681783     2.698731
    2.243869     2.796713     2.681783
    2.476639     2.243869     2.796713
    0.944495     2.476639     2.243869
    2.053250     0.944495     2.476639
    2.788450     2.053250     0.944495
    3.203823     2.788450     2.053250
    1.425863     3.203823     2.788450
    3.533532     1.425863     3.203823
    1.222961     3.533532     1.425863
    1.617040     1.222961     3.533532
    1.670740     1.617040     1.222961
    1.362014     1.670740     1.617040
    0.347511     1.362014     1.670740
    1.949041     0.347511     1.362014
    1.970121     1.949041     0.347511
    2.296888     1.970121     1.949041
    3.179497     2.296888     1.970121
    2.377116     3.179497     2.296888
    4.131625     2.377116     3.179497
    2.858439     4.131625     2.377116
    4.066008     2.858439     4.131625
    3.504574     4.066008     2.858439
    4.450551     3.504574     4.066008
    3.050125     4.450551     3.504574
    4.163231     3.050125     4.450551
    3.231816     4.163231     3.050125
    4.976658     3.231816     4.163231
    4.476663     4.976658     3.231816
    3.777157     4.476663     4.976658
    4.129119     3.777157     4.476663
    3.593209     4.129119     3.777157
    2.969960     3.593209     4.129119
    2.827644     2.969960     3.593209
    1.702023     2.827644     2.969960
    1.897529     1.702023     2.827644
    3.021761     1.897529     1.702023
    3.711570     3.021761     1.897529
    4.378290     3.711570     3.021761
    3.873801     4.378290     3.711570
    5.423683     3.873801     4.378290
    1.623499     5.423683     3.873801
    2.250493     1.623499     5.423683
    4.928150     2.250493     1.623499
    3.402483     4.928150     2.250493
    2.728504     3.402483     4.928150
