    3.263335     2.808292     3.154528
    2.547364     3.263335     2.808292
    2.183155     2.547364     3.263335
    2.823126     2.183155     2.547364
    4.101928     2.823126     2.183155
    2.480482     4.101928     2.823126
    1.596429     2.480482     4.101928
    0.920056     1.596429     2.480482
    1.153222     0.920056     1.596429
    1.338651     1.153222     0.920056
    4.126686     1.338651     1.153222
    4.906859     4.126686     1.338651
    3.754492     4.906859     4.126686
    5.316820     3.754492     4.906859
    5.043047     5.316820     3.754492
    3.314566     5.043047     5.316820
    2.391895     3.314566     5.043047
    2.348772     2.391895     3.314566
    3.119822     2.348772     2.391895
    3.159162     3.119822     2.348772
    2.732799     3.159162     3.119822
    2.029984     2.732799     3.159162
    2.197783     2.029984     2.732799
    3.982501     2.197783     2.029984
    4.625904     3.982501     2.197783
    6.284576     4.625904     3.982501
    4.177301     6.284576     4.625904
    5.269448     4.177301     6.284576
    4.860444     5.269448     4.177301
    5.518407     4.860444     5.269448
    5.227996     5.518407     4.860444
    5.270879     5.227996     5.518407
    5.575899     5.270879     5.227996
    5.109573     5.575899     5.270879
    4.364279     5.109573     5.575899
    6.162498     4.364279     5.109573
    4.951575     6.162498     4.364279
    4.967546     4.951575     6.162498
    6.497495     4.967546     4.951575
    4.200311     6.497495     4.967546
    2.629025     4.200311     6.497495
    2.913775     2.629025     4.200311
    2.493418     2.913775     2.629025
    3.225343     2.493418     2.913775
    3.472874     3.225343     2.493418
    4.403339     3.472874     3.225343
    4.440699     4.403339     3.472874
    3.617784     4.440699     4.403339
    4.502674     3.617784     4.440699
    3.848567     4.502674     3.617784
    5.677139     3.848567     4.502674
    4.900681     5.677139     3.848567
    6.020052     4.900681     5.677139
    4.264115     6.020052     4.900681
    3.970242     4.264115     6.020052
    3.060478     3.970242     4.264115
    0.993740     3.060478     3.970242
    2.208568     0.993740     3.060478
    1.615182     2.208568     0.993740
    2.769184     1.615182     2.208568
    2.135358     2.769184     1.615182
    2.784737     2.135358     2.769184
    2.727417     2.784737     2.135358
    1.971627     2.727417     2.784737
    2.728335     1.971627     2.727417
    3.790068     2.728335     1.971627
    2.401353     3.790068     2.728335
    3.004759     2.401353     3.790068
    3.398286     3.004759     2.401353
    4.280942     3.398286     3.004759
    3.429833     4.280942     3.398286
    4.166002     3.429833     4.280942
    5.229685     4.166002     3.429833
    3.046392     5.229685     4.166002
    3.929278     3.046392     5.229685
    3.915660     3.929278     3.046392
    4.073663     3.915660     3.929278
    3.899890     4.073663     3.915660
    2.455072     3.899890     4.073663
    3.368659     2.455072     3.899890
    3.749300     3.368659     2.455072
    2.735859     3.749300     3.368659
    1.820491     2.735859     3.749300
    2.652473     1.820491     2.735859
    2.171157     2.652473     1.820491
    1.097826     2.171157     2.652473
    2.832598     1.097826     2.171157
    3.572883     2.832598     1.097826
    3.244118     3.572883     2.832598
    3.245284     3.244118     3.572883
    4.927064     3.245284     3.244118
    3.442818     4.927064     3.245284
    2.663293     3.442818     4.927064
    3.696254     2.663293     3.442818
    4.938394     3.696254     2.663293
    3.553716     4.938394     3.696254
    3.393826     3.553716     4.938394
    4.452903     3.393826     3.553716
    2.235704     4.452903     3.393826
    2.200387     2.235704     4.452903
    0.749833     2.200387     2.235704
    1.054952     0.749833     2.200387
    1.994379     1.054952     0.749833
    2.822475     1.994379     1.054952
    2.320173     2.822475     1.994379
    2.554165     2.320173     2.822475
    3.482610     2.554165     2.320173
    3.768968     3.482610     2.554165
    2.746026     3.768968     3.482610
    3.972664     2.746026     3.768968
    3.484812     3.972664     2.746026
    2.434544     3.484812     3.972664
    2.733203     2.434544     3.484812
    3.112692     2.733203     2.434544
    2.551780     3.112692     2.733203
    4.104373     2.551780     3.112692
    4.659630     4.104373     2.551780
    5.899523     4.659630     4.104373
    6.963097     5.899523     4.659630
    5.222049     6.963097     5.899523
    6.759427     5.222049     6.963097
    6.635970     6.759427     5.222049
    6.252862     6.635970     6.759427
    4.789278     6.252862     6.635970
    5.257265     4.789278     6.252862
    4.498844     5.257265     4.789278
    5.234732     4.498844     5.257265
    3.925952     5.234732     4.498844
    3.433918     3.925952     5.234732
    4.743243     3.433918     3.925952
    2.786364     4.743243     3.433918
    1.657215     2.786364     4.743243
    0.981200     1.657215     2.786364
    4.415327     0.981200     1.657215
    0.839372     4.415327     0.981200
    2.958742     0.839372     4.415327
    1.945526     2.958742     0.839372
    2.631172     1.945526     2.958742
    2.621197     2.631172     1.945526
    3.004501     2.621197     2.631172
    3.883675     3.004501     2.621197
    3.934431     3.883675     3.004501
    5.225060     3.934431     3.883675
    5.303929     5.225060     3.934431
    4.501608     5.303929     5.225060
    4.557201     4.501608     5.303929
    3.164198     4.557201     4.501608
    2.207752     3.164198     4.557201
    3.081073     2.207752     3.164198
    3.561354     3.081073     2.207752
    3.955830     3.561354     3.081073
    3.156595     3.955830     3.561354
    1.905957     3.156595     3.955830
    2.026914     1.905957     3.156595
    2.978221     2.026914     1.905957
    5.130149     2.978221     2.026914
    4.098608     5.130149     2.978221
    3.076135     4.098608     5.130149
    2.585176     3.076135     4.098608
    1.020609     2.585176     3.076135
    3.101697     1.020609     2.585176
    2.638701     3.101697     1.020609
    3.549033     2.638701     3.101697
    4.581063     3.549033     2.638701
    3.864993     4.581063     3.549033
    5.232104     3.864993     4.581063
    3.050988     5.232104     3.864993
    3.788676     3.050988     5.232104
    4.956246     3.788676     3.050988
    5.020885     4.956246     3.788676
    3.721540     5.020885     4.956246
    4.913621     3.721540     5.020885
    5.112235     4.913621     3.721540
    5.035962     5.112235     4.913621
    4.612033     5.035962     5.112235
    4.916994     4.612033     5.035962
    4.903764     4.916994     4.612033
    5.036547     4.903764     4.916994
    6.397499     5.036547     4.903764
    4.887229     6.397499     5.036547
    3.242813     4.887229     6.397499
    3.641404     3.242813     4.887229
    4.938779     3.641404     3.242813
    5.020961     4.938779     3.641404
    4.105703     5.020961     4.938779
    2.893931     4.105703     5.020961
    2.526445     2.893931     4.105703
    3.817820     2.526445     2.893931
    3.962607     3.817820     2.526445
    5.340244     3.962607     3.817820
    4.223621     5.340244     3.962607
    5.147655     4.223621     5.340244
    4.942735     5.147655     4.223621
    4.279449     4.942735     5.147655
    2.372282     4.279449     4.942735
    2.632236     2.372282     4.279449
    2.566817     2.632236     2.372282
    2.995201     2.566817     2.632236
    4.376038     2.995201     2.566817
    4.509441     4.376038     2.995201
    4.741049     4.509441     4.376038
    5.330109     4.741049     4.509441
    3.791347     5.330109     4.741049
    3.255810     3.791347     5.330109
    3.181969     3.255810     3.791347
    4.127994     3.181969     3.255810
    2.818397     4.127994     3.181969
    1.289888     2.818397     4.127994
    2.063922     1.289888     2.818397
    3.252392     2.063922     1.289888
    3.220590     3.252392     2.063922
    3.607997     3.220590     3.252392
    4.406606     3.607997     3.220590
    4.072483     4.406606     3.607997
    5.200983     4.072483     4.406606
    4.823915     5.200983     4.072483
    3.380469     4.823915     5.200983
    3.294930     3.380469     4.823915
    3.057774     3.294930     3.380469
    4.023870     3.057774     3.294930
    2.962440     4.023870     3.057774
    2.692344     2.962440     4.023870
    4.456285     2.692344     2.962440
    3.219613     4.456285     2.692344
    4.351546     3.219613     4.456285
    3.361869     4.351546     3.219613
    4.643988     3.361869     4.351546
    4.309655     4.643988     3.361869
    4.012417     4.309655     4.643988
    3.424268     4.012417     4.309655
    4.545641     3.424268     4.012417
    2.936805     4.545641     3.424268
    2.278875     2.936805     4.545641
    2.949741     2.278875     2.936805
    4.126882     2.949741     2.278875
    3.445901     4.126882     2.949741
    2.448608     3.445901     4.126882
    4.594654     2.448608     3.445901
    2.715228     4.594654     2.448608
    2.931258     2.715228     4.594654
    2.922112     2.931258     2.715228
    2.577707     2.922112     2.931258
    3.370934     2.577707     2.922112
    3.013767     3.370934     2.577707
    3.254645     3.013767     3.370934
    3.470298     3.254645     3.013767
    4.650629     3.470298     3.254645
    4.326977     4.650629     3.470298
    4.183256     4.326977     4.650629
    4.708087     4.183256     4.326977
    5.173697     4.708087     4.183256
    4.320977     5.173697     4.708087
    3.326240     4.320977     5.173697
    3.576675     3.326240     4.320977
    3.295347     3.576675     3.326240
    1.094794     3.295347     3.576675
    1.273514     1.094794     3.295347
    2.268752     1.273514     1.094794
    2.111542     2.268752     1.273514
    2.056554     2.111542     2.268752
    3.713694     2.056554     2.111542
    1.978439     3.713694     2.056554
    1.672415     1.978439     3.713694
    2.220367     1.672415     1.978439
    2.027776     2.220367     1.672415
    0.219940     2.027776     2.220367
    0.656482     0.219940     2.027776
    3.123000     0.656482     0.219940
    2.002821     3.123000     0.656482
    4.484840     2.002821     3.123000
    3.849598     4.484840     2.002821
    3.870980     3.849598     4.484840
    2.875081     3.870980     3.849598
    3.548294     2.875081     3.870980
    2.114756     3.548294     2.875081
    3.249963     2.114756     3.548294
    4.924638     3.249963     2.114756
    2.025188     4.924638     3.249963
    4.001382     2.025188     4.924638
    3.103852     4.001382     2.025188
    3.516975     3.103852     4.001382
    3.629670     3.516975     3.103852
    2.790837     3.629670     3.516975
    5.265310     2.790837     3.629670
    4.774088     5.265310     2.790837
    5.854997     4.774088     5.265310
    6.184757     5.854997     4.774088
    5.899990     6.184757     5.854997
    6.371580     5.899990     6.184757
    6.850330     6.371580     5.899990
    5.606636     6.850330     6.371580
    4.318844     5.606636     6.850330
    3.175644     4.318844     5.606636
    4.275255     3.175644     4.318844
    3.298869     4.275255     3.175644
    4.136775     3.298869     4.275255
    3.245212     4.136775     3.298869
    3.473119     3.245212     4.136775
    3.670789     3.473119     3.245212
    3.748111     3.670789     3.473119
    3.962370     3.748111     3.670789
    3.341522     3.962370     3.748111
    4.271904     3.341522     3.962370
    2.758781     4.271904     3.341522
    2.819275     2.758781     4.271904
    3.754688     2.819275     2.758781
    2.591417     3.754688     2.819275
    1.766955     2.591417     3.754688
    1.363386     1.766955     2.591417
    2.303921     1.363386     1.766955
    2.126402     2.303921     1.363386
    2.294900     2.126402     2.303921
    3.759964     2.294900     2.126402
    3.351284     3.759964     2.294900
    4.354126     3.351284     3.759964
    3.550759     4.354126     3.351284
    3.878112     3.550759     4.354126
    3.328475     3.878112     3.550759
    3.716902     3.328475     3.878112
    5.421155     3.716902     3.328475
    5.554085     5.421155     3.716902
    6.255741     5.554085     5.421155
    6.793655     6.255741     5.554085
    6.252677     6.793655     6.255741
    4.952837     6.252677     6.793655
    4.634119     4.952837     6.252677
    5.747667     4.634119     4.952837
    4.209982     5.747667     4.634119
    3.148734     4.209982     5.747667
    2.577483     3.148734     4.209982
    3.321297     2.577483     3.148734
    5.031833     3.321297     2.577483
    4.942027     5.031833     3.321297
    3.575902     4.942027     5.031833
    2.373157     3.575902     4.942027
    2.963783     2.373157     3.575902
    2.831453     2.963783     2.373157
    5.949884     2.831453     2.963783
    4.603902     5.949884     2.831453
    4.461878     4.603902     5.949884
    2.513178     4.461878     4.603902
    2.790487     2.513178     4.461878
    2.647196     2.790487     2.513178
    2.044237     2.647196     2.790487
    3.990525     2.044237     2.647196
    4.336685     3.990525     2.044237
    2.763789     4.336685     3.990525
    5.832208     2.763789     4.336685
    4.076992     5.832208     2.763789
    3.531840     4.076992     5.832208
    3.032639     3.531840     4.076992
    2.588962     3.032639     3.531840
    3.318398     2.588962     3.032639
    3.821801     3.318398     2.588962
    4.159078     3.821801     3.318398
    2.854009     4.159078     3.821801
    2.790641     2.854009     4.159078
    2.254389     2.790641     2.854009
    1.087025     2.254389     2.790641
    1.907352     1.087025     2.254389
    3.004972     1.907352     1.087025
    4.308952     3.004972     1.907352
    3.438159     4.308952     3.004972
    3.472469     3.438159     4.308952
    3.858645     3.472469     3.438159
    3.194152     3.858645     3.472469
    3.688139     3.194152     3.858645
    2.824071     3.688139     3.194152
    4.369429     2.824071     3.688139
    4.203692     4.369429     2.824071
    3.995835     4.203692     4.369429
    4.040618     3.995835     4.203692
    3.736042     4.040618     3.995835
    3.800432     3.736042     4.040618
    2.526823     3.800432     3.736042
    2.192114     2.526823     3.800432
    3.502778     2.192114     2.526823
    2.189160     3.502778     2.192114
    3.675877     2.189160     3.502778
    1.855164     3.675877     2.189160
    3.745694     1.855164     3.675877
    4.349852     3.745694     1.855164
    5.112642     4.349852     3.745694
    5.262928     5.112642     4.349852
    4.287636     5.262928     5.112642
    2.323788     4.287636     5.262928
    2.078555     2.323788     4.287636
    3.786121     2.078555     2.323788
    3.778600     3.786121     2.078555
    2.896618     3.778600     3.786121
    3.799736     2.896618     3.778600
    3.889044     3.799736     2.896618
    4.786129     3.889044     3.799736
    3.505150     4.786129     3.889044
    1.584811     3.505150     4.786129
    1.841765     1.584811     3.505150
    2.581247     1.841765     1.584811
    1.198016     2.581247     1.841765
    1.136255     1.198016     2.581247
    2.670528     1.136255     1.198016
    1.690427     2.670528     1.136255
    1.495796     1.690427     2.670528
    1.111220     1.495796     1.690427
    1.194669     1.111220     1.495796
    2.362356     1.194669     1.111220
    2.555901     2.362356     1.194669
    2.872156     2.555901     2.362356
    2.033086     2.872156     2.555901
    2.343395     2.033086     2.872156
    2.900857     2.343395     2.033086
    1.206532     2.900857     2.343395
    3.337647     1.206532     2.900857
    2.127238     3.337647     1.206532
    3.455405     2.127238     3.337647
    2.498353     3.455405     2.127238
    3.063961     2.498353     3.455405
    2.999326     3.063961     2.498353
    5.341456     2.999326     3.063961
    4.261447     5.341456     2.999326
    2.873295     4.261447     5.341456
    4.106379     2.873295     4.261447
    4.612921     4.106379     2.873295
    3.879536     4.612921     4.106379
    6.456759     3.879536     4.612921
    4.274958     6.456759     3.879536
    4.227975     4.274958     6.456759
    3.021918     4.227975     4.274958
    3.332340     3.021918     4.227975
    1.686589     3.332340     3.021918
    1.003184     1.686589     3.332340
    2.607801     1.003184     1.686589
    1.729281     2.607801     1.003184
    0.730702     1.729281     2.607801
    1.894214     0.730702     1.729281
    0.793153     1.894214     0.730702
    0.707841     0.793153     1.894214
    0.177440     0.707841     0.793153
    2.535352     0.177440     0.707841
    3.065679     2.535352     0.177440
    2.133472     3.065679     2.535352
    2.139853     2.133472     3.065679
    1.052971     2.139853     2.133472
    2.426725     1.052971     2.139853
    2.508832     2.426725     1.052971
    3.209008     2.508832     2.426725
    1.611593     3.209008     2.508832
    2.026089     1.611593     3.209008
    2.318386     2.026089     1.611593
    2.517962     2.318386     2.026089
    1.507875     2.517962     2.318386
    2.305975     1.507875     2.517962
    2.353463     2.305975     1.507875
    1.403357     2.353463     2.305975
    2.116696     1.403357     2.353463
    3.396024     2.116696     1.403357
    3.780974     3.396024     2.116696
    4.038227     3.780974     3.396024
    3.516166     4.038227     3.780974
    2.575127     3.516166     4.038227
    3.017681     2.575127     3.516166
    2.467630     3.017681     2.575127
    1.322410     2.467630     3.017681
    1.565257     1.322410     2.467630
    2.422885     1.565257     1.322410
    2.179245     2.422885     1.565257
    2.972403     2.179245     2.422885
    3.061752     2.972403     2.179245
    3.128376     3.061752     2.972403
    4.082500     3.128376     3.061752
    3.082834     4.082500     3.128376
    3.263949     3.082834     4.082500
    3.495068     3.263949     3.082834
    3.223451     3.495068     3.263949
    0.877264     3.223451     3.495068
    0.677127     0.877264     3.223451
    1.590985     0.677127     0.877264
    3.803980     1.590985     0.677127
    4.632919     3.803980     1.590985
    5.382266     4.632919     3.803980
    4.604321     5.382266     4.632919
    7.336717     4.604321     5.382266
    4.633991     7.336717     4.604321
    3.195495     4.633991     7.336717
    3.679352     3.195495     4.633991
    1.422208     3.679352     3.195495
    4.030380     1.422208     3.679352
    3.289990     4.030380     1.422208
    1.993522     3.289990     4.030380
    2.529200     1.993522     3.289990
    3.019851     2.529200     1.993522
    3.513209     3.019851     2.529200
    2.019092     3.513209     3.019851
    2.066124     2.019092     3.513209
    0.385396     2.066124     2.019092
    2.508441     0.385396     2.066124
    2.968756     2.508441     0.385396
    2.330590     2.968756     2.508441
    0.781185     2.330590     2.968756
    3.716977     0.781185     2.330590
    2.505369     3.716977     0.781185
