    2.953020     1.323043     1.343091
    3.015218     2.953020     1.323043
    2.654571     3.015218     2.953020
    4.778191     2.654571     3.015218
    3.934076     4.778191     2.654571
    1.263331     3.934076     4.778191
    3.289065     1.263331     3.934076
    3.516981     3.289065     1.263331
    2.543595     3.516981     3.289065
    4.114554     2.543595     3.516981
    3.006822     4.114554     2.543595
    4.111198     3.006822     4.114554
    4.651647     4.111198     3.006822
    4.613638     4.651647     4.111198
    3.872975     4.613638     4.651647
    2.117482     3.872975     4.613638
    1.939701     2.117482     3.872975
    2.857625     1.939701     2.117482
    2.524818     2.857625     1.939701
    3.325318     2.524818     2.857625
    3.154350     3.325318     2.524818
    2.382036     3.154350     3.325318
    3.258571     2.382036     3.154350
    3.063733     3.258571     2.382036
    1.902956     3.063733     3.258571
    0.665353     1.902956     3.063733
    0.832678     0.665353     1.902956
    0.573154     0.832678     0.665353
    2.453612     0.573154     0.832678
    2.684542     2.453612     0.573154
    3.276236     2.684542     2.453612
    4.589670     3.276236     2.684542
    3.584892     4.589670     3.276236
    3.135872     3.584892     4.589670
    2.622006     3.135872     3.584892
    3.514142     2.622006     3.135872
    3.497987     3.514142     2.622006
    1.768705     3.497987     3.514142
    1.846352     1.768705     3.497987
    1.952257     1.846352     1.768705
    2.474110     1.952257     1.846352
    3.068820     2.474110     1.952257
    4.111524     3.068820     2.474110
    4.326286     4.111524     3.068820
    3.299424     4.326286     4.111524
    4.574537     3.299424     4.326286
    5.765390     4.574537     3.299424
    5.012030     5.765390     4.574537
    5.266317     5.012030     5.765390
    5.547503     5.266317     5.012030
    3.042770     5.547503     5.266317
    4.014976     3.042770     5.547503
    3.856222     4.014976     3.042770
    3.437968     3.856222     4.014976
    4.398245     3.437968     3.856222
    4.654261     4.398245     3.437968
    4.409974     4.654261     4.398245
    5.483877     4.409974     4.654261
    3.990199     5.483877     4.409974
    4.503942     3.990199     5.483877
    2.653379     4.503942     3.990199
    3.341617     2.653379     4.503942
    2.024147     3.341617     2.653379
    4.910255     2.024147     3.341617
    3.937337     4.910255     2.024147
    3.449742     3.937337     4.910255
    4.251440     3.449742     3.937337
    3.124668     4.251440     3.449742
    3.264480     3.124668     4.251440
    4.205804     3.264480     3.124668
    4.143353     4.205804     3.264480
    4.253079     4.143353     4.205804
    4.466963     4.253079     4.143353
    4.158527     4.466963     4.253079
    4.809814     4.158527     4.466963
    4.787993     4.809814     4.158527
    5.593195     4.787993     4.809814
    5.188285     5.593195     4.787993
    4.931003     5.188285     5.593195
    4.690298     4.931003     5.188285
    4.594258     4.690298     4.931003
    5.088032     4.594258     4.690298
    4.060280     5.088032     4.594258
    4.408238     4.060280     5.088032
    5.157018     4.408238     4.060280
    4.189270     5.157018     4.408238
    3.810094     4.189270     5.157018
    4.432281     3.810094     4.189270
    4.573807     4.432281     3.810094
    4.352361     4.573807     4.432281
    2.724142     4.352361     4.573807
    3.371302     2.724142     4.352361
    4.434031     3.371302     2.724142
    4.218763     4.434031     3.371302
    1.969538     4.218763     4.434031
    0.961899     1.969538     4.218763
    3.656020     0.961899     1.969538
    1.874162     3.656020     0.961899
    1.808308     1.874162     3.656020
    3.084563     1.808308     1.874162
    2.530759     3.084563     1.808308
    3.664412     2.530759     3.084563
    0.343538     3.664412     2.530759
    1.315236     0.343538     3.664412
    0.903019     1.315236     0.343538
    1.400872     0.903019     1.315236
    1.142404     1.400872     0.903019
    3.278765     1.142404     1.400872
    2.361076     3.278765     1.142404
    4.834527     2.361076     3.278765
    5.635757     4.834527     2.361076
    4.002644     5.635757     4.834527
    3.693859     4.002644     5.635757
    2.531917     3.693859     4.002644
    2.432907     2.531917     3.693859
    3.571551     2.432907     2.531917
    3.257281     3.571551     2.432907
    2.230090     3.257281     3.571551
    3.699757     2.230090     3.257281
    1.910813     3.699757     2.230090
    4.501689     1.910813     3.699757
    4.255800     4.501689     1.910813
    3.767837     4.255800     4.501689
    5.748081     3.767837     4.255800
    5.695837     5.748081     3.767837
    4.147771     5.695837     5.748081
    3.263565     4.147771     5.695837
    3.939272     3.263565     4.147771
    5.195111     3.939272     3.263565
    3.338388     5.195111     3.939272
    5.244164     3.338388     5.195111
    5.997645     5.244164     3.338388
    5.822466     5.997645     5.244164
    4.723676     5.822466     5.997645
    5.572564     4.723676     5.822466
    2.683347     5.572564     4.723676
    2.813557     2.683347     5.572564
    4.631865     2.813557     2.683347
    2.275292     4.631865     2.813557
    2.029367     2.275292     4.631865
    4.222289     2.029367     2.275292
    4.018630     4.222289     2.029367
    4.408156     4.018630     4.222289
    3.681895     4.408156     4.018630
    4.283135     3.681895     4.408156
    3.967673     4.283135     3.681895
    3.228314     3.967673     4.283135
    3.394781     3.228314     3.967673
    2.379197     3.394781     3.228314
    4.526709     2.379197     3.394781
    3.689615     4.526709     2.379197
    3.701227     3.689615     4.526709
    5.034621     3.701227     3.689615
    3.637601     5.034621     3.701227
    4.579679     3.637601     5.034621
    2.395475     4.579679     3.637601
    3.136909     2.395475     4.579679
    3.037090     3.136909     2.395475
    5.566506     3.037090     3.136909
    5.455928     5.566506     3.037090
    3.500978     5.455928     5.566506
    3.396371     3.500978     5.455928
    4.057016     3.396371     3.500978
    2.144642     4.057016     3.396371
    1.143729     2.144642     4.057016
    1.021579     1.143729     2.144642
    1.810234     1.021579     1.143729
    2.258365     1.810234     1.021579
    0.837235     2.258365     1.810234
    0.794113     0.837235     2.258365
    1.174069     0.794113     0.837235
    1.199619     1.174069     0.794113
    2.045180     1.199619     1.174069
    1.448016     2.045180     1.199619
    0.767785     1.448016     2.045180
    1.820181     0.767785     1.448016
    2.310994     1.820181     0.767785
    2.508098     2.310994     1.820181
    2.538503     2.508098     2.310994
    1.514240     2.538503     2.508098
    4.274337     1.514240     2.538503
    4.535876     4.274337     1.514240
    4.132098     4.535876     4.274337
    5.656000     4.132098     4.535876
    4.745627     5.656000     4.132098
    4.282290     4.745627     5.656000
    3.390457     4.282290     4.745627
    4.154730     3.390457     4.282290
    3.373087     4.154730     3.390457
    3.752860     3.373087     4.154730
    2.336905     3.752860     3.373087
    4.190655     2.336905     3.752860
    1.904729     4.190655     2.336905
    1.536511     1.904729     4.190655
    2.283595     1.536511     1.904729
    2.614890     2.283595     1.536511
    1.337190     2.614890     2.283595
    2.135799     1.337190     2.614890
    4.056027     2.135799     1.337190
    2.589139     4.056027     2.135799
    2.889018     2.589139     4.056027
    2.819988     2.889018     2.589139
    2.673293     2.819988     2.889018
    1.224782     2.673293     2.819988
    2.269850     1.224782     2.673293
    1.104184     2.269850     1.224782
    3.526308     1.104184     2.269850
    2.402950     3.526308     1.104184
    2.771298     2.402950     3.526308
    1.752420     2.771298     2.402950
    2.250818     1.752420     2.771298
    3.068999     2.250818     1.752420
    2.340892     3.068999     2.250818
    1.810644     2.340892     3.068999
    4.207032     1.810644     2.340892
    4.137396     4.207032     1.810644
    3.353565     4.137396     4.207032
    4.241581     3.353565     4.137396
    3.575749     4.241581     3.353565
    3.430937     3.575749     4.241581
    3.483990     3.430937     3.575749
    2.578408     3.483990     3.430937
    2.267556     2.578408     3.483990
    1.926384     2.267556     2.578408
    3.713185     1.926384     2.267556
    3.515045     3.713185     1.926384
    5.286490     3.515045     3.713185
    5.227313     5.286490     3.515045
    3.669418     5.227313     5.286490
    4.062046     3.669418     5.227313
    2.804948     4.062046     3.669418
    3.243127     2.804948     4.062046
    2.245803     3.243127     2.804948
    3.583231     2.245803     3.243127
    2.626462     3.583231     2.245803
    3.076225     2.626462     3.583231
    3.679007     3.076225     2.626462
    5.211738     3.679007     3.076225
    4.812961     5.211738     3.679007
    5.913027     4.812961     5.211738
    4.918141     5.913027     4.812961
    4.578388     4.918141     5.913027
    3.662305     4.578388     4.918141
    4.113084     3.662305     4.578388
    4.987841     4.113084     3.662305
    4.653074     4.987841     4.113084
    3.350182     4.653074     4.987841
    4.367615     3.350182     4.653074
    3.868596     4.367615     3.350182
    2.877633     3.868596     4.367615
    3.566331     2.877633     3.868596
    4.654020     3.566331     2.877633
    1.924948     4.654020     3.566331
    2.395559     1.924948     4.654020
    0.873473     2.395559     1.924948
    1.953064     0.873473     2.395559
    2.868254     1.953064     0.873473
    3.573228     2.868254     1.953064
    3.638401     3.573228     2.868254
    3.510948     3.638401     3.573228
    4.919310     3.510948     3.638401
    4.377356     4.919310     3.510948
    3.270516     4.377356     4.919310
    3.799957     3.270516     4.377356
    2.384420     3.799957     3.270516
    2.164405     2.384420     3.799957
    2.114739     2.164405     2.384420
    1.719286     2.114739     2.164405
    2.086709     1.719286     2.114739
    3.974070     2.086709     1.719286
    2.065387     3.974070     2.086709
    2.436181     2.065387     3.974070
    2.481798     2.436181     2.065387
    1.930317     2.481798     2.436181
    4.233250     1.930317     2.481798
    4.126814     4.233250     1.930317
    3.216840     4.126814     4.233250
    3.316745     3.216840     4.126814
    2.847277     3.316745     3.216840
    3.354698     2.847277     3.316745
    2.330474     3.354698     2.847277
    4.296319     2.330474     3.354698
    3.983169     4.296319     2.330474
    4.849314     3.983169     4.296319
    5.377021     4.849314     3.983169
    4.335895     5.377021     4.849314
    3.880724     4.335895     5.377021
    2.794829     3.880724     4.335895
    2.305969     2.794829     3.880724
    3.312720     2.305969     2.794829
    3.602155     3.312720     2.305969
    4.633079     3.602155     3.312720
    4.700679     4.633079     3.602155
    3.541374     4.700679     4.633079
    2.756159     3.541374     4.700679
    1.892363     2.756159     3.541374
    2.917673     1.892363     2.756159
    2.861235     2.917673     1.892363
    3.883020     2.861235     2.917673
    3.435143     3.883020     2.861235
    3.545131     3.435143     3.883020
    5.742190     3.545131     3.435143
    4.675992     5.742190     3.545131
    4.642445     4.675992     5.742190
    5.114994     4.642445     4.675992
    4.922100     5.114994     4.642445
    4.444004     4.922100     5.114994
    4.316654     4.444004     4.922100
    4.006577     4.316654     4.444004
    4.098102     4.006577     4.316654
    1.444330     4.098102     4.006577
    2.412484     1.444330     4.098102
    2.518348     2.412484     1.444330
    2.501987     2.518348     2.412484
    3.259138     2.501987     2.518348
    3.759048     3.259138     2.501987
    2.435605     3.759048     3.259138
    2.938889     2.435605     3.759048
    3.089690     2.938889     2.435605
    2.548133     3.089690     2.938889
    1.693333     2.548133     3.089690
    1.467441     1.693333     2.548133
    0.840316     1.467441     1.693333
    3.684366     0.840316     1.467441
    1.987095     3.684366     0.840316
    2.251612     1.987095     3.684366
    1.896742     2.251612     1.987095
    3.326286     1.896742     2.251612
    0.672495     3.326286     1.896742
    2.356277     0.672495     3.326286
    1.364303     2.356277     0.672495
    3.585485     1.364303     2.356277
    4.745290     3.585485     1.364303
    4.134852     4.745290     3.585485
    4.909249     4.134852     4.745290
    3.950904     4.909249     4.134852
    3.816211     3.950904     4.909249
    3.714534     3.816211     3.950904
    4.328516     3.714534     3.816211
    1.631698     4.328516     3.714534
    0.277841     1.631698     4.328516
    0.919174     0.277841     1.631698
    1.324310     0.919174     0.277841
    2.929609     1.324310     0.919174
    2.036812     2.929609     1.324310
    3.285039     2.036812     2.929609
    3.569494     3.285039     2.036812
    3.752456     3.569494     3.285039
    4.157268     3.752456     3.569494
    3.805824     4.157268     3.752456
    4.682379     3.805824     4.157268
    5.372378     4.682379     3.805824
    6.134389     5.372378     4.682379
    4.817065     6.134389     5.372378
    4.687788     4.817065     6.134389
    4.301819     4.687788     4.817065
    3.678547     4.301819     4.687788
    4.561439     3.678547     4.301819
    4.372925     4.561439     3.678547
    3.613877     4.372925     4.561439
    2.377139     3.613877     4.372925
    1.520223     2.377139     3.613877
    3.303218     1.520223     2.377139
    2.924742     3.303218     1.520223
    2.670806     2.924742     3.303218
    1.309150     2.670806     2.924742
    2.532806     1.309150     2.670806
    2.082993     2.532806     1.309150
    2.940384     2.082993     2.532806
    2.472984     2.940384     2.082993
    0.294531     2.472984     2.940384
   -0.623892     0.294531     2.472984
    1.033325    -0.623892     0.294531
    2.396168     1.033325    -0.623892
    1.858096     2.396168     1.033325
    3.757815     1.858096     2.396168
    2.637920     3.757815     1.858096
    2.119563     2.637920     3.757815
    1.217898     2.119563     2.637920
    1.620467     1.217898     2.119563
    1.919539     1.620467     1.217898
    1.967918     1.919539     1.620467
    1.519900     1.967918     1.919539
    2.171878     1.519900     1.967918
    3.160598     2.171878     1.519900
    1.190638     3.160598     2.171878
    2.719078     1.190638     3.160598
    2.391769     2.719078     1.190638
    3.559603     2.391769     2.719078
    3.315468     3.559603     2.391769
    3.406229     3.315468     3.559603
    3.225432     3.406229     3.315468
    3.225106     3.225432     3.406229
    3.953455     3.225106     3.225432
    1.359185     3.953455     3.225106
    4.354428     1.359185     3.953455
    2.788202     4.354428     1.359185
    3.807127     2.788202     4.354428
    4.050097     3.807127     2.788202
    5.483485     4.050097     3.807127
    4.961526     5.483485     4.050097
    6.113494     4.961526     5.483485
    7.251667     6.113494     4.961526
    6.703188     7.251667     6.113494
    6.047528     6.703188     7.251667
    5.621432     6.047528     6.703188
    4.438714     5.621432     6.047528
    5.274583     4.438714     5.621432
    4.440295     5.274583     4.438714
    4.775331     4.440295     5.274583
    2.444093     4.775331     4.440295
    3.434155     2.444093     4.775331
    2.768349     3.434155     2.444093
    3.303541     2.768349     3.434155
    2.251581     3.303541     2.768349
    4.063918     2.251581     3.303541
    2.879347     4.063918     2.251581
    3.921405     2.879347     4.063918
    3.603200     3.921405     2.879347
    3.306005     3.603200     3.921405
    4.383546     3.306005     3.603200
    2.448059     4.383546     3.306005
    3.352849     2.448059     4.383546
    3.924659     3.352849     2.448059
    2.269721     3.924659     3.352849
    2.191217     2.269721     3.924659
    2.117719     2.191217     2.269721
    2.198467     2.117719     2.191217
    2.221681     2.198467     2.117719
    2.476308     2.221681     2.198467
    3.760744     2.476308     2.221681
    3.583602     3.760744     2.476308
    4.781497     3.583602     3.760744
    5.875780     4.781497     3.583602
    5.889165     5.875780     4.781497
    5.300963     5.889165     5.875780
    4.301573     5.300963     5.889165
    4.345906     4.301573     5.300963
    4.132281     4.345906     4.301573
    4.669845     4.132281     4.345906
    2.681492     4.669845     4.132281
    5.371506     2.681492     4.669845
    4.312927     5.371506     2.681492
    4.259445     4.312927     5.371506
    3.397260     4.259445     4.312927
    2.962035     3.397260     4.259445
    4.467177     2.962035     3.397260
    3.829457     4.467177     2.962035
    3.709029     3.829457     4.467177
    4.625923     3.709029     3.829457
    4.898041     4.625923     3.709029
    6.423286     4.898041     4.625923
    3.591883     6.423286     4.898041
    3.396945     3.591883     6.423286
    3.243965     3.396945     3.591883
    4.224591     3.243965     3.396945
    5.169794     4.224591     3.243965
    5.233499     5.169794     4.224591
    4.829571     5.233499     5.169794
    4.596955     4.829571     5.233499
    5.630813     4.596955     4.829571
    5.871380     5.630813     4.596955
    4.725177     5.871380     5.630813
    5.757801     4.725177     5.871380
    3.887781     5.757801     4.725177
    2.586097     3.887781     5.757801
    2.699997     2.586097     3.887781
    1.293609     2.699997     2.586097
    4.254153     1.293609     2.699997
    3.150410     4.254153     1.293609
    2.239292     3.150410     4.254153
    2.584680     2.239292     3.150410
    3.132599     2.584680     2.239292
    3.572477     3.132599     2.584680
    3.342648     3.572477     3.132599
    2.341624     3.342648     3.572477
    1.463295     2.341624     3.342648
    2.782589     1.463295     2.341624
    3.335505     2.782589     1.463295
    3.655025     3.335505     2.782589
    4.607513     3.655025     3.335505
    3.920282     4.607513     3.655025
    3.771618     3.920282     4.607513
    4.820744     3.771618     3.920282
    5.547553     4.820744     3.771618
    5.667715     5.547553     4.820744
    3.385411     5.667715     5.547553
    3.817151     3.385411     5.667715
    5.273307     3.817151     3.385411
    4.329277     5.273307     3.817151
    3.290722     4.329277     5.273307
    3.709782     3.290722     4.329277
    4.476179     3.709782     3.290722
    6.108210     4.476179     3.709782
    5.207588     6.108210     4.476179
    6.182706     5.207588     6.108210
    4.413319     6.182706     5.207588
    5.450831     4.413319     6.182706
    5.849962     5.450831     4.413319
    3.773639     5.849962     5.450831
