    5.093207     2.606315     3.316354
    4.802262     5.093207     2.606315
    2.994124     4.802262     5.093207
    2.606137     2.994124     4.802262
    3.170869     2.606137     2.994124
    3.414218     3.170869     2.606137
    3.419806     3.414218     3.170869
    5.461309     3.419806     3.414218
    5.706761     5.461309     3.419806
    5.739932     5.706761     5.461309
    5.623438     5.739932     5.706761
    5.587749     5.623438     5.739932
    4.427302     5.587749     5.623438
    4.747210     4.427302     5.587749
    4.378677     4.747210     4.427302
    4.511751     4.378677     4.747210
    2.478770     4.511751     4.378677
    3.466066     2.478770     4.511751
    2.724322     3.466066     2.478770
    1.366061     2.724322     3.466066
    1.790875     1.366061     2.724322
    0.883633     1.790875     1.366061
    0.423475     0.883633     1.790875
    4.051881     0.423475     0.883633
    3.235443     4.051881     0.423475
    2.812068     3.235443     4.051881
    3.544648     2.812068     3.235443
    4.179423     3.544648     2.812068
    4.422406     4.179423     3.544648
    2.779805     4.422406     4.179423
    2.907373     2.779805     4.422406
    3.247044     2.907373     2.779805
    4.519219     3.247044     2.907373
    4.809349     4.519219     3.247044
    3.988600     4.809349     4.519219
    4.192825     3.988600     4.809349
    2.980063     4.192825     3.988600
    5.220820     2.980063     4.192825
    5.457746     5.220820     2.980063
    5.781708     5.457746     5.220820
    4.385783     5.781708     5.457746
    3.127133     4.385783     5.781708
    3.467358     3.127133     4.385783
    3.634280     3.467358     3.127133
    3.719054     3.634280     3.467358
    4.236632     3.719054     3.634280
    5.016818     4.236632     3.719054
    3.914792     5.016818     4.236632
    3.561657     3.914792     5.016818
    5.172267     3.561657     3.914792
    5.173602     5.172267     3.561657
    6.898167     5.173602     5.172267
    5.293072     6.898167     5.173602
    4.910877     5.293072     6.898167
    6.228423     4.910877     5.293072
    3.951398     6.228423     4.910877
    4.000632     3.951398     6.228423
    4.417545     4.000632     3.951398
    4.606911     4.417545     4.000632
    5.286644     4.606911     4.417545
    2.878917     5.286644     4.606911
    4.033404     2.878917     5.286644
    3.432820     4.033404     2.878917
    4.161242     3.432820     4.033404
    3.252887     4.161242     3.432820
    1.734606     3.252887     4.161242
    3.073873     1.734606     3.252887
    4.546347     3.073873     1.734606
    3.347276     4.546347     3.073873
    1.366758     3.347276     4.546347
    0.973129     1.366758     3.347276
    2.864484     0.973129     1.366758
    2.795237     2.864484     0.973129
    2.333591     2.795237     2.864484
    4.414454     2.333591     2.795237
    2.485129     4.414454     2.333591
    3.690238     2.485129     4.414454
    2.198451     3.690238     2.485129
    3.627455     2.198451     3.690238
    3.988109     3.627455     2.198451
    4.201581     3.988109     3.627455
    4.559507     4.201581     3.988109
    5.095018     4.559507     4.201581
    5.366377     5.095018     4.559507
    4.801764     5.366377     5.095018
    5.353403     4.801764     5.366377
    4.536178     5.353403     4.801764
    4.532513     4.536178     5.353403
    3.914019     4.532513     4.536178
    5.512128     3.914019     4.532513
    5.505836     5.512128     3.914019
    4.936631     5.505836     5.512128
    3.900907     4.936631     5.505836
    4.653918     3.900907     4.936631
    4.080856     4.653918     3.900907
    3.608963     4.080856     4.653918
    3.967976     3.608963     4.080856
    4.207507     3.967976     3.608963
    2.814528     4.207507     3.967976
    3.875568     2.814528     4.207507
    3.725935     3.875568     2.814528
    2.493080     3.725935     3.875568
    4.241283     2.493080     3.725935
    2.897055     4.241283     2.493080
    2.462986     2.897055     4.241283
    3.935056     2.462986     2.897055
    4.406279     3.935056     2.462986
    4.513371     4.406279     3.935056
    5.536010     4.513371     4.406279
    5.862042     5.536010     4.513371
    6.327078     5.862042     5.536010
    3.882390     6.327078     5.862042
    3.726213     3.882390     6.327078
    3.633860     3.726213     3.882390
    4.681492     3.633860     3.726213
    4.707259     4.681492     3.633860
    6.195576     4.707259     4.681492
    5.620256     6.195576     4.707259
    4.901262     5.620256     6.195576
    4.140814     4.901262     5.620256
    4.809822     4.140814     4.901262
    6.848129     4.809822     4.140814
    7.764523     6.848129     4.809822
    7.228831     7.764523     6.848129
    4.816701     7.228831     7.764523
    4.216562     4.816701     7.228831
    1.296030     4.216562     4.816701
    1.859831     1.296030     4.216562
    3.277743     1.859831     1.296030
    2.748146     3.277743     1.859831
    1.518309     2.748146     3.277743
    1.317500     1.518309     2.748146
    2.719348     1.317500     1.518309
    1.642839     2.719348     1.317500
    0.395990     1.642839     2.719348
    0.865940     0.395990     1.642839
    2.601351     0.865940     0.395990
    2.171255     2.601351     0.865940
    2.310127     2.171255     2.601351
    1.517223     2.310127     2.171255
    1.745996     1.517223     2.310127
    3.232682     1.745996     1.517223
    0.759756     3.232682     1.745996
    1.994826     0.759756     3.232682
    2.080340     1.994826     0.759756
    2.870548     2.080340     1.994826
    2.899096     2.870548     2.080340
    4.740460     2.899096     2.870548
    4.023880     4.740460     2.899096
    4.483420     4.023880     4.740460
    4.747059     4.483420     4.023880
    4.565454     4.747059     4.483420
    3.846368     4.565454     4.747059
    3.311046     3.846368     4.565454
    2.651268     3.311046     3.846368
    2.781205     2.651268     3.311046
    2.501989     2.781205     2.651268
    3.458447     2.501989     2.781205
    3.956647     3.458447     2.501989
    4.545257     3.956647     3.458447
    2.523529     4.545257     3.956647
    3.696149     2.523529     4.545257
    2.711952     3.696149     2.523529
    3.125581     2.711952     3.696149
    3.051509     3.125581     2.711952
    4.157228     3.051509     3.125581
    3.510522     4.157228     3.051509
    2.923970     3.510522     4.157228
    4.402520     2.923970     3.510522
    4.120867     4.402520     2.923970
    3.262056     4.120867     4.402520
    2.461697     3.262056     4.120867
    4.301662     2.461697     3.262056
    3.532031     4.301662     2.461697
    3.518600     3.532031     4.301662
    3.441803     3.518600     3.532031
    3.072421     3.441803     3.518600
    3.604913     3.072421     3.441803
    2.979177     3.604913     3.072421
    3.646248     2.979177     3.604913
    2.709046     3.646248     2.979177
    2.130793     2.709046     3.646248
    1.492774     2.130793     2.709046
    3.700008     1.492774     2.130793
    1.965586     3.700008     1.492774
    2.562927     1.965586     3.700008
    3.678545     2.562927     1.965586
    3.674888     3.678545     2.562927
    4.575357     3.674888     3.678545
    5.351671     4.575357     3.674888
    5.485134     5.351671     4.575357
    5.641307     5.485134     5.351671
    4.627992     5.641307     5.485134
    6.572166     4.627992     5.641307
    5.872061     6.572166     4.627992
    4.189108     5.872061     6.572166
    5.372915     4.189108     5.872061
    3.354106     5.372915     4.189108
    5.217769     3.354106     5.372915
    3.987696     5.217769     3.354106
    3.489497     3.987696     5.217769
    3.702267     3.489497     3.987696
    2.334639     3.702267     3.489497
    3.048121     2.334639     3.702267
    3.614297     3.048121     2.334639
    2.451093     3.614297     3.048121
    3.702755     2.451093     3.614297
    5.640518     3.702755     2.451093
    2.723344     5.640518     3.702755
    3.616882     2.723344     5.640518
    4.169095     3.616882     2.723344
    4.750022     4.169095     3.616882
    5.318693     4.750022     4.169095
    5.657150     5.318693     4.750022
    4.801922     5.657150     5.318693
    4.934095     4.801922     5.657150
    5.332488     4.934095     4.801922
    5.130316     5.332488     4.934095
    4.616074     5.130316     5.332488
    5.203192     4.616074     5.130316
    5.429554     5.203192     4.616074
    4.812697     5.429554     5.203192
    3.726744     4.812697     5.429554
    2.505218     3.726744     4.812697
    4.660706     2.505218     3.726744
    3.002774     4.660706     2.505218
    3.868651     3.002774     4.660706
    3.566001     3.868651     3.002774
    3.665272     3.566001     3.868651
    2.699576     3.665272     3.566001
    3.485615     2.699576     3.665272
    4.179612     3.485615     2.699576
    4.718869     4.179612     3.485615
    4.912132     4.718869     4.179612
    4.977785     4.912132     4.718869
    3.302961     4.977785     4.912132
    3.555336     3.302961     4.977785
    3.504501     3.555336     3.302961
    4.432351     3.504501     3.555336
    2.550258     4.432351     3.504501
    3.884212     2.550258     4.432351
    3.194069     3.884212     2.550258
    2.097883     3.194069     3.884212
    1.369383     2.097883     3.194069
    2.899088     1.369383     2.097883
    4.049989     2.899088     1.369383
    4.623654     4.049989     2.899088
    4.306132     4.623654     4.049989
    4.966637     4.306132     4.623654
    3.509040     4.966637     4.306132
    4.983610     3.509040     4.966637
    4.414934     4.983610     3.509040
    1.587790     4.414934     4.983610
    2.968345     1.587790     4.414934
    3.670737     2.968345     1.587790
    2.210913     3.670737     2.968345
    2.954786     2.210913     3.670737
    1.561749     2.954786     2.210913
    2.089541     1.561749     2.954786
    3.059129     2.089541     1.561749
    4.184346     3.059129     2.089541
    3.815553     4.184346     3.059129
    4.616239     3.815553     4.184346
    5.968198     4.616239     3.815553
    5.562790     5.968198     4.616239
    2.785142     5.562790     5.968198
    3.028790     2.785142     5.562790
    4.026713     3.028790     2.785142
    4.590217     4.026713     3.028790
    4.157225     4.590217     4.026713
    2.644916     4.157225     4.590217
    3.095204     2.644916     4.157225
    3.135466     3.095204     2.644916
    2.724864     3.135466     3.095204
    2.352346     2.724864     3.135466
    4.622373     2.352346     2.724864
    3.116711     4.622373     2.352346
    3.599414     3.116711     4.622373
    2.926462     3.599414     3.116711
    4.104331     2.926462     3.599414
    3.257538     4.104331     2.926462
    3.618821     3.257538     4.104331
    4.208577     3.618821     3.257538
    2.790537     4.208577     3.618821
    3.684391     2.790537     4.208577
    4.940996     3.684391     2.790537
    5.001083     4.940996     3.684391
    6.091179     5.001083     4.940996
    8.405496     6.091179     5.001083
    5.782790     8.405496     6.091179
    4.706876     5.782790     8.405496
    5.492734     4.706876     5.782790
    5.717321     5.492734     4.706876
    5.216311     5.717321     5.492734
    5.255488     5.216311     5.717321
    4.955064     5.255488     5.216311
    3.684108     4.955064     5.255488
    3.718683     3.684108     4.955064
    4.114424     3.718683     3.684108
    3.057994     4.114424     3.718683
    3.062087     3.057994     4.114424
    2.530931     3.062087     3.057994
    1.871078     2.530931     3.062087
    2.429991     1.871078     2.530931
    2.311649     2.429991     1.871078
    4.491755     2.311649     2.429991
    2.606938     4.491755     2.311649
    3.324852     2.606938     4.491755
    2.780870     3.324852     2.606938
    3.429398     2.780870     3.324852
    2.461166     3.429398     2.780870
    2.270231     2.461166     3.429398
    3.550151     2.270231     2.461166
    1.816149     3.550151     2.270231
    3.308418     1.816149     3.550151
    3.489572     3.308418     1.816149
    2.853901     3.489572     3.308418
    4.370798     2.853901     3.489572
    5.510256     4.370798     2.853901
    3.744708     5.510256     4.370798
    4.813705     3.744708     5.510256
    4.495853     4.813705     3.744708
    4.071560     4.495853     4.813705
    3.908696     4.071560     4.495853
    3.856460     3.908696     4.071560
    3.858290     3.856460     3.908696
    4.142456     3.858290     3.856460
    5.872606     4.142456     3.858290
    4.845547     5.872606     4.142456
    4.688322     4.845547     5.872606
    3.883200     4.688322     4.845547
    3.408632     3.883200     4.688322
    3.463028     3.408632     3.883200
    2.564491     3.463028     3.408632
    2.180938     2.564491     3.463028
    2.083981     2.180938     2.564491
    3.031090     2.083981     2.180938
    5.060721     3.031090     2.083981
    3.232589     5.060721     3.031090
    3.996655     3.232589     5.060721
    1.071662     3.996655     3.232589
    1.515512     1.071662     3.996655
    1.630478     1.515512     1.071662
   -0.194037     1.630478     1.515512
    0.725282    -0.194037     1.630478
    1.236706     0.725282    -0.194037
    2.444701     1.236706     0.725282
    2.300844     2.444701     1.236706
    4.446999     2.300844     2.444701
    1.061127     4.446999     2.300844
    2.247709     1.061127     4.446999
    1.543759     2.247709     1.061127
    0.945308     1.543759     2.247709
    0.047126     0.945308     1.543759
    1.641200     0.047126     0.945308
    1.871329     1.641200     0.047126
    2.496332     1.871329     1.641200
    1.815889     2.496332     1.871329
    4.518100     1.815889     2.496332
    4.100234     4.518100     1.815889
    3.872546     4.100234     4.518100
    3.099709     3.872546     4.100234
    3.031377     3.099709     3.872546
    3.356892     3.031377     3.099709
    3.322475     3.356892     3.031377
    4.176764     3.322475     3.356892
    2.552204     4.176764     3.322475
    2.407199     2.552204     4.176764
    3.080194     2.407199     2.552204
    4.922618     3.080194     2.407199
    4.334168     4.922618     3.080194
    5.398216     4.334168     4.922618
    6.323786     5.398216     4.334168
    4.269806     6.323786     5.398216
    3.633393     4.269806     6.323786
    2.597828     3.633393     4.269806
    3.161155     2.597828     3.633393
    3.192246     3.161155     2.597828
    2.512938     3.192246     3.161155
    2.939388     2.512938     3.192246
    1.350298     2.939388     2.512938
    1.142451     1.350298     2.939388
    2.786984     1.142451     1.350298
    2.115558     2.786984     1.142451
    2.457598     2.115558     2.786984
    3.034520     2.457598     2.115558
    3.620802     3.034520     2.457598
    3.907673     3.620802     3.034520
    2.550120     3.907673     3.620802
    4.659136     2.550120     3.907673
    3.755137     4.659136     2.550120
    4.617770     3.755137     4.659136
    3.966642     4.617770     3.755137
    2.313389     3.966642     4.617770
    4.689115     2.313389     3.966642
    2.101108     4.689115     2.313389
    3.911900     2.101108     4.689115
    2.857449     3.911900     2.101108
    2.576251     2.857449     3.911900
    2.772134     2.576251     2.857449
    3.355174     2.772134     2.576251
    2.462201     3.355174     2.772134
    2.547631     2.462201     3.355174
    2.374228     2.547631     2.462201
    1.573540     2.374228     2.547631
    2.027803     1.573540     2.374228
    3.049830     2.027803     1.573540
    3.316148     3.049830     2.027803
    1.280967     3.316148     3.049830
    0.548974     1.280967     3.316148
    2.869920     0.548974     1.280967
    2.799755     2.869920     0.548974
    3.043672     2.799755     2.869920
    3.009204     3.043672     2.799755
    3.304536     3.009204     3.043672
    3.587897     3.304536     3.009204
    3.617083     3.587897     3.304536
    2.173296     3.617083     3.587897
    3.967536     2.173296     3.617083
    5.195862     3.967536     2.173296
    5.435819     5.195862     3.967536
    4.605480     5.435819     5.195862
    2.684314     4.605480     5.435819
    2.628985     2.684314     4.605480
    3.526979     2.628985     2.684314
    2.606683     3.526979     2.628985
    1.561786     2.606683     3.526979
    0.331457     1.561786     2.606683
    1.156724     0.331457     1.561786
   -0.462650     1.156724     0.331457
    0.823436    -0.462650     1.156724
    1.214690     0.823436    -0.462650
    1.652883     1.214690     0.823436
    3.178824     1.652883     1.214690
    1.625763     3.178824     1.652883
    3.417369     1.625763     3.178824
    2.731821     3.417369     1.625763
    2.894045     2.731821     3.417369
    4.123038     2.894045     2.731821
    4.871059     4.123038     2.894045
    5.199779     4.871059     4.123038
    4.889306     5.199779     4.871059
    4.515773     4.889306     5.199779
    6.047116     4.515773     4.889306
    3.128022     6.047116     4.515773
    3.153933     3.128022     6.047116
    3.874988     3.153933     3.128022
    3.440910     3.874988     3.153933
    3.059608     3.440910     3.874988
    4.221268     3.059608     3.440910
    3.326978     4.221268     3.059608
    2.482665     3.326978     4.221268
    3.961114     2.482665     3.326978
    3.907566     3.961114     2.482665
    4.652830     3.907566     3.961114
    5.274585     4.652830     3.907566
    6.185890     5.274585     4.652830
    5.921610     6.185890     5.274585
    5.301871     5.921610     6.185890
    4.655033     5.301871     5.921610
    3.827463     4.655033     5.301871
    1.824543     3.827463     4.655033
    1.538256     1.824543     3.827463
    1.674381     1.538256     1.824543
    3.784679     1.674381     1.538256
    4.470590     3.784679     1.674381
    5.197333     4.470590     3.784679
    3.752052     5.197333     4.470590
    3.291450     3.752052     5.197333
    1.475384     3.291450     3.752052
    1.556498     1.475384     3.291450
    2.261087     1.556498     1.475384
    2.807287     2.261087     1.556498
    2.124238     2.807287     2.261087
    2.268882     2.124238     2.807287
    4.033529     2.268882     2.124238
    2.781021     4.033529     2.268882
    3.651070     2.781021     4.033529
    3.522940     3.651070     2.781021
    4.581137     3.522940     3.651070
    6.309288     4.581137     3.522940
    4.619324     6.309288     4.581137
    5.322806     4.619324     6.309288
    3.677725     5.322806     4.619324
    3.535632     3.677725     5.322806
    3.725811     3.535632     3.677725
    2.954026     3.725811     3.535632
    2.654383     2.954026     3.725811
    3.951146     2.654383     2.954026
    3.599147     3.951146     2.654383
    2.476063     3.599147     3.951146
    2.235488     2.476063     3.599147
    5.394154     2.235488     2.476063
    3.902790     5.394154     2.235488
    4.067963     3.902790     5.394154
    3.222728     4.067963     3.902790
    4.064609     3.222728     4.067963
    3.013132     4.064609     3.222728
    4.617038     3.013132     4.064609
    2.145920     4.617038     3.013132
