    4.532460     4.903572     1.740006
    4.321155     4.532460     4.903572
    2.729764     4.321155     4.532460
    3.650478     2.729764     4.321155
    2.658398     3.650478     2.729764
    2.556090     2.658398     3.650478
    3.153487     2.556090     2.658398
    3.757746     3.153487     2.556090
    3.493980     3.757746     3.153487
    4.930906     3.493980     3.757746
    4.971844     4.930906     3.493980
    4.515027     4.971844     4.930906
    3.192350     4.515027     4.971844
    3.778544     3.192350     4.515027
    4.552944     3.778544     3.192350
    5.618888     4.552944     3.778544
    4.077703     5.618888     4.552944
    4.932312     4.077703     5.618888
    2.035405     4.932312     4.077703
    3.498904     2.035405     4.932312
    3.908124     3.498904     2.035405
    4.989835     3.908124     3.498904
    4.014749     4.989835     3.908124
    3.031564     4.014749     4.989835
    4.482425     3.031564     4.014749
    5.604650     4.482425     3.031564
    4.893073     5.604650     4.482425
    2.737171     4.893073     5.604650
    3.924994     2.737171     4.893073
    3.374748     3.924994     2.737171
    2.516668     3.374748     3.924994
    3.435967     2.516668     3.374748
    2.856395     3.435967     2.516668
    4.288606     2.856395     3.435967
    4.323488     4.288606     2.856395
    5.038019     4.323488     4.288606
    4.009276     5.038019     4.323488
    5.364658     4.009276     5.038019
    6.337430     5.364658     4.009276
    6.785579     6.337430     5.364658
    5.889394     6.785579     6.337430
    5.824308     5.889394     6.785579
    6.372045     5.824308     5.889394
    4.230800     6.372045     5.824308
    4.435273     4.230800     6.372045
    2.588788     4.435273     4.230800
    2.753310     2.588788     4.435273
    3.808968     2.753310     2.588788
    4.388851     3.808968     2.753310
    3.611355     4.388851     3.808968
    5.529561     3.611355     4.388851
    6.179265     5.529561     3.611355
    6.057711     6.179265     5.529561
    4.566473     6.057711     6.179265
    5.165984     4.566473     6.057711
    5.157357     5.165984     4.566473
    4.207239     5.157357     5.165984
    2.436182     4.207239     5.157357
    2.959495     2.436182     4.207239
    2.588422     2.959495     2.436182
    2.867229     2.588422     2.959495
    5.214032     2.867229     2.588422
    3.303896     5.214032     2.867229
    4.431944     3.303896     5.214032
    3.272533     4.431944     3.303896
    4.755909     3.272533     4.431944
    4.753258     4.755909     3.272533
    4.628608     4.753258     4.755909
    5.301516     4.628608     4.753258
    4.678505     5.301516     4.628608
    4.555235     4.678505     5.301516
    4.378152     4.555235     4.678505
    3.274760     4.378152     4.555235
    4.384312     3.274760     4.378152
    2.844462     4.384312     3.274760
    4.779114     2.844462     4.384312
    3.452353     4.779114     2.844462
    3.209181     3.452353     4.779114
    3.417608     3.209181     3.452353
    3.442586     3.417608     3.209181
    4.311743     3.442586     3.417608
    6.228841     4.311743     3.442586
    5.522640     6.228841     4.311743
    5.237036     5.522640     6.228841
    5.344987     5.237036     5.522640
    4.534451     5.344987     5.237036
    4.852337     4.534451     5.344987
    4.434935     4.852337     4.534451
    4.435105     4.434935     4.852337
    3.356596     4.435105     4.434935
    3.057848     3.356596     4.435105
    2.567821     3.057848     3.356596
    3.220576     2.567821     3.057848
    0.954983     3.220576     2.567821
    2.005040     0.954983     3.220576
    1.256263     2.005040     0.954983
    0.895953     1.256263     2.005040
    1.309179     0.895953     1.256263
    1.385738     1.309179     0.895953
    1.484871     1.385738     1.309179
    2.460343     1.484871     1.385738
    4.501434     2.460343     1.484871
    2.254543     4.501434     2.460343
    3.539454     2.254543     4.501434
    2.948412     3.539454     2.254543
    4.613044     2.948412     3.539454
    4.062692     4.613044     2.948412
    3.475880     4.062692     4.613044
    3.093003     3.475880     4.062692
    4.105348     3.093003     3.475880
    3.042615     4.105348     3.093003
    2.203638     3.042615     4.105348
    1.655527     2.203638     3.042615
    2.730004     1.655527     2.203638
    2.459658     2.730004     1.655527
    3.234279     2.459658     2.730004
    1.909367     3.234279     2.459658
    0.919969     1.909367     3.234279
    2.198463     0.919969     1.909367
    1.476026     2.198463     0.919969
    0.193442     1.476026     2.198463
    1.160106     0.193442     1.476026
    2.612387     1.160106     0.193442
    1.175677     2.612387     1.160106
    3.062783     1.175677     2.612387
    3.117000     3.062783     1.175677
    2.630415     3.117000     3.062783
    3.011716     2.630415     3.117000
    5.496657     3.011716     2.630415
    2.513406     5.496657     3.011716
    2.252282     2.513406     5.496657
    2.488761     2.252282     2.513406
    1.341344     2.488761     2.252282
    3.715748     1.341344     2.488761
    3.882198     3.715748     1.341344
    3.176210     3.882198     3.715748
    3.107516     3.176210     3.882198
    0.772307     3.107516     3.176210
    1.667424     0.772307     3.107516
    1.732315     1.667424     0.772307
   -0.641260     1.732315     1.667424
   -0.753903    -0.641260     1.732315
    0.346571    -0.753903    -0.641260
    0.928066     0.346571    -0.753903
    0.949868     0.928066     0.346571
    2.362424     0.949868     0.928066
    2.866403     2.362424     0.949868
    3.190616     2.866403     2.362424
    2.176046     3.190616     2.866403
    1.633420     2.176046     3.190616
    2.185372     1.633420     2.176046
    1.662671     2.185372     1.633420
    3.803076     1.662671     2.185372
    2.241986     3.803076     1.662671
    1.568773     2.241986     3.803076
    0.552687     1.568773     2.241986
    0.067466     0.552687     1.568773
    3.766840     0.067466     0.552687
    1.726617     3.766840     0.067466
    4.006799     1.726617     3.766840
    5.002056     4.006799     1.726617
    1.939706     5.002056     4.006799
    3.206120     1.939706     5.002056
    3.041653     3.206120     1.939706
    4.178619     3.041653     3.206120
    5.723620     4.178619     3.041653
    3.960036     5.723620     4.178619
    3.933007     3.960036     5.723620
    4.918006     3.933007     3.960036
    3.839817     4.918006     3.933007
    3.124707     3.839817     4.918006
    3.058190     3.124707     3.839817
    4.648176     3.058190     3.124707
    4.258579     4.648176     3.058190
    6.411697     4.258579     4.648176
    5.506826     6.411697     4.258579
    5.006996     5.506826     6.411697
    5.636710     5.006996     5.506826
    3.573862     5.636710     5.006996
    3.177349     3.573862     5.636710
    2.693370     3.177349     3.573862
    3.687192     2.693370     3.177349
    3.806223     3.687192     2.693370
    3.103289     3.806223     3.687192
    3.093972     3.103289     3.806223
    3.353351     3.093972     3.103289
    3.914654     3.353351     3.093972
    2.581609     3.914654     3.353351
    3.925801     2.581609     3.914654
    3.769628     3.925801     2.581609
    3.034890     3.769628     3.925801
    0.842390     3.034890     3.769628
    1.392420     0.842390     3.034890
    3.421925     1.392420     0.842390
    2.364518     3.421925     1.392420
    2.390404     2.364518     3.421925
    1.535378     2.390404     2.364518
    3.864929     1.535378     2.390404
    3.662603     3.864929     1.535378
    3.065860     3.662603     3.864929
    3.447546     3.065860     3.662603
    2.573372     3.447546     3.065860
    2.134126     2.573372     3.447546
    3.002335     2.134126     2.573372
    3.159227     3.002335     2.134126
    3.915308     3.159227     3.002335
    3.148603     3.915308     3.159227
    1.859047     3.148603     3.915308
    0.401975     1.859047     3.148603
    1.365806     0.401975     1.859047
    0.976303     1.365806     0.401975
    0.388313     0.976303     1.365806
    0.666566     0.388313     0.976303
   -0.411273     0.666566     0.388313
    3.344267    -0.411273     0.666566
    2.910353     3.344267    -0.411273
    4.195094     2.910353     3.344267
    4.327765     4.195094     2.910353
    6.229436     4.327765     4.195094
    5.559553     6.229436     4.327765
    4.966425     5.559553     6.229436
    4.999005     4.966425     5.559553
    5.217997     4.999005     4.966425
    3.894802     5.217997     4.999005
    3.948529     3.894802     5.217997
    4.160766     3.948529     3.894802
    5.906605     4.160766     3.948529
    4.179732     5.906605     4.160766
    5.618780     4.179732     5.906605
    5.207093     5.618780     4.179732
    4.691243     5.207093     5.618780
    3.716833     4.691243     5.207093
    5.415652     3.716833     4.691243
    3.660770     5.415652     3.716833
    3.620317     3.660770     5.415652
    4.703721     3.620317     3.660770
    6.617803     4.703721     3.620317
    5.785408     6.617803     4.703721
    5.146538     5.785408     6.617803
    5.681319     5.146538     5.785408
    6.784547     5.681319     5.146538
    6.045992     6.784547     5.681319
    2.994751     6.045992     6.784547
    2.920219     2.994751     6.045992
    3.541238     2.920219     2.994751
    2.006116     3.541238     2.920219
    2.578258     2.006116     3.541238
    1.741126     2.578258     2.006116
    0.549692     1.741126     2.578258
    0.087011     0.549692     1.741126
    1.900315     0.087011     0.549692
    2.878922     1.900315     0.087011
    3.483297     2.878922     1.900315
    1.419668     3.483297     2.878922
    1.048964     1.419668     3.483297
    1.905148     1.048964     1.419668
    0.921840     1.905148     1.048964
    0.703025     0.921840     1.905148
    0.779858     0.703025     0.921840
    1.954433     0.779858     0.703025
    2.426061     1.954433     0.779858
    2.331723     2.426061     1.954433
    1.583703     2.331723     2.426061
    3.177584     1.583703     2.331723
    3.844755     3.177584     1.583703
    2.525133     3.844755     3.177584
    3.563881     2.525133     3.844755
    2.147414     3.563881     2.525133
    2.567593     2.147414     3.563881
    2.230632     2.567593     2.147414
    1.108250     2.230632     2.567593
    1.364017     1.108250     2.230632
    3.847385     1.364017     1.108250
    3.957550     3.847385     1.364017
    4.178348     3.957550     3.847385
    2.722359     4.178348     3.957550
    2.307868     2.722359     4.178348
    3.467840     2.307868     2.722359
    2.851250     3.467840     2.307868
    2.415750     2.851250     3.467840
    3.453560     2.415750     2.851250
    2.603058     3.453560     2.415750
    1.707284     2.603058     3.453560
    3.562336     1.707284     2.603058
    1.064975     3.562336     1.707284
    2.565865     1.064975     3.562336
    2.722840     2.565865     1.064975
    2.940666     2.722840     2.565865
    1.484749     2.940666     2.722840
    3.085733     1.484749     2.940666
    2.925596     3.085733     1.484749
    2.781924     2.925596     3.085733
    3.615453     2.781924     2.925596
    2.754186     3.615453     2.781924
    1.653300     2.754186     3.615453
    2.174521     1.653300     2.754186
    2.233321     2.174521     1.653300
    1.903368     2.233321     2.174521
    1.965560     1.903368     2.233321
    0.739138     1.965560     1.903368
    3.274773     0.739138     1.965560
    2.678122     3.274773     0.739138
    2.474410     2.678122     3.274773
    1.547331     2.474410     2.678122
    0.605360     1.547331     2.474410
    2.366703     0.605360     1.547331
    2.554013     2.366703     0.605360
    3.248892     2.554013     2.366703
    2.073527     3.248892     2.554013
    5.275848     2.073527     3.248892
    3.117042     5.275848     2.073527
    2.047827     3.117042     5.275848
    2.710151     2.047827     3.117042
    4.310695     2.710151     2.047827
    3.487285     4.310695     2.710151
    3.938004     3.487285     4.310695
    3.744542     3.938004     3.487285
    3.246010     3.744542     3.938004
    2.602393     3.246010     3.744542
    0.876569     2.602393     3.246010
   -0.216597     0.876569     2.602393
    1.736504    -0.216597     0.876569
    0.432974     1.736504    -0.216597
    1.022041     0.432974     1.736504
   -0.097824     1.022041     0.432974
    0.365177    -0.097824     1.022041
    0.600270     0.365177    -0.097824
    0.037696     0.600270     0.365177
   -0.693571     0.037696     0.600270
    1.343522    -0.693571     0.037696
    0.020816     1.343522    -0.693571
   -0.023029     0.020816     1.343522
   -0.041317    -0.023029     0.020816
    2.954039    -0.041317    -0.023029
    1.803024     2.954039    -0.041317
    4.542464     1.803024     2.954039
    4.817528     4.542464     1.803024
    3.153154     4.817528     4.542464
    2.444412     3.153154     4.817528
    2.464471     2.444412     3.153154
    2.140231     2.464471     2.444412
    3.338781     2.140231     2.464471
    3.282168     3.338781     2.140231
    2.685251     3.282168     3.338781
    3.350472     2.685251     3.282168
    3.694481     3.350472     2.685251
    4.710828     3.694481     3.350472
    4.329053     4.710828     3.694481
    2.792015     4.329053     4.710828
    3.239449     2.792015     4.329053
    3.882525     3.239449     2.792015
    3.876764     3.882525     3.239449
    3.235826     3.876764     3.882525
    1.817459     3.235826     3.876764
    1.430426     1.817459     3.235826
    2.720154     1.430426     1.817459
    4.568805     2.720154     1.430426
    4.431623     4.568805     2.720154
    2.878359     4.431623     4.568805
    2.802654     2.878359     4.431623
    3.112673     2.802654     2.878359
    3.482089     3.112673     2.802654
    2.615722     3.482089     3.112673
    2.800629     2.615722     3.482089
    3.093129     2.800629     2.615722
    2.673766     3.093129     2.800629
    3.634329     2.673766     3.093129
    3.386363     3.634329     2.673766
    4.559224     3.386363     3.634329
    4.406034     4.559224     3.386363
    4.560695     4.406034     4.559224
    3.699895     4.560695     4.406034
    2.042879     3.699895     4.560695
    2.979837     2.042879     3.699895
    2.105982     2.979837     2.042879
    2.487183     2.105982     2.979837
    1.561501     2.487183     2.105982
    2.492928     1.561501     2.487183
    2.028014     2.492928     1.561501
    3.369896     2.028014     2.492928
    2.989419     3.369896     2.028014
    3.319349     2.989419     3.369896
    2.527554     3.319349     2.989419
    1.203848     2.527554     3.319349
    1.120908     1.203848     2.527554
    3.177458     1.120908     1.203848
    2.189408     3.177458     1.120908
    2.902891     2.189408     3.177458
    2.896987     2.902891     2.189408
    4.044850     2.896987     2.902891
    3.544542     4.044850     2.896987
    4.818746     3.544542     4.044850
    3.701111     4.818746     3.544542
    3.333266     3.701111     4.818746
    3.213190     3.333266     3.701111
    4.537118     3.213190     3.333266
    4.262519     4.537118     3.213190
    3.495164     4.262519     4.537118
    3.973321     3.495164     4.262519
    1.918034     3.973321     3.495164
    4.080857     1.918034     3.973321
    1.147762     4.080857     1.918034
    2.067936     1.147762     4.080857
    1.754854     2.067936     1.147762
    2.117200     1.754854     2.067936
    2.031938     2.117200     1.754854
    1.735968     2.031938     2.117200
    2.849340     1.735968     2.031938
    1.528518     2.849340     1.735968
    2.609528     1.528518     2.849340
    2.521293     2.609528     1.528518
    1.612048     2.521293     2.609528
    2.529409     1.612048     2.521293
    2.096426     2.529409     1.612048
    0.886070     2.096426     2.529409
    1.126342     0.886070     2.096426
    2.922650     1.126342     0.886070
    2.178861     2.922650     1.126342
    2.651681     2.178861     2.922650
    2.099101     2.651681     2.178861
    1.598870     2.099101     2.651681
    1.933207     1.598870     2.099101
    2.235037     1.933207     1.598870
    1.696978     2.235037     1.933207
    1.759927     1.696978     2.235037
    3.222377     1.759927     1.696978
    2.158567     3.222377     1.759927
    2.898122     2.158567     3.222377
    3.987208     2.898122     2.158567
    5.914460     3.987208     2.898122
    6.705436     5.914460     3.987208
    5.678600     6.705436     5.914460
    5.014613     5.678600     6.705436
    3.145950     5.014613     5.678600
    2.952572     3.145950     5.014613
    3.051004     2.952572     3.145950
    2.819811     3.051004     2.952572
    5.001178     2.819811     3.051004
    4.507851     5.001178     2.819811
    4.598174     4.507851     5.001178
    4.200180     4.598174     4.507851
    5.855793     4.200180     4.598174
    3.698752     5.855793     4.200180
    3.568440     3.698752     5.855793
    4.694449     3.568440     3.698752
    3.866752     4.694449     3.568440
    3.761463     3.866752     4.694449
    3.519838     3.761463     3.866752
    4.034573     3.519838     3.761463
    4.467667     4.034573     3.519838
    2.858433     4.467667     4.034573
    3.686543     2.858433     4.467667
    3.434420     3.686543     2.858433
    5.229014     3.434420     3.686543
    4.796339     5.229014     3.434420
    5.241631     4.796339     5.229014
    6.247708     5.241631     4.796339
    4.631943     6.247708     5.241631
    3.777479     4.631943     6.247708
    4.592197     3.777479     4.631943
    4.066314     4.592197     3.777479
    3.207032     4.066314     4.592197
    4.752262     3.207032     4.066314
    5.040813     4.752262     3.207032
    4.389649     5.040813     4.752262
    2.534922     4.389649     5.040813
    2.157075     2.534922     4.389649
    4.033268     2.157075     2.534922
    4.060893     4.033268     2.157075
    2.743787     4.060893     4.033268
    3.999151     2.743787     4.060893
    5.078885     3.999151     2.743787
    4.514841     5.078885     3.999151
    3.393849     4.514841     5.078885
    2.212643     3.393849     4.514841
    3.824927     2.212643     3.393849
    3.342253     3.824927     2.212643
    4.927262     3.342253     3.824927
    2.806329     4.927262     3.342253
    0.669773     2.806329     4.927262
    2.531352     0.669773     2.806329
    2.541802     2.531352     0.669773
    1.347996     2.541802     2.531352
    3.542004     1.347996     2.541802
    4.206822     3.542004     1.347996
    3.718382     4.206822     3.542004
    3.677146     3.718382     4.206822
    3.428158     3.677146     3.718382
    4.196587     3.428158     3.677146
    5.940196     4.196587     3.428158
    4.150567     5.940196     4.196587
    3.809078     4.150567     5.940196
    3.378685     3.809078     4.150567
    4.060685     3.378685     3.809078
    2.998766     4.060685     3.378685
    3.836807     2.998766     4.060685
    3.661462     3.836807     2.998766
    5.974141     3.661462     3.836807
    5.045310     5.974141     3.661462
    3.901563     5.045310     5.974141
