    1.734515     2.775534     1.213854
    3.454663     1.734515     2.775534
    1.034236     3.454663     1.734515
    0.895544     1.034236     3.454663
    0.956543     0.895544     1.034236
    0.493232     0.956543     0.895544
    1.897406     0.493232     0.956543
    1.010204     1.897406     0.493232
    5.700701     1.010204     1.897406
    3.018595     5.700701     1.010204
    3.462501     3.018595     5.700701
    4.957412     3.462501     3.018595
    4.285881     4.957412     3.462501
    3.553861     4.285881     4.957412
    2.581318     3.553861     4.285881
    4.341413     2.581318     3.553861
    3.064237     4.341413     2.581318
    3.065019     3.064237     4.341413
    2.020340     3.065019     3.064237
    2.268840     2.020340     3.065019
    2.622418     2.268840     2.020340
    2.622342     2.622418     2.268840
    3.364604     2.622342     2.622418
    2.482943     3.364604     2.622342
    3.254548     2.482943     3.364604
    3.023856     3.254548     2.482943
    2.979160     3.023856     3.254548
    2.119173     2.979160     3.023856
    2.137804     2.119173     2.979160
    1.457023     2.137804     2.119173
    3.589446     1.457023     2.137804
    3.051649     3.589446     1.457023
    5.569467     3.051649     3.589446
    3.403553     5.569467     3.051649
    3.995259     3.403553     5.569467
    3.518270     3.995259     3.403553
    5.223070     3.518270     3.995259
    3.785225     5.223070     3.518270
    3.351690     3.785225     5.223070
    6.942932     3.351690     3.785225
    4.500786     6.942932     3.351690
    4.656654     4.500786     6.942932
    3.271256     4.656654     4.500786
    3.367143     3.271256     4.656654
    3.357665     3.367143     3.271256
    1.682991     3.357665     3.367143
    3.152111     1.682991     3.357665
    1.987214     3.152111     1.682991
    1.531111     1.987214     3.152111
    1.505316     1.531111     1.987214
    1.446756     1.505316     1.531111
    3.758321     1.446756     1.505316
    2.283142     3.758321     1.446756
    2.473184     2.283142     3.758321
    2.137130     2.473184     2.283142
    2.178462     2.137130     2.473184
    1.143189     2.178462     2.137130
    2.355027     1.143189     2.178462
    2.991442     2.355027     1.143189
    2.645300     2.991442     2.355027
    2.981529     2.645300     2.991442
    2.246032     2.981529     2.645300
    2.481966     2.246032     2.981529
    4.076165     2.481966     2.246032
    2.585058     4.076165     2.481966
    3.231019     2.585058     4.076165
    3.725438     3.231019     2.585058
    3.192091     3.725438     3.231019
    4.031346     3.192091     3.725438
    2.577321     4.031346     3.192091
    3.742798     2.577321     4.031346
    2.095223     3.742798     2.577321
    3.031741     2.095223     3.742798
    3.368236     3.031741     2.095223
    2.481277     3.368236     3.031741
    3.093985     2.481277     3.368236
    2.626819     3.093985     2.481277
    1.451623     2.626819     3.093985
    2.960166     1.451623     2.626819
    1.437397     2.960166     1.451623
    2.096906     1.437397     2.960166
    2.911414     2.096906     1.437397
    3.154551     2.911414     2.096906
    4.203234     3.154551     2.911414
    4.691424     4.203234     3.154551
    4.620453     4.691424     4.203234
    4.997078     4.620453     4.691424
    5.719231     4.997078     4.620453
    6.287208     5.719231     4.997078
    5.125373     6.287208     5.719231
    6.750811     5.125373     6.287208
    4.686442     6.750811     5.125373
    5.239980     4.686442     6.750811
    3.549087     5.239980     4.686442
    5.367056     3.549087     5.239980
    5.250502     5.367056     3.549087
    5.598278     5.250502     5.367056
    4.841088     5.598278     5.250502
    4.875701     4.841088     5.598278
    4.218785     4.875701     4.841088
    3.689656     4.218785     4.875701
    4.620955     3.689656     4.218785
    4.382012     4.620955     3.689656
    2.670737     4.382012     4.620955
    2.907870     2.670737     4.382012
    2.861739     2.907870     2.670737
    1.935970     2.861739     2.907870
    4.378614     1.935970     2.861739
    2.793408     4.378614     1.935970
    2.612190     2.793408     4.378614
    4.302603     2.612190     2.793408
    3.560394     4.302603     2.612190
    4.127578     3.560394     4.302603
    4.371059     4.127578     3.560394
    5.364588     4.371059     4.127578
    5.928977     5.364588     4.371059
    5.531003     5.928977     5.364588
    5.094073     5.531003     5.928977
    3.833859     5.094073     5.531003
    5.668671     3.833859     5.094073
    4.624124     5.668671     3.833859
    3.001153     4.624124     5.668671
    3.488755     3.001153     4.624124
    3.829228     3.488755     3.001153
    3.579681     3.829228     3.488755
    3.784544     3.579681     3.829228
    4.607728     3.784544     3.579681
    4.582832     4.607728     3.784544
    4.528503     4.582832     4.607728
    5.229969     4.528503     4.582832
    5.412923     5.229969     4.528503
    5.046219     5.412923     5.229969
    5.375402     5.046219     5.412923
    2.933040     5.375402     5.046219
    5.348821     2.933040     5.375402
    2.164151     5.348821     2.933040
    3.101001     2.164151     5.348821
    3.386594     3.101001     2.164151
    3.609791     3.386594     3.101001
    2.337931     3.609791     3.386594
    2.849873     2.337931     3.609791
    3.049628     2.849873     2.337931
    4.488112     3.049628     2.849873
    2.132037     4.488112     3.049628
    3.000538     2.132037     4.488112
    3.935709     3.000538     2.132037
    4.534714     3.935709     3.000538
    4.448378     4.534714     3.935709
    4.957595     4.448378     4.534714
    3.682327     4.957595     4.448378
    3.215961     3.682327     4.957595
    3.630778     3.215961     3.682327
    2.994765     3.630778     3.215961
    3.111922     2.994765     3.630778
    2.898043     3.111922     2.994765
    1.958167     2.898043     3.111922
    2.435291     1.958167     2.898043
    3.546201     2.435291     1.958167
    2.064338     3.546201     2.435291
    3.375662     2.064338     3.546201
    5.560231     3.375662     2.064338
    4.313010     5.560231     3.375662
    4.114281     4.313010     5.560231
    4.853104     4.114281     4.313010
    5.735706     4.853104     4.114281
    5.678573     5.735706     4.853104
    5.160965     5.678573     5.735706
    4.849720     5.160965     5.678573
    3.125621     4.849720     5.160965
    2.776902     3.125621     4.849720
    2.850095     2.776902     3.125621
    3.290521     2.850095     2.776902
    3.667115     3.290521     2.850095
    1.994463     3.667115     3.290521
    1.712132     1.994463     3.667115
    2.618448     1.712132     1.994463
    2.915169     2.618448     1.712132
    0.847733     2.915169     2.618448
    2.731999     0.847733     2.915169
    5.295817     2.731999     0.847733
    2.873548     5.295817     2.731999
    2.096413     2.873548     5.295817
    3.731067     2.096413     2.873548
    3.313710     3.731067     2.096413
    3.797496     3.313710     3.731067
    3.800167     3.797496     3.313710
    2.571771     3.800167     3.797496
    4.855904     2.571771     3.800167
    3.663719     4.855904     2.571771
    4.128825     3.663719     4.855904
    3.181688     4.128825     3.663719
    2.578754     3.181688     4.128825
    3.914501     2.578754     3.181688
    3.155569     3.914501     2.578754
    2.711873     3.155569     3.914501
    3.494667     2.711873     3.155569
    2.321391     3.494667     2.711873
    2.985592     2.321391     3.494667
    3.513586     2.985592     2.321391
    3.085678     3.513586     2.985592
    4.552156     3.085678     3.513586
    1.365698     4.552156     3.085678
    2.834703     1.365698     4.552156
    4.205020     2.834703     1.365698
    2.990138     4.205020     2.834703
    2.300542     2.990138     4.205020
    3.059496     2.300542     2.990138
    4.081935     3.059496     2.300542
    4.594150     4.081935     3.059496
    3.454796     4.594150     4.081935
    4.182971     3.454796     4.594150
    3.792841     4.182971     3.454796
    6.659903     3.792841     4.182971
    3.851093     6.659903     3.792841
    5.399579     3.851093     6.659903
    3.713523     5.399579     3.851093
    4.260578     3.713523     5.399579
    4.706729     4.260578     3.713523
    4.132961     4.706729     4.260578
    5.577839     4.132961     4.706729
    3.634535     5.577839     4.132961
    5.101194     3.634535     5.577839
    5.652649     5.101194     3.634535
    3.937478     5.652649     5.101194
    4.352491     3.937478     5.652649
    3.444508     4.352491     3.937478
    2.607597     3.444508     4.352491
    2.439968     2.607597     3.444508
    4.212728     2.439968     2.607597
    3.947862     4.212728     2.439968
    3.368063     3.947862     4.212728
    4.001928     3.368063     3.947862
    3.624653     4.001928     3.368063
    4.148272     3.624653     4.001928
    4.375280     4.148272     3.624653
    2.829961     4.375280     4.148272
    1.797542     2.829961     4.375280
    2.462820     1.797542     2.829961
    2.622541     2.462820     1.797542
    1.201223     2.622541     2.462820
    3.617378     1.201223     2.622541
    2.273472     3.617378     1.201223
    4.649595     2.273472     3.617378
    4.722120     4.649595     2.273472
    5.018449     4.722120     4.649595
    4.729094     5.018449     4.722120
    3.659196     4.729094     5.018449
    4.140423     3.659196     4.729094
    3.873100     4.140423     3.659196
    1.971475     3.873100     4.140423
    3.619848     1.971475     3.873100
    2.067100     3.619848     1.971475
    2.516509     2.067100     3.619848
    4.540885     2.516509     2.067100
    3.200097     4.540885     2.516509
    3.388281     3.200097     4.540885
    2.813662     3.388281     3.200097
    2.774187     2.813662     3.388281
    3.456272     2.774187     2.813662
    4.228117     3.456272     2.774187
    6.706891     4.228117     3.456272
    4.727342     6.706891     4.228117
    6.069354     4.727342     6.706891
    5.646557     6.069354     4.727342
    4.660230     5.646557     6.069354
    6.586788     4.660230     5.646557
    6.392939     6.586788     4.660230
    6.688785     6.392939     6.586788
    4.048264     6.688785     6.392939
    5.445022     4.048264     6.688785
    3.757476     5.445022     4.048264
    1.435362     3.757476     5.445022
    3.837214     1.435362     3.757476
    3.620959     3.837214     1.435362
    2.881220     3.620959     3.837214
    2.617886     2.881220     3.620959
    3.171440     2.617886     2.881220
    3.510815     3.171440     2.617886
    3.871234     3.510815     3.171440
    3.490188     3.871234     3.510815
    2.923992     3.490188     3.871234
    3.278473     2.923992     3.490188
    5.497217     3.278473     2.923992
    4.739114     5.497217     3.278473
    4.363391     4.739114     5.497217
    6.317102     4.363391     4.739114
    4.254305     6.317102     4.363391
    5.112976     4.254305     6.317102
    4.669835     5.112976     4.254305
    6.344548     4.669835     5.112976
    4.520972     6.344548     4.669835
    5.752041     4.520972     6.344548
    5.290929     5.752041     4.520972
    6.765414     5.290929     5.752041
    4.488960     6.765414     5.290929
    4.260864     4.488960     6.765414
    6.206499     4.260864     4.488960
    3.962624     6.206499     4.260864
    4.206647     3.962624     6.206499
    3.557032     4.206647     3.962624
    4.377047     3.557032     4.206647
    3.670579     4.377047     3.557032
    2.650773     3.670579     4.377047
    4.045073     2.650773     3.670579
    5.253230     4.045073     2.650773
    3.937693     5.253230     4.045073
    3.803678     3.937693     5.253230
    5.000859     3.803678     3.937693
    3.868037     5.000859     3.803678
    4.512484     3.868037     5.000859
    3.775695     4.512484     3.868037
    3.917828     3.775695     4.512484
    4.434449     3.917828     3.775695
    2.285010     4.434449     3.917828
    2.740020     2.285010     4.434449
    1.001297     2.740020     2.285010
    2.175416     1.001297     2.740020
    2.178137     2.175416     1.001297
    2.418237     2.178137     2.175416
    2.566308     2.418237     2.178137
    2.387536     2.566308     2.418237
    2.388951     2.387536     2.566308
    1.654269     2.388951     2.387536
    1.777751     1.654269     2.388951
    3.547956     1.777751     1.654269
    2.491786     3.547956     1.777751
    2.114089     2.491786     3.547956
    2.463017     2.114089     2.491786
    1.893001     2.463017     2.114089
    0.891958     1.893001     2.463017
    1.852719     0.891958     1.893001
    1.419209     1.852719     0.891958
    3.673354     1.419209     1.852719
    4.672297     3.673354     1.419209
    4.109764     4.672297     3.673354
    3.845612     4.109764     4.672297
    3.504440     3.845612     4.109764
    3.071611     3.504440     3.845612
    2.608410     3.071611     3.504440
    4.050281     2.608410     3.071611
    3.856053     4.050281     2.608410
    3.089775     3.856053     4.050281
    4.395263     3.089775     3.856053
    2.445038     4.395263     3.089775
    2.992230     2.445038     4.395263
    4.481578     2.992230     2.445038
    4.361187     4.481578     2.992230
    3.539864     4.361187     4.481578
    3.766134     3.539864     4.361187
    2.395902     3.766134     3.539864
    1.942030     2.395902     3.766134
    2.744228     1.942030     2.395902
    3.021490     2.744228     1.942030
    4.659791     3.021490     2.744228
    2.478809     4.659791     3.021490
    3.308827     2.478809     4.659791
    3.212530     3.308827     2.478809
    3.027080     3.212530     3.308827
    2.963710     3.027080     3.212530
    3.017680     2.963710     3.027080
    4.386617     3.017680     2.963710
    4.002638     4.386617     3.017680
    2.410093     4.002638     4.386617
    2.505051     2.410093     4.002638
    4.561066     2.505051     2.410093
    3.582083     4.561066     2.505051
    2.441079     3.582083     4.561066
    1.706159     2.441079     3.582083
    1.076937     1.706159     2.441079
    2.049039     1.076937     1.706159
    2.894141     2.049039     1.076937
    2.609442     2.894141     2.049039
    2.196512     2.609442     2.894141
    1.398803     2.196512     2.609442
    2.060828     1.398803     2.196512
    1.798521     2.060828     1.398803
    3.776217     1.798521     2.060828
    3.102675     3.776217     1.798521
    1.804538     3.102675     3.776217
    1.229393     1.804538     3.102675
    2.651348     1.229393     1.804538
    3.459257     2.651348     1.229393
    3.920812     3.459257     2.651348
    3.468692     3.920812     3.459257
    2.235434     3.468692     3.920812
    0.436468     2.235434     3.468692
    2.462880     0.436468     2.235434
    1.317958     2.462880     0.436468
    1.955894     1.317958     2.462880
    1.776899     1.955894     1.317958
    2.823692     1.776899     1.955894
    1.853683     2.823692     1.776899
    1.038313     1.853683     2.823692
    3.390646     1.038313     1.853683
    3.204992     3.390646     1.038313
    3.024388     3.204992     3.390646
    0.678770     3.024388     3.204992
    2.146272     0.678770     3.024388
    2.614092     2.146272     0.678770
    3.492943     2.614092     2.146272
    3.675218     3.492943     2.614092
    3.367916     3.675218     3.492943
    3.962252     3.367916     3.675218
    0.757679     3.962252     3.367916
    1.634505     0.757679     3.962252
    2.877890     1.634505     0.757679
    3.911348     2.877890     1.634505
    4.289784     3.911348     2.877890
    2.962375     4.289784     3.911348
    2.505367     2.962375     4.289784
    3.542998     2.505367     2.962375
    1.106746     3.542998     2.505367
    2.602542     1.106746     3.542998
    1.763899     2.602542     1.106746
    1.172188     1.763899     2.602542
    1.929631     1.172188     1.763899
    0.697213     1.929631     1.172188
   -0.105943     0.697213     1.929631
    1.094239    -0.105943     0.697213
    0.447765     1.094239    -0.105943
   -1.067172     0.447765     1.094239
   -0.544418    -1.067172     0.447765
    1.246215    -0.544418    -1.067172
    0.574547     1.246215    -0.544418
    1.516966     0.574547     1.246215
    1.615549     1.516966     0.574547
    1.983562     1.615549     1.516966
    2.056252     1.983562     1.615549
    2.225618     2.056252     1.983562
    2.403020     2.225618     2.056252
    0.961486     2.403020     2.225618
    1.941871     0.961486     2.403020
    2.556573     1.941871     0.961486
    2.424044     2.556573     1.941871
    0.713915     2.424044     2.556573
    0.791335     0.713915     2.424044
   -0.236380     0.791335     0.713915
    3.232977    -0.236380     0.791335
    3.202752     3.232977    -0.236380
    3.392034     3.202752     3.232977
    4.492197     3.392034     3.202752
    3.704359     4.492197     3.392034
    2.606882     3.704359     4.492197
    1.477677     2.606882     3.704359
    1.518253     1.477677     2.606882
    2.481042     1.518253     1.477677
    3.597498     2.481042     1.518253
    1.710043     3.597498     2.481042
    2.188004     1.710043     3.597498
    3.815264     2.188004     1.710043
    2.696542     3.815264     2.188004
    3.835509     2.696542     3.815264
    2.112493     3.835509     2.696542
    1.518183     2.112493     3.835509
    2.359317     1.518183     2.112493
    2.833424     2.359317     1.518183
    4.893727     2.833424     2.359317
    3.910880     4.893727     2.833424
    6.852281     3.910880     4.893727
    6.250479     6.852281     3.910880
    5.886535     6.250479     6.852281
    4.783659     5.886535     6.250479
    3.385334     4.783659     5.886535
    2.433811     3.385334     4.783659
    1.425422     2.433811     3.385334
    2.332937     1.425422     2.433811
    1.935289     2.332937     1.425422
    3.810993     1.935289     2.332937
    4.589988     3.810993     1.935289
    4.317630     4.589988     3.810993
    3.778028     4.317630     4.589988
    3.170573     3.778028     4.317630
    2.627461     3.170573     3.778028
    2.796356     2.627461     3.170573
    1.986252     2.796356     2.627461
    1.378822     1.986252     2.796356
    1.759696     1.378822     1.986252
    1.664156     1.759696     1.378822
    0.931090     1.664156     1.759696
    2.211941     0.931090     1.664156
    1.695112     2.211941     0.931090
    3.497939     1.695112     2.211941
    2.324587     3.497939     1.695112
    3.707438     2.324587     3.497939
    3.650498     3.707438     2.324587
    3.306859     3.650498     3.707438
    2.556624     3.306859     3.650498
    3.205198     2.556624     3.306859
    1.333060     3.205198     2.556624
    2.146930     1.333060     3.205198
    4.339910     2.146930     1.333060
    4.263929     4.339910     2.146930
    4.831109     4.263929     4.339910
    4.982778     4.831109     4.263929
    5.049680     4.982778     4.831109
    2.498946     5.049680     4.982778
    2.680526     2.498946     5.049680
    3.100316     2.680526     2.498946
    2.689574     3.100316     2.680526
    3.147574     2.689574     3.100316
