    3.067102     3.180186     2.469447
    4.139159     3.067102     3.180186
    4.204066     4.139159     3.067102
    3.237180     4.204066     4.139159
    4.173341     3.237180     4.204066
    4.008571     4.173341     3.237180
    4.460514     4.008571     4.173341
    3.253838     4.460514     4.008571
    5.424820     3.253838     4.460514
    3.599451     5.424820     3.253838
    4.089547     3.599451     5.424820
    5.375400     4.089547     3.599451
    6.612230     5.375400     4.089547
    4.196254     6.612230     5.375400
    3.393899     4.196254     6.612230
    5.493206     3.393899     4.196254
    5.649827     5.493206     3.393899
    3.650212     5.649827     5.493206
    3.666707     3.650212     5.649827
    2.910332     3.666707     3.650212
    2.101822     2.910332     3.666707
    2.631649     2.101822     2.910332
    2.521172     2.631649     2.101822
    3.123830     2.521172     2.631649
    5.550604     3.123830     2.521172
    6.748143     5.550604     3.123830
    4.398514     6.748143     5.550604
    4.561273     4.398514     6.748143
    4.120918     4.561273     4.398514
    4.193412     4.120918     4.561273
    3.406904     4.193412     4.120918
    3.509784     3.406904     4.193412
    4.832502     3.509784     3.406904
    4.554985     4.832502     3.509784
    4.499703     4.554985     4.832502
    3.848939     4.499703     4.554985
    5.302940     3.848939     4.499703
    4.032915     5.302940     3.848939
    4.306891     4.032915     5.302940
    3.364033     4.306891     4.032915
    4.046644     3.364033     4.306891
    3.222542     4.046644     3.364033
    4.075572     3.222542     4.046644
    3.694229     4.075572     3.222542
    3.934115     3.694229     4.075572
    3.711177     3.934115     3.694229
    4.111329     3.711177     3.934115
    1.858448     4.111329     3.711177
    2.774648     1.858448     4.111329
    3.613592     2.774648     1.858448
    1.347208     3.613592     2.774648
    3.251981     1.347208     3.613592
    5.540496     3.251981     1.347208
    4.151765     5.540496     3.251981
    5.443840     4.151765     5.540496
    3.895123     5.443840     4.151765
    3.908608     3.895123     5.443840
    2.192818     3.908608     3.895123
    3.076528     2.192818     3.908608
    3.324733     3.076528     2.192818
    2.987201     3.324733     3.076528
    4.315238     2.987201     3.324733
    4.905164     4.315238     2.987201
    2.508198     4.905164     4.315238
    4.958709     2.508198     4.905164
    5.041198     4.958709     2.508198
    5.104744     5.041198     4.958709
    4.303082     5.104744     5.041198
    5.778931     4.303082     5.104744
    6.537454     5.778931     4.303082
    5.790204     6.537454     5.778931
    7.143263     5.790204     6.537454
    6.638412     7.143263     5.790204
    5.916638     6.638412     7.143263
    4.217223     5.916638     6.638412
    4.913580     4.217223     5.916638
    3.969207     4.913580     4.217223
    5.877883     3.969207     4.913580
    3.811838     5.877883     3.969207
    3.628994     3.811838     5.877883
    2.879093     3.628994     3.811838
    3.270940     2.879093     3.628994
    4.634940     3.270940     2.879093
    4.499438     4.634940     3.270940
    3.081187     4.499438     4.634940
    2.230482     3.081187     4.499438
    1.316728     2.230482     3.081187
    3.803899     1.316728     2.230482
    3.479421     3.803899     1.316728
    4.233662     3.479421     3.803899
    4.050101     4.233662     3.479421
    4.954999     4.050101     4.233662
    4.273053     4.954999     4.050101
    4.465823     4.273053     4.954999
    3.744279     4.465823     4.273053
    2.792919     3.744279     4.465823
    2.656519     2.792919     3.744279
    2.688646     2.656519     2.792919
    3.731482     2.688646     2.656519
    2.562699     3.731482     2.688646
    4.431324     2.562699     3.731482
    3.735380     4.431324     2.562699
    5.155998     3.735380     4.431324
    4.556662     5.155998     3.735380
    5.170599     4.556662     5.155998
    4.191235     5.170599     4.556662
    4.436055     4.191235     5.170599
    4.396346     4.436055     4.191235
    4.852782     4.396346     4.436055
    3.194597     4.852782     4.396346
    2.335673     3.194597     4.852782
    3.759473     2.335673     3.194597
    3.545729     3.759473     2.335673
    4.163822     3.545729     3.759473
    3.120198     4.163822     3.545729
    3.586665     3.120198     4.163822
    3.622620     3.586665     3.120198
    3.808463     3.622620     3.586665
    4.302250     3.808463     3.622620
    3.399610     4.302250     3.808463
    2.982540     3.399610     4.302250
    3.447590     2.982540     3.399610
    3.618117     3.447590     2.982540
    3.925210     3.618117     3.447590
    2.503164     3.925210     3.618117
    3.348810     2.503164     3.925210
    2.655678     3.348810     2.503164
    3.192579     2.655678     3.348810
    3.620459     3.192579     2.655678
    2.761011     3.620459     3.192579
    2.622287     2.761011     3.620459
    2.527550     2.622287     2.761011
    3.356052     2.527550     2.622287
    1.204949     3.356052     2.527550
    1.117677     1.204949     3.356052
    2.683938     1.117677     1.204949
    1.844863     2.683938     1.117677
    3.779583     1.844863     2.683938
    3.199089     3.779583     1.844863
    4.252451     3.199089     3.779583
    3.008836     4.252451     3.199089
    3.890970     3.008836     4.252451
    4.378756     3.890970     3.008836
    3.558392     4.378756     3.890970
    2.407324     3.558392     4.378756
    1.340789     2.407324     3.558392
    2.038918     1.340789     2.407324
    2.222953     2.038918     1.340789
    3.747389     2.222953     2.038918
    1.877724     3.747389     2.222953
    3.671970     1.877724     3.747389
    2.614783     3.671970     1.877724
    1.901615     2.614783     3.671970
    2.370513     1.901615     2.614783
    2.403191     2.370513     1.901615
    3.732594     2.403191     2.370513
    2.732124     3.732594     2.403191
    1.948757     2.732124     3.732594
    4.540611     1.948757     2.732124
    2.322608     4.540611     1.948757
    4.443982     2.322608     4.540611
    5.049028     4.443982     2.322608
    4.252771     5.049028     4.443982
    3.796541     4.252771     5.049028
    3.331156     3.796541     4.252771
    4.067215     3.331156     3.796541
    2.420667     4.067215     3.331156
    3.515247     2.420667     4.067215
    3.786943     3.515247     2.420667
    4.232064     3.786943     3.515247
    4.978976     4.232064     3.786943
    4.001440     4.978976     4.232064
    2.478770     4.001440     4.978976
    3.226800     2.478770     4.001440
    5.225045     3.226800     2.478770
    2.302439     5.225045     3.226800
    2.210358     2.302439     5.225045
    2.990002     2.210358     2.302439
    3.892617     2.990002     2.210358
    4.104533     3.892617     2.990002
    2.862958     4.104533     3.892617
    2.084859     2.862958     4.104533
    2.604059     2.084859     2.862958
    2.207276     2.604059     2.084859
    2.059607     2.207276     2.604059
    2.550794     2.059607     2.207276
    3.713299     2.550794     2.059607
    1.377527     3.713299     2.550794
    2.972091     1.377527     3.713299
    2.826343     2.972091     1.377527
    3.026687     2.826343     2.972091
    3.143065     3.026687     2.826343
    2.772746     3.143065     3.026687
    4.174796     2.772746     3.143065
    2.968121     4.174796     2.772746
    3.108716     2.968121     4.174796
    3.684018     3.108716     2.968121
    2.322764     3.684018     3.108716
    1.862307     2.322764     3.684018
    2.607144     1.862307     2.322764
    2.350488     2.607144     1.862307
    4.673144     2.350488     2.607144
    3.269616     4.673144     2.350488
    3.813710     3.269616     4.673144
    1.908112     3.813710     3.269616
    4.016237     1.908112     3.813710
    3.638837     4.016237     1.908112
    3.239430     3.638837     4.016237
    2.657146     3.239430     3.638837
    4.111363     2.657146     3.239430
    4.255916     4.111363     2.657146
    1.657715     4.255916     4.111363
    3.108722     1.657715     4.255916
    1.968010     3.108722     1.657715
    2.398196     1.968010     3.108722
    4.509668     2.398196     1.968010
    2.642770     4.509668     2.398196
    3.341314     2.642770     4.509668
    3.357332     3.341314     2.642770
    3.340851     3.357332     3.341314
    3.172345     3.340851     3.357332
    3.788896     3.172345     3.340851
    2.495994     3.788896     3.172345
    2.063259     2.495994     3.788896
    1.866564     2.063259     2.495994
    2.771257     1.866564     2.063259
    2.639240     2.771257     1.866564
    3.862361     2.639240     2.771257
    4.155415     3.862361     2.639240
    3.690074     4.155415     3.862361
    2.704485     3.690074     4.155415
    5.249134     2.704485     3.690074
    3.414151     5.249134     2.704485
    4.167396     3.414151     5.249134
    4.444781     4.167396     3.414151
    2.907703     4.444781     4.167396
    2.657313     2.907703     4.444781
    4.106383     2.657313     2.907703
    2.653299     4.106383     2.657313
    3.757517     2.653299     4.106383
    5.263381     3.757517     2.653299
    3.956242     5.263381     3.757517
    3.242832     3.956242     5.263381
    4.964832     3.242832     3.956242
    5.013926     4.964832     3.242832
    5.485952     5.013926     4.964832
    4.770138     5.485952     5.013926
    5.021662     4.770138     5.485952
    4.944022     5.021662     4.770138
    3.961584     4.944022     5.021662
    3.499559     3.961584     4.944022
    5.480044     3.499559     3.961584
    5.530679     5.480044     3.499559
    4.209487     5.530679     5.480044
    4.501838     4.209487     5.530679
    2.736929     4.501838     4.209487
    3.764105     2.736929     4.501838
    3.873248     3.764105     2.736929
    4.149692     3.873248     3.764105
    2.380319     4.149692     3.873248
    4.011203     2.380319     4.149692
    4.840977     4.011203     2.380319
    4.308833     4.840977     4.011203
    5.830300     4.308833     4.840977
    2.284619     5.830300     4.308833
    2.746693     2.284619     5.830300
    1.718663     2.746693     2.284619
    2.768531     1.718663     2.746693
    1.784010     2.768531     1.718663
    3.046889     1.784010     2.768531
    1.798063     3.046889     1.784010
    1.816913     1.798063     3.046889
    1.510567     1.816913     1.798063
    1.859372     1.510567     1.816913
    2.340107     1.859372     1.510567
    2.855782     2.340107     1.859372
    3.854389     2.855782     2.340107
    4.365917     3.854389     2.855782
    6.225119     4.365917     3.854389
    6.889924     6.225119     4.365917
    4.530845     6.889924     6.225119
    4.234040     4.530845     6.889924
    5.342687     4.234040     4.530845
    3.510060     5.342687     4.234040
    3.922634     3.510060     5.342687
    6.426928     3.922634     3.510060
    3.328598     6.426928     3.922634
    3.722198     3.328598     6.426928
    3.023572     3.722198     3.328598
    3.573036     3.023572     3.722198
    2.233922     3.573036     3.023572
    1.553305     2.233922     3.573036
    1.660070     1.553305     2.233922
    1.982272     1.660070     1.553305
    2.259913     1.982272     1.660070
    1.919138     2.259913     1.982272
    1.510456     1.919138     2.259913
    1.338173     1.510456     1.919138
    2.184736     1.338173     1.510456
    3.788220     2.184736     1.338173
    4.277588     3.788220     2.184736
    3.383177     4.277588     3.788220
    4.033278     3.383177     4.277588
    2.734309     4.033278     3.383177
    2.558657     2.734309     4.033278
    2.106263     2.558657     2.734309
    2.980360     2.106263     2.558657
    4.355267     2.980360     2.106263
    3.248913     4.355267     2.980360
    2.994253     3.248913     4.355267
    3.308307     2.994253     3.248913
    1.998084     3.308307     2.994253
    4.365584     1.998084     3.308307
    3.667981     4.365584     1.998084
    3.710031     3.667981     4.365584
    2.755330     3.710031     3.667981
    3.333219     2.755330     3.710031
    4.814513     3.333219     2.755330
    3.064852     4.814513     3.333219
    3.091944     3.064852     4.814513
    3.027190     3.091944     3.064852
    3.944564     3.027190     3.091944
    3.399191     3.944564     3.027190
    3.880837     3.399191     3.944564
    4.102339     3.880837     3.399191
    4.315145     4.102339     3.880837
    2.509601     4.315145     4.102339
    3.433635     2.509601     4.315145
    3.555362     3.433635     2.509601
    3.739695     3.555362     3.433635
    4.044931     3.739695     3.555362
    2.128140     4.044931     3.739695
    2.220980     2.128140     4.044931
    2.516070     2.220980     2.128140
    2.455254     2.516070     2.220980
    2.987230     2.455254     2.516070
    2.358647     2.987230     2.455254
    4.929618     2.358647     2.987230
    5.285878     4.929618     2.358647
    4.483205     5.285878     4.929618
    3.878138     4.483205     5.285878
    2.606402     3.878138     4.483205
    1.619173     2.606402     3.878138
    1.590169     1.619173     2.606402
    2.779265     1.590169     1.619173
    2.358042     2.779265     1.590169
    2.440225     2.358042     2.779265
    0.784014     2.440225     2.358042
    0.958860     0.784014     2.440225
    1.927308     0.958860     0.784014
    3.543718     1.927308     0.958860
    0.981922     3.543718     1.927308
    2.940253     0.981922     3.543718
    1.613731     2.940253     0.981922
    1.367610     1.613731     2.940253
    2.438010     1.367610     1.613731
    3.281265     2.438010     1.367610
    3.115949     3.281265     2.438010
    3.794427     3.115949     3.281265
    2.127602     3.794427     3.115949
    3.039386     2.127602     3.794427
    1.384014     3.039386     2.127602
    1.078652     1.384014     3.039386
    3.035039     1.078652     1.384014
    1.642868     3.035039     1.078652
    1.254651     1.642868     3.035039
    1.429675     1.254651     1.642868
    0.370922     1.429675     1.254651
    0.557526     0.370922     1.429675
    1.003378     0.557526     0.370922
    2.057818     1.003378     0.557526
    3.951250     2.057818     1.003378
    3.368916     3.951250     2.057818
    2.484177     3.368916     3.951250
    3.908077     2.484177     3.368916
    3.185206     3.908077     2.484177
    2.149737     3.185206     3.908077
    3.737900     2.149737     3.185206
    4.127242     3.737900     2.149737
    5.222446     4.127242     3.737900
    4.281759     5.222446     4.127242
    3.819735     4.281759     5.222446
    3.060158     3.819735     4.281759
    5.607529     3.060158     3.819735
    3.398470     5.607529     3.060158
    3.377443     3.398470     5.607529
    3.693984     3.377443     3.398470
    2.670299     3.693984     3.377443
    4.443987     2.670299     3.693984
    3.853425     4.443987     2.670299
    2.897286     3.853425     4.443987
    3.355387     2.897286     3.853425
    3.770286     3.355387     2.897286
    3.209448     3.770286     3.355387
    3.682731     3.209448     3.770286
    3.080017     3.682731     3.209448
    4.391513     3.080017     3.682731
    4.727305     4.391513     3.080017
    4.949030     4.727305     4.391513
    4.287063     4.949030     4.727305
    3.138453     4.287063     4.949030
    3.498878     3.138453     4.287063
    3.457963     3.498878     3.138453
    3.425939     3.457963     3.498878
    4.525978     3.425939     3.457963
    4.232671     4.525978     3.425939
    5.250440     4.232671     4.525978
    4.968950     5.250440     4.232671
    4.530110     4.968950     5.250440
    4.330322     4.530110     4.968950
    3.516385     4.330322     4.530110
    4.748186     3.516385     4.330322
    3.586591     4.748186     3.516385
    3.324447     3.586591     4.748186
    0.882260     3.324447     3.586591
    1.961779     0.882260     3.324447
    1.816533     1.961779     0.882260
    2.679535     1.816533     1.961779
    1.520708     2.679535     1.816533
    0.253263     1.520708     2.679535
    1.691111     0.253263     1.520708
    0.726748     1.691111     0.253263
    3.022279     0.726748     1.691111
    0.941330     3.022279     0.726748
    0.573473     0.941330     3.022279
    0.228471     0.573473     0.941330
    0.816009     0.228471     0.573473
    2.412148     0.816009     0.228471
    1.735304     2.412148     0.816009
    1.261437     1.735304     2.412148
    1.555589     1.261437     1.735304
    2.133412     1.555589     1.261437
    2.309077     2.133412     1.555589
    3.504066     2.309077     2.133412
    3.754326     3.504066     2.309077
    2.874205     3.754326     3.504066
    2.832677     2.874205     3.754326
    3.286177     2.832677     2.874205
    2.608542     3.286177     2.832677
    3.212023     2.608542     3.286177
    3.150856     3.212023     2.608542
    2.964747     3.150856     3.212023
    2.829052     2.964747     3.150856
    5.068076     2.829052     2.964747
    3.539398     5.068076     2.829052
    4.053380     3.539398     5.068076
    3.777555     4.053380     3.539398
    2.230957     3.777555     4.053380
    1.888493     2.230957     3.777555
    3.307396     1.888493     2.230957
    2.476117     3.307396     1.888493
    3.821677     2.476117     3.307396
    4.176817     3.821677     2.476117
    3.792791     4.176817     3.821677
    4.684117     3.792791     4.176817
    3.791975     4.684117     3.792791
    3.219032     3.791975     4.684117
    2.332056     3.219032     3.791975
    3.407749     2.332056     3.219032
    2.431592     3.407749     2.332056
    4.274245     2.431592     3.407749
    2.577209     4.274245     2.431592
    3.729430     2.577209     4.274245
    3.559151     3.729430     2.577209
    4.553608     3.559151     3.729430
    4.189510     4.553608     3.559151
    5.469338     4.189510     4.553608
    5.103823     5.469338     4.189510
    5.862387     5.103823     5.469338
    4.369547     5.862387     5.103823
    3.454218     4.369547     5.862387
    3.374691     3.454218     4.369547
    4.525547     3.374691     3.454218
    1.421562     4.525547     3.374691
    3.045672     1.421562     4.525547
    2.830953     3.045672     1.421562
    1.486203     2.830953     3.045672
    2.994267     1.486203     2.830953
    3.676364     2.994267     1.486203
    2.770036     3.676364     2.994267
    1.972373     2.770036     3.676364
    3.402434     1.972373     2.770036
    2.448520     3.402434     1.972373
    3.033310     2.448520     3.402434
    2.518897     3.033310     2.448520
    2.449381     2.518897     3.033310
    1.068328     2.449381     2.518897
    4.001367     1.068328     2.449381
    3.149048     4.001367     1.068328
    1.194151     3.149048     4.001367
    2.263241     1.194151     3.149048
    1.931598     2.263241     1.194151
    4.689560     1.931598     2.263241
    1.246267     4.689560     1.931598
    3.980906     1.246267     4.689560
    3.683913     3.980906     1.246267
    4.505288     3.683913     3.980906
    4.254070     4.505288     3.683913
    3.888726     4.254070     4.505288
    4.297997     3.888726     4.254070
