    1.646098     2.442179     1.211996
    1.858548     1.646098     2.442179
    3.505415     1.858548     1.646098
    3.642415     3.505415     1.858548
    1.743642     3.642415     3.505415
    1.857683     1.743642     3.642415
    2.460831     1.857683     1.743642
    4.288054     2.460831     1.857683
    3.991539     4.288054     2.460831
    4.065530     3.991539     4.288054
    4.161379     4.065530     3.991539
    3.606611     4.161379     4.065530
    2.194535     3.606611     4.161379
    2.599511     2.194535     3.606611
    2.401500     2.599511     2.194535
    3.686556     2.401500     2.599511
    4.888819     3.686556     2.401500
    3.942087     4.888819     3.686556
    4.326512     3.942087     4.888819
    1.849238     4.326512     3.942087
    3.374621     1.849238     4.326512
    2.376532     3.374621     1.849238
    2.568950     2.376532     3.374621
    3.298215     2.568950     2.376532
    3.204803     3.298215     2.568950
    2.836070     3.204803     3.298215
    3.463167     2.836070     3.204803
    2.082584     3.463167     2.836070
    2.243494     2.082584     3.463167
    3.033840     2.243494     2.082584
    2.011412     3.033840     2.243494
    3.273704     2.011412     3.033840
    1.741988     3.273704     2.011412
    3.089101     1.741988     3.273704
    3.000333     3.089101     1.741988
    3.944098     3.000333     3.089101
    1.808831     3.944098     3.000333
    2.083826     1.808831     3.944098
    2.715491     2.083826     1.808831
    1.816685     2.715491     2.083826
    2.090723     1.816685     2.715491
    3.433604     2.090723     1.816685
    4.608911     3.433604     2.090723
    5.305906     4.608911     3.433604
    2.430298     5.305906     4.608911
    2.606623     2.430298     5.305906
    1.850827     2.606623     2.430298
    1.124745     1.850827     2.606623
    2.202356     1.124745     1.850827
    1.521514     2.202356     1.124745
    1.472471     1.521514     2.202356
    3.867653     1.472471     1.521514
    1.659115     3.867653     1.472471
    2.331340     1.659115     3.867653
    1.060551     2.331340     1.659115
    3.737087     1.060551     2.331340
    3.515977     3.737087     1.060551
    2.699644     3.515977     3.737087
    4.225888     2.699644     3.515977
    3.746866     4.225888     2.699644
    4.987835     3.746866     4.225888
    3.790281     4.987835     3.746866
    3.851159     3.790281     4.987835
    2.919559     3.851159     3.790281
    3.962222     2.919559     3.851159
    4.103127     3.962222     2.919559
    2.827367     4.103127     3.962222
    3.789976     2.827367     4.103127
    3.078603     3.789976     2.827367
    2.917427     3.078603     3.789976
    2.923560     2.917427     3.078603
    3.458636     2.923560     2.917427
    3.905605     3.458636     2.923560
    3.516855     3.905605     3.458636
    1.219977     3.516855     3.905605
    1.946830     1.219977     3.516855
    1.730902     1.946830     1.219977
    2.529024     1.730902     1.946830
    3.925956     2.529024     1.730902
    4.334864     3.925956     2.529024
    3.942089     4.334864     3.925956
    3.796465     3.942089     4.334864
    5.503087     3.796465     3.942089
    5.423226     5.503087     3.796465
    5.697492     5.423226     5.503087
    4.809146     5.697492     5.423226
    6.102448     4.809146     5.697492
    5.728371     6.102448     4.809146
    5.605134     5.728371     6.102448
    5.413287     5.605134     5.728371
    5.160153     5.413287     5.605134
    3.427912     5.160153     5.413287
    3.272310     3.427912     5.160153
    1.826862     3.272310     3.427912
    2.974563     1.826862     3.272310
    3.342103     2.974563     1.826862
    2.200444     3.342103     2.974563
    2.710253     2.200444     3.342103
    2.818687     2.710253     2.200444
    3.436565     2.818687     2.710253
    4.078056     3.436565     2.818687
    3.578890     4.078056     3.436565
    1.861055     3.578890     4.078056
    2.067191     1.861055     3.578890
    4.022194     2.067191     1.861055
    2.569182     4.022194     2.067191
    4.467973     2.569182     4.022194
    4.187422     4.467973     2.569182
    3.230576     4.187422     4.467973
    2.533545     3.230576     4.187422
    2.509354     2.533545     3.230576
    2.502104     2.509354     2.533545
    4.327743     2.502104     2.509354
    2.953294     4.327743     2.502104
    3.025624     2.953294     4.327743
    4.304038     3.025624     2.953294
    3.653470     4.304038     3.025624
    4.174976     3.653470     4.304038
    4.226592     4.174976     3.653470
    3.372619     4.226592     4.174976
    3.315045     3.372619     4.226592
    4.262220     3.315045     3.372619
    4.071805     4.262220     3.315045
    5.284600     4.071805     4.262220
    2.453109     5.284600     4.071805
    2.767656     2.453109     5.284600
    2.426577     2.767656     2.453109
    0.644355     2.426577     2.767656
    2.141609     0.644355     2.426577
    1.080186     2.141609     0.644355
    2.437965     1.080186     2.141609
    3.409988     2.437965     1.080186
    3.321224     3.409988     2.437965
    3.997979     3.321224     3.409988
    3.552184     3.997979     3.321224
    3.538965     3.552184     3.997979
    4.771998     3.538965     3.552184
    3.960516     4.771998     3.538965
    3.095180     3.960516     4.771998
    5.641266     3.095180     3.960516
    3.819916     5.641266     3.095180
    3.396379     3.819916     5.641266
    3.031930     3.396379     3.819916
    4.485850     3.031930     3.396379
    2.256560     4.485850     3.031930
    3.192037     2.256560     4.485850
    3.432289     3.192037     2.256560
    2.240356     3.432289     3.192037
    3.607233     2.240356     3.432289
    2.712990     3.607233     2.240356
    2.878082     2.712990     3.607233
    3.792704     2.878082     2.712990
    4.656620     3.792704     2.878082
    3.661377     4.656620     3.792704
    5.925568     3.661377     4.656620
    5.247001     5.925568     3.661377
    4.485200     5.247001     5.925568
    4.290016     4.485200     5.247001
    4.113750     4.290016     4.485200
    3.793424     4.113750     4.290016
    6.566906     3.793424     4.113750
    4.636783     6.566906     3.793424
    6.348813     4.636783     6.566906
    4.989519     6.348813     4.636783
    5.463262     4.989519     6.348813
    5.347024     5.463262     4.989519
    3.998709     5.347024     5.463262
    4.432534     3.998709     5.347024
    3.660779     4.432534     3.998709
    4.743145     3.660779     4.432534
    5.174999     4.743145     3.660779
    4.396246     5.174999     4.743145
    3.149330     4.396246     5.174999
    3.957554     3.149330     4.396246
    3.460065     3.957554     3.149330
    2.954718     3.460065     3.957554
    3.281019     2.954718     3.460065
    3.179988     3.281019     2.954718
    2.931174     3.179988     3.281019
    0.971541     2.931174     3.179988
    3.651700     0.971541     2.931174
    3.322347     3.651700     0.971541
    3.735034     3.322347     3.651700
    3.387001     3.735034     3.322347
    3.365264     3.387001     3.735034
    3.239933     3.365264     3.387001
    3.325487     3.239933     3.365264
    3.914614     3.325487     3.239933
    3.126485     3.914614     3.325487
    4.133574     3.126485     3.914614
    5.189994     4.133574     3.126485
    2.019974     5.189994     4.133574
    2.545490     2.019974     5.189994
    0.971932     2.545490     2.019974
    2.092110     0.971932     2.545490
    1.911809     2.092110     0.971932
    3.236338     1.911809     2.092110
    2.619031     3.236338     1.911809
    2.729784     2.619031     3.236338
    4.004968     2.729784     2.619031
    3.028695     4.004968     2.729784
    1.874523     3.028695     4.004968
    2.501000     1.874523     3.028695
    4.190623     2.501000     1.874523
    3.436184     4.190623     2.501000
    3.308238     3.436184     4.190623
    2.787773     3.308238     3.436184
    3.590957     2.787773     3.308238
    4.292769     3.590957     2.787773
    3.820678     4.292769     3.590957
    4.967970     3.820678     4.292769
    4.869342     4.967970     3.820678
    3.467001     4.869342     4.967970
    1.887374     3.467001     4.869342
    1.159180     1.887374     3.467001
    2.546717     1.159180     1.887374
    2.017324     2.546717     1.159180
    2.001463     2.017324     2.546717
    1.298446     2.001463     2.017324
    1.039814     1.298446     2.001463
    1.140246     1.039814     1.298446
    1.158246     1.140246     1.039814
    2.939533     1.158246     1.140246
    2.037598     2.939533     1.158246
    2.726178     2.037598     2.939533
    0.452204     2.726178     2.037598
    0.775608     0.452204     2.726178
    1.419100     0.775608     0.452204
    1.071692     1.419100     0.775608
    1.425606     1.071692     1.419100
    3.835367     1.425606     1.071692
    4.005771     3.835367     1.425606
    3.573358     4.005771     3.835367
    2.714583     3.573358     4.005771
    3.500341     2.714583     3.573358
    2.849687     3.500341     2.714583
    2.261484     2.849687     3.500341
    4.128691     2.261484     2.849687
    4.296125     4.128691     2.261484
    5.072803     4.296125     4.128691
    1.241537     5.072803     4.296125
    2.584703     1.241537     5.072803
    1.805831     2.584703     1.241537
    1.619091     1.805831     2.584703
    1.586484     1.619091     1.805831
    1.891607     1.586484     1.619091
    1.368680     1.891607     1.586484
    3.241123     1.368680     1.891607
    1.678952     3.241123     1.368680
    3.218017     1.678952     3.241123
    1.711144     3.218017     1.678952
    2.435885     1.711144     3.218017
    3.070821     2.435885     1.711144
    2.413181     3.070821     2.435885
    3.495890     2.413181     3.070821
    2.601701     3.495890     2.413181
    1.872691     2.601701     3.495890
    1.053210     1.872691     2.601701
    2.263750     1.053210     1.872691
    2.598615     2.263750     1.053210
    2.140084     2.598615     2.263750
    2.456009     2.140084     2.598615
    2.208487     2.456009     2.140084
    3.987351     2.208487     2.456009
    2.891090     3.987351     2.208487
    3.854237     2.891090     3.987351
    2.707245     3.854237     2.891090
    4.937441     2.707245     3.854237
    4.369653     4.937441     2.707245
    3.752236     4.369653     4.937441
    2.314829     3.752236     4.369653
    3.637184     2.314829     3.752236
    3.206600     3.637184     2.314829
    2.596875     3.206600     3.637184
    2.816661     2.596875     3.206600
    2.877070     2.816661     2.596875
    3.922401     2.877070     2.816661
    4.516566     3.922401     2.877070
    5.511125     4.516566     3.922401
    3.084977     5.511125     4.516566
    3.065958     3.084977     5.511125
    2.855089     3.065958     3.084977
    3.083584     2.855089     3.065958
    3.464735     3.083584     2.855089
    2.168821     3.464735     3.083584
    3.041572     2.168821     3.464735
    1.018799     3.041572     2.168821
    3.496297     1.018799     3.041572
    3.367726     3.496297     1.018799
    1.899030     3.367726     3.496297
    1.758414     1.899030     3.367726
    1.843987     1.758414     1.899030
    3.388552     1.843987     1.758414
    1.884403     3.388552     1.843987
    4.375097     1.884403     3.388552
    3.683897     4.375097     1.884403
    1.798717     3.683897     4.375097
    1.580021     1.798717     3.683897
    1.688930     1.580021     1.798717
    1.480640     1.688930     1.580021
    2.916514     1.480640     1.688930
    2.582366     2.916514     1.480640
    2.083826     2.582366     2.916514
    1.372104     2.083826     2.582366
    2.009352     1.372104     2.083826
    1.290350     2.009352     1.372104
    1.099900     1.290350     2.009352
    0.404126     1.099900     1.290350
    0.767119     0.404126     1.099900
    2.739655     0.767119     0.404126
    3.327378     2.739655     0.767119
    3.128701     3.327378     2.739655
    3.952041     3.128701     3.327378
    3.855516     3.952041     3.128701
    5.371148     3.855516     3.952041
    4.194774     5.371148     3.855516
    3.249760     4.194774     5.371148
    3.694039     3.249760     4.194774
    3.635358     3.694039     3.249760
    4.726132     3.635358     3.694039
    2.548581     4.726132     3.635358
    2.875106     2.548581     4.726132
    3.090867     2.875106     2.548581
    2.696795     3.090867     2.875106
    3.891641     2.696795     3.090867
    4.867874     3.891641     2.696795
    5.192259     4.867874     3.891641
    4.405617     5.192259     4.867874
    5.278329     4.405617     5.192259
    4.021617     5.278329     4.405617
    4.612499     4.021617     5.278329
    4.225890     4.612499     4.021617
    3.900887     4.225890     4.612499
    2.940591     3.900887     4.225890
    1.722060     2.940591     3.900887
    2.565129     1.722060     2.940591
    2.273106     2.565129     1.722060
    2.194220     2.273106     2.565129
    2.114713     2.194220     2.273106
    2.228643     2.114713     2.194220
    2.348924     2.228643     2.114713
    3.742237     2.348924     2.228643
    4.067862     3.742237     2.348924
    3.687211     4.067862     3.742237
    3.613350     3.687211     4.067862
    3.911405     3.613350     3.687211
    2.200083     3.911405     3.613350
    2.001429     2.200083     3.911405
    3.160530     2.001429     2.200083
    3.821148     3.160530     2.001429
    4.167278     3.821148     3.160530
    3.389386     4.167278     3.821148
    4.026401     3.389386     4.167278
    2.071902     4.026401     3.389386
    3.062208     2.071902     4.026401
    1.564540     3.062208     2.071902
    1.959892     1.564540     3.062208
    3.128853     1.959892     1.564540
    5.716222     3.128853     1.959892
    3.417606     5.716222     3.128853
    3.174889     3.417606     5.716222
    3.871902     3.174889     3.417606
    3.632279     3.871902     3.174889
    2.662750     3.632279     3.871902
    3.054638     2.662750     3.632279
    1.859823     3.054638     2.662750
    1.601918     1.859823     3.054638
    0.191529     1.601918     1.859823
    0.784552     0.191529     1.601918
    1.555352     0.784552     0.191529
    0.113994     1.555352     0.784552
    1.590579     0.113994     1.555352
    2.300297     1.590579     0.113994
    2.256946     2.300297     1.590579
    2.041448     2.256946     2.300297
    2.460455     2.041448     2.256946
    3.707449     2.460455     2.041448
    3.726661     3.707449     2.460455
    3.973228     3.726661     3.707449
    5.384683     3.973228     3.726661
    2.769416     5.384683     3.973228
    4.418435     2.769416     5.384683
    4.037867     4.418435     2.769416
    4.551177     4.037867     4.418435
    5.060932     4.551177     4.037867
    4.449692     5.060932     4.551177
    4.457182     4.449692     5.060932
    4.206421     4.457182     4.449692
    2.198627     4.206421     4.457182
    3.304993     2.198627     4.206421
    2.199084     3.304993     2.198627
    1.423094     2.199084     3.304993
    3.192135     1.423094     2.199084
    1.913523     3.192135     1.423094
    2.268535     1.913523     3.192135
    2.385983     2.268535     1.913523
    0.486080     2.385983     2.268535
    2.673762     0.486080     2.385983
    1.057776     2.673762     0.486080
    1.559107     1.057776     2.673762
    3.709160     1.559107     1.057776
    3.333666     3.709160     1.559107
    4.063618     3.333666     3.709160
    3.177936     4.063618     3.333666
    3.600786     3.177936     4.063618
    2.546816     3.600786     3.177936
    2.644033     2.546816     3.600786
    2.384501     2.644033     2.546816
    1.738498     2.384501     2.644033
    1.683231     1.738498     2.384501
    3.321902     1.683231     1.738498
    3.302376     3.321902     1.683231
    4.063635     3.302376     3.321902
    3.528846     4.063635     3.302376
    2.580865     3.528846     4.063635
    4.724129     2.580865     3.528846
    3.993740     4.724129     2.580865
    2.969692     3.993740     4.724129
    3.424394     2.969692     3.993740
    3.530445     3.424394     2.969692
    3.879498     3.530445     3.424394
    3.296336     3.879498     3.530445
    4.064571     3.296336     3.879498
    3.560332     4.064571     3.296336
    3.712103     3.560332     4.064571
    3.825925     3.712103     3.560332
    3.969331     3.825925     3.712103
    5.885406     3.969331     3.825925
    5.866242     5.885406     3.969331
    7.559576     5.866242     5.885406
    8.061100     7.559576     5.866242
    5.629871     8.061100     7.559576
    5.449674     5.629871     8.061100
    6.108377     5.449674     5.629871
    4.331056     6.108377     5.449674
    4.081722     4.331056     6.108377
    3.058293     4.081722     4.331056
    2.729891     3.058293     4.081722
    2.839570     2.729891     3.058293
    3.496350     2.839570     2.729891
    3.460140     3.496350     2.839570
    5.200137     3.460140     3.496350
    6.082714     5.200137     3.460140
    7.043176     6.082714     5.200137
    7.119680     7.043176     6.082714
    5.626068     7.119680     7.043176
    5.967319     5.626068     7.119680
    5.075323     5.967319     5.626068
    5.335363     5.075323     5.967319
    3.761820     5.335363     5.075323
    4.458601     3.761820     5.335363
    3.802179     4.458601     3.761820
    4.458753     3.802179     4.458601
    3.889348     4.458753     3.802179
    4.508168     3.889348     4.458753
    1.698142     4.508168     3.889348
    1.616945     1.698142     4.508168
    2.946697     1.616945     1.698142
    1.408956     2.946697     1.616945
    2.104155     1.408956     2.946697
    3.214258     2.104155     1.408956
    2.355555     3.214258     2.104155
    1.328201     2.355555     3.214258
    2.333337     1.328201     2.355555
    3.587587     2.333337     1.328201
    4.819797     3.587587     2.333337
    3.923757     4.819797     3.587587
    3.597640     3.923757     4.819797
    2.508024     3.597640     3.923757
    2.274780     2.508024     3.597640
    4.600356     2.274780     2.508024
    4.044584     4.600356     2.274780
    5.594682     4.044584     4.600356
    2.146617     5.594682     4.044584
    0.706057     2.146617     5.594682
    2.456461     0.706057     2.146617
    3.689415     2.456461     0.706057
    3.766423     3.689415     2.456461
    3.701012     3.766423     3.689415
    3.114803     3.701012     3.766423
    3.886565     3.114803     3.701012
    3.291356     3.886565     3.114803
    3.955203     3.291356     3.886565
    3.710201     3.955203     3.291356
    2.798424     3.710201     3.955203
    1.340441     2.798424     3.710201
    3.058637     1.340441     2.798424
    2.894624     3.058637     1.340441
    2.279735     2.894624     3.058637
    3.066957     2.279735     2.894624
    2.642119     3.066957     2.279735
    2.575510     2.642119     3.066957
    2.805327     2.575510     2.642119
    2.175013     2.805327     2.575510
    4.023276     2.175013     2.805327
    4.737402     4.023276     2.175013
    4.975887     4.737402     4.023276
    2.972406     4.975887     4.737402
    4.871634     2.972406     4.975887
    4.598452     4.871634     2.972406
