    4.727305     3.222128     3.813367
    3.592179     4.727305     3.222128
    2.881660     3.592179     4.727305
    4.570739     2.881660     3.592179
    3.903081     4.570739     2.881660
    3.692641     3.903081     4.570739
    2.508311     3.692641     3.903081
    3.143167     2.508311     3.692641
    4.467972     3.143167     2.508311
    3.621624     4.467972     3.143167
    5.176222     3.621624     4.467972
    3.614963     5.176222     3.621624
    5.361285     3.614963     5.176222
    4.235951     5.361285     3.614963
    3.162107     4.235951     5.361285
    3.941328     3.162107     4.235951
    5.782091     3.941328     3.162107
    5.791910     5.782091     3.941328
    4.371526     5.791910     5.782091
    4.266558     4.371526     5.791910
    4.060058     4.266558     4.371526
    3.783554     4.060058     4.266558
    5.355147     3.783554     4.060058
    3.227910     5.355147     3.783554
    3.299911     3.227910     5.355147
    2.682129     3.299911     3.227910
    4.707036     2.682129     3.299911
    3.217657     4.707036     2.682129
    3.481313     3.217657     4.707036
    4.500066     3.481313     3.217657
    4.018933     4.500066     3.481313
    3.467023     4.018933     4.500066
    2.893157     3.467023     4.018933
    3.212937     2.893157     3.467023
    2.780033     3.212937     2.893157
    1.193070     2.780033     3.212937
    3.857987     1.193070     2.780033
    3.970395     3.857987     1.193070
    3.611839     3.970395     3.857987
    5.927149     3.611839     3.970395
    4.853707     5.927149     3.611839
    3.616389     4.853707     5.927149
    4.094473     3.616389     4.853707
    3.480549     4.094473     3.616389
    2.221801     3.480549     4.094473
    3.409024     2.221801     3.480549
    3.828364     3.409024     2.221801
    4.954725     3.828364     3.409024
    4.533575     4.954725     3.828364
    5.387505     4.533575     4.954725
    4.743760     5.387505     4.533575
    4.973854     4.743760     5.387505
    5.143322     4.973854     4.743760
    4.578468     5.143322     4.973854
    4.543192     4.578468     5.143322
    2.806123     4.543192     4.578468
    2.770371     2.806123     4.543192
    2.795045     2.770371     2.806123
    2.552031     2.795045     2.770371
    2.742880     2.552031     2.795045
    1.781741     2.742880     2.552031
    0.887050     1.781741     2.742880
    1.063031     0.887050     1.781741
    3.929835     1.063031     0.887050
    3.814415     3.929835     1.063031
    4.023020     3.814415     3.929835
    3.942510     4.023020     3.814415
    2.644745     3.942510     4.023020
    1.505832     2.644745     3.942510
    0.735028     1.505832     2.644745
    2.256215     0.735028     1.505832
    2.643913     2.256215     0.735028
    2.403603     2.643913     2.256215
    1.798194     2.403603     2.643913
    3.272182     1.798194     2.403603
    2.213357     3.272182     1.798194
    1.820211     2.213357     3.272182
    1.489976     1.820211     2.213357
    1.615958     1.489976     1.820211
    0.048584     1.615958     1.489976
    1.192599     0.048584     1.615958
    2.052598     1.192599     0.048584
    2.352401     2.052598     1.192599
    2.253770     2.352401     2.052598
    2.358498     2.253770     2.352401
    2.544735     2.358498     2.253770
    1.705442     2.544735     2.358498
    0.850010     1.705442     2.544735
    1.967067     0.850010     1.705442
    2.169755     1.967067     0.850010
    3.477225     2.169755     1.967067
    3.282997     3.477225     2.169755
    3.397772     3.282997     3.477225
    2.916306     3.397772     3.282997
    4.112689     2.916306     3.397772
    3.343898     4.112689     2.916306
    4.315479     3.343898     4.112689
    2.636835     4.315479     3.343898
    3.183256     2.636835     4.315479
    3.176992     3.183256     2.636835
    4.324590     3.176992     3.183256
    4.213815     4.324590     3.176992
    4.050172     4.213815     4.324590
    4.076246     4.050172     4.213815
    2.196048     4.076246     4.050172
    0.604676     2.196048     4.076246
    1.859682     0.604676     2.196048
    1.771617     1.859682     0.604676
    1.189512     1.771617     1.859682
    2.110442     1.189512     1.771617
    1.550690     2.110442     1.189512
    2.326879     1.550690     2.110442
    2.041947     2.326879     1.550690
    1.972599     2.041947     2.326879
    2.108318     1.972599     2.041947
    4.190308     2.108318     1.972599
    3.373821     4.190308     2.108318
    2.703533     3.373821     4.190308
    1.831983     2.703533     3.373821
    1.668674     1.831983     2.703533
    2.529355     1.668674     1.831983
    2.248827     2.529355     1.668674
    1.886876     2.248827     2.529355
    2.036017     1.886876     2.248827
    1.374023     2.036017     1.886876
    0.158306     1.374023     2.036017
    2.677026     0.158306     1.374023
    3.924051     2.677026     0.158306
    4.757514     3.924051     2.677026
    3.097070     4.757514     3.924051
    5.021114     3.097070     4.757514
    5.057521     5.021114     3.097070
    4.006050     5.057521     5.021114
    3.255095     4.006050     5.057521
    1.816763     3.255095     4.006050
    0.499409     1.816763     3.255095
    0.718994     0.499409     1.816763
    2.331270     0.718994     0.499409
    0.698232     2.331270     0.718994
    2.362206     0.698232     2.331270
    2.481565     2.362206     0.698232
    2.297780     2.481565     2.362206
    5.037895     2.297780     2.481565
    4.558172     5.037895     2.297780
    3.584322     4.558172     5.037895
    3.392651     3.584322     4.558172
    3.454269     3.392651     3.584322
    2.148765     3.454269     3.392651
    3.926395     2.148765     3.454269
    3.597166     3.926395     2.148765
    4.009718     3.597166     3.926395
    4.040208     4.009718     3.597166
    2.172023     4.040208     4.009718
    4.027943     2.172023     4.040208
    2.841383     4.027943     2.172023
    3.243740     2.841383     4.027943
    3.442200     3.243740     2.841383
    5.025630     3.442200     3.243740
    4.142639     5.025630     3.442200
    4.819075     4.142639     5.025630
    6.320208     4.819075     4.142639
    5.337834     6.320208     4.819075
    5.511822     5.337834     6.320208
    2.884096     5.511822     5.337834
    3.326880     2.884096     5.511822
    4.416723     3.326880     2.884096
    3.788941     4.416723     3.326880
    5.022349     3.788941     4.416723
    2.649289     5.022349     3.788941
    3.739733     2.649289     5.022349
    5.600437     3.739733     2.649289
    4.602936     5.600437     3.739733
    3.144897     4.602936     5.600437
    4.008738     3.144897     4.602936
    3.167984     4.008738     3.144897
    1.942740     3.167984     4.008738
    1.769572     1.942740     3.167984
    3.763002     1.769572     1.942740
    3.715237     3.763002     1.769572
    1.983191     3.715237     3.763002
    3.080270     1.983191     3.715237
    2.980453     3.080270     1.983191
    4.000034     2.980453     3.080270
    3.321057     4.000034     2.980453
    3.822038     3.321057     4.000034
    4.870837     3.822038     3.321057
    4.408173     4.870837     3.822038
    4.168394     4.408173     4.870837
    4.766024     4.168394     4.408173
    4.785302     4.766024     4.168394
    2.348613     4.785302     4.766024
    2.878393     2.348613     4.785302
    0.705821     2.878393     2.348613
    0.350413     0.705821     2.878393
    3.724354     0.350413     0.705821
    2.226927     3.724354     0.350413
    4.218726     2.226927     3.724354
    3.902992     4.218726     2.226927
    3.767906     3.902992     4.218726
    4.407926     3.767906     3.902992
    3.380582     4.407926     3.767906
    5.194385     3.380582     4.407926
    4.681385     5.194385     3.380582
    4.146224     4.681385     5.194385
    4.869334     4.146224     4.681385
    4.953303     4.869334     4.146224
    3.867342     4.953303     4.869334
    2.720944     3.867342     4.953303
    2.154179     2.720944     3.867342
    2.565151     2.154179     2.720944
    0.195257     2.565151     2.154179
    2.001915     0.195257     2.565151
    2.090608     2.001915     0.195257
    2.722361     2.090608     2.001915
    1.048992     2.722361     2.090608
    2.780150     1.048992     2.722361
    3.917868     2.780150     1.048992
    3.296874     3.917868     2.780150
    4.366756     3.296874     3.917868
    5.394314     4.366756     3.296874
    4.445806     5.394314     4.366756
    4.264018     4.445806     5.394314
    6.702292     4.264018     4.445806
    5.740000     6.702292     4.264018
    5.296880     5.740000     6.702292
    5.424065     5.296880     5.740000
    5.059962     5.424065     5.296880
    4.176668     5.059962     5.424065
    4.976039     4.176668     5.059962
    2.659716     4.976039     4.176668
    1.435495     2.659716     4.976039
    2.726873     1.435495     2.659716
    3.337281     2.726873     1.435495
    1.925778     3.337281     2.726873
    1.520258     1.925778     3.337281
    0.338829     1.520258     1.925778
    1.889428     0.338829     1.520258
    1.948666     1.889428     0.338829
    2.510779     1.948666     1.889428
    2.475229     2.510779     1.948666
    3.557171     2.475229     2.510779
    4.177964     3.557171     2.475229
    5.698394     4.177964     3.557171
    6.197088     5.698394     4.177964
    5.875309     6.197088     5.698394
    7.295749     5.875309     6.197088
    6.361173     7.295749     5.875309
    5.258931     6.361173     7.295749
    2.670934     5.258931     6.361173
    5.545644     2.670934     5.258931
    5.049518     5.545644     2.670934
    3.555019     5.049518     5.545644
    3.302351     3.555019     5.049518
    3.140909     3.302351     3.555019
    2.135131     3.140909     3.302351
    2.053440     2.135131     3.140909
    2.807595     2.053440     2.135131
    4.407286     2.807595     2.053440
    1.946054     4.407286     2.807595
    2.158494     1.946054     4.407286
    4.401560     2.158494     1.946054
    3.954715     4.401560     2.158494
    3.002835     3.954715     4.401560
    3.002616     3.002835     3.954715
    3.754527     3.002616     3.002835
    2.645983     3.754527     3.002616
    2.977193     2.645983     3.754527
    2.273172     2.977193     2.645983
    3.148298     2.273172     2.977193
    4.868972     3.148298     2.273172
    2.975301     4.868972     3.148298
    3.862538     2.975301     4.868972
    4.127546     3.862538     2.975301
    4.092793     4.127546     3.862538
    3.526183     4.092793     4.127546
    1.738693     3.526183     4.092793
    4.387211     1.738693     3.526183
    3.445287     4.387211     1.738693
    2.482168     3.445287     4.387211
    5.113593     2.482168     3.445287
    3.878230     5.113593     2.482168
    1.897639     3.878230     5.113593
    0.839975     1.897639     3.878230
    1.689012     0.839975     1.897639
    1.898097     1.689012     0.839975
    2.457142     1.898097     1.689012
    2.633784     2.457142     1.898097
    1.976975     2.633784     2.457142
    2.108202     1.976975     2.633784
    1.373008     2.108202     1.976975
    0.656884     1.373008     2.108202
    2.114155     0.656884     1.373008
    0.862817     2.114155     0.656884
    3.191202     0.862817     2.114155
    2.322078     3.191202     0.862817
    4.061053     2.322078     3.191202
    3.677085     4.061053     2.322078
    3.547918     3.677085     4.061053
    2.924212     3.547918     3.677085
    3.049051     2.924212     3.547918
    3.375037     3.049051     2.924212
    4.680063     3.375037     3.049051
    4.475447     4.680063     3.375037
    5.844111     4.475447     4.680063
    3.586095     5.844111     4.475447
    4.193070     3.586095     5.844111
    5.249939     4.193070     3.586095
    4.351998     5.249939     4.193070
    2.910509     4.351998     5.249939
    4.357927     2.910509     4.351998
    2.680647     4.357927     2.910509
    4.194823     2.680647     4.357927
    3.508865     4.194823     2.680647
    4.560102     3.508865     4.194823
    4.017475     4.560102     3.508865
    4.120289     4.017475     4.560102
    5.207545     4.120289     4.017475
    4.162124     5.207545     4.120289
    3.844878     4.162124     5.207545
    2.747095     3.844878     4.162124
    3.237937     2.747095     3.844878
    2.182114     3.237937     2.747095
    3.749774     2.182114     3.237937
    2.501369     3.749774     2.182114
    3.332839     2.501369     3.749774
    3.192442     3.332839     2.501369
    2.844897     3.192442     3.332839
    2.623464     2.844897     3.192442
    3.509756     2.623464     2.844897
    2.308567     3.509756     2.623464
    2.103671     2.308567     3.509756
    2.899229     2.103671     2.308567
    3.300424     2.899229     2.103671
    3.681318     3.300424     2.899229
    2.903488     3.681318     3.300424
    2.475293     2.903488     3.681318
    3.244612     2.475293     2.903488
    3.636947     3.244612     2.475293
    4.540145     3.636947     3.244612
    4.680261     4.540145     3.636947
    4.333071     4.680261     4.540145
    3.609271     4.333071     4.680261
    4.156631     3.609271     4.333071
    4.372081     4.156631     3.609271
    3.336138     4.372081     4.156631
    3.915540     3.336138     4.372081
    3.897105     3.915540     3.336138
    2.665619     3.897105     3.915540
    2.801859     2.665619     3.897105
    3.088379     2.801859     2.665619
    1.980864     3.088379     2.801859
    2.387196     1.980864     3.088379
    3.018726     2.387196     1.980864
    4.084770     3.018726     2.387196
    3.684829     4.084770     3.018726
    3.236236     3.684829     4.084770
    3.572630     3.236236     3.684829
    2.772689     3.572630     3.236236
    4.500289     2.772689     3.572630
    5.672086     4.500289     2.772689
    4.362624     5.672086     4.500289
    3.661606     4.362624     5.672086
    4.122920     3.661606     4.362624
    3.163755     4.122920     3.661606
    3.483351     3.163755     4.122920
    1.989687     3.483351     3.163755
    2.326341     1.989687     3.483351
    3.249556     2.326341     1.989687
    3.942413     3.249556     2.326341
    3.216514     3.942413     3.249556
    2.711193     3.216514     3.942413
    3.063590     2.711193     3.216514
    2.692987     3.063590     2.711193
    3.339107     2.692987     3.063590
    3.156127     3.339107     2.692987
    4.349782     3.156127     3.339107
    2.773215     4.349782     3.156127
    3.948959     2.773215     4.349782
    3.748271     3.948959     2.773215
    4.247132     3.748271     3.948959
    4.571573     4.247132     3.748271
    3.996985     4.571573     4.247132
    4.259161     3.996985     4.571573
    3.748520     4.259161     3.996985
    3.686742     3.748520     4.259161
    4.171011     3.686742     3.748520
    3.855055     4.171011     3.686742
    2.693335     3.855055     4.171011
    4.229612     2.693335     3.855055
    3.934730     4.229612     2.693335
    3.011702     3.934730     4.229612
    4.201621     3.011702     3.934730
    4.088177     4.201621     3.011702
    5.274249     4.088177     4.201621
    4.787632     5.274249     4.088177
    4.904564     4.787632     5.274249
    4.813795     4.904564     4.787632
    4.143129     4.813795     4.904564
    4.005925     4.143129     4.813795
    4.981996     4.005925     4.143129
    3.934001     4.981996     4.005925
    4.274548     3.934001     4.981996
    5.575397     4.274548     3.934001
    4.368108     5.575397     4.274548
    3.776186     4.368108     5.575397
    2.172901     3.776186     4.368108
    3.493526     2.172901     3.776186
    3.605530     3.493526     2.172901
    3.258072     3.605530     3.493526
    3.273978     3.258072     3.605530
    3.907598     3.273978     3.258072
    1.623020     3.907598     3.273978
    2.380591     1.623020     3.907598
    2.051152     2.380591     1.623020
    3.560106     2.051152     2.380591
    3.595932     3.560106     2.051152
    4.243669     3.595932     3.560106
    3.846776     4.243669     3.595932
    4.041524     3.846776     4.243669
    3.097979     4.041524     3.846776
    4.267678     3.097979     4.041524
    4.863822     4.267678     3.097979
    4.123527     4.863822     4.267678
    5.087098     4.123527     4.863822
    2.037501     5.087098     4.123527
    2.485205     2.037501     5.087098
    4.142757     2.485205     2.037501
    4.982988     4.142757     2.485205
    2.404321     4.982988     4.142757
    4.493275     2.404321     4.982988
    4.631991     4.493275     2.404321
    5.624607     4.631991     4.493275
    4.301942     5.624607     4.631991
    4.921968     4.301942     5.624607
    2.785892     4.921968     4.301942
    3.520593     2.785892     4.921968
    2.704139     3.520593     2.785892
    2.197284     2.704139     3.520593
    2.349144     2.197284     2.704139
    3.043334     2.349144     2.197284
    3.655153     3.043334     2.349144
    3.002103     3.655153     3.043334
    3.165413     3.002103     3.655153
    1.902451     3.165413     3.002103
    2.356427     1.902451     3.165413
    1.789267     2.356427     1.902451
    1.881512     1.789267     2.356427
    1.785547     1.881512     1.789267
    3.114643     1.785547     1.881512
    3.863625     3.114643     1.785547
    4.626678     3.863625     3.114643
    4.806787     4.626678     3.863625
    4.473327     4.806787     4.626678
    3.837860     4.473327     4.806787
    3.608708     3.837860     4.473327
    4.149955     3.608708     3.837860
    3.652115     4.149955     3.608708
    4.806194     3.652115     4.149955
    3.940036     4.806194     3.652115
    3.847136     3.940036     4.806194
    1.547501     3.847136     3.940036
    3.346050     1.547501     3.847136
    3.483373     3.346050     1.547501
    3.011443     3.483373     3.346050
    3.377497     3.011443     3.483373
    1.892012     3.377497     3.011443
    3.814454     1.892012     3.377497
    2.559617     3.814454     1.892012
    3.069345     2.559617     3.814454
    3.128661     3.069345     2.559617
    3.508464     3.128661     3.069345
    3.382496     3.508464     3.128661
    4.004102     3.382496     3.508464
    3.111534     4.004102     3.382496
    3.546336     3.111534     4.004102
    2.219005     3.546336     3.111534
    2.485068     2.219005     3.546336
    1.777554     2.485068     2.219005
    0.909936     1.777554     2.485068
    1.393711     0.909936     1.777554
    1.510269     1.393711     0.909936
    3.229575     1.510269     1.393711
    2.856644     3.229575     1.510269
    3.610907     2.856644     3.229575
    2.783595     3.610907     2.856644
    3.930869     2.783595     3.610907
    3.611947     3.930869     2.783595
    3.258204     3.611947     3.930869
    3.123814     3.258204     3.611947
    2.417402     3.123814     3.258204
    3.558772     2.417402     3.123814
    2.745352     3.558772     2.417402
    3.474734     2.745352     3.558772
    3.840946     3.474734     2.745352
    3.682586     3.840946     3.474734
    3.887123     3.682586     3.840946
    2.282031     3.887123     3.682586
    4.656404     2.282031     3.887123
    2.980703     4.656404     2.282031
    2.614433     2.980703     4.656404
