    4.785274     3.855874     4.307421
    3.904083     4.785274     3.855874
    4.535726     3.904083     4.785274
    3.786359     4.535726     3.904083
    2.636935     3.786359     4.535726
    1.699860     2.636935     3.786359
    3.409331     1.699860     2.636935
    3.824981     3.409331     1.699860
    4.455137     3.824981     3.409331
    3.412347     4.455137     3.824981
    3.301042     3.412347     4.455137
    4.442438     3.301042     3.412347
    3.327932     4.442438     3.301042
    2.307460     3.327932     4.442438
    2.628345     2.307460     3.327932
    1.757355     2.628345     2.307460
    1.880662     1.757355     2.628345
    2.760379     1.880662     1.757355
    2.387932     2.760379     1.880662
    0.803652     2.387932     2.760379
    2.058789     0.803652     2.387932
    3.824151     2.058789     0.803652
    2.702127     3.824151     2.058789
    4.041033     2.702127     3.824151
    4.531462     4.041033     2.702127
    4.233207     4.531462     4.041033
    3.916370     4.233207     4.531462
    3.185905     3.916370     4.233207
    3.300860     3.185905     3.916370
    4.101791     3.300860     3.185905
    4.274984     4.101791     3.300860
    4.564985     4.274984     4.101791
    4.593563     4.564985     4.274984
    5.004819     4.593563     4.564985
    4.507687     5.004819     4.593563
    3.967081     4.507687     5.004819
    4.155752     3.967081     4.507687
    3.898253     4.155752     3.967081
    2.572203     3.898253     4.155752
    4.019543     2.572203     3.898253
    3.519736     4.019543     2.572203
    4.568319     3.519736     4.019543
    4.221133     4.568319     3.519736
    4.641486     4.221133     4.568319
    5.418444     4.641486     4.221133
    5.607441     5.418444     4.641486
    5.382011     5.607441     5.418444
    5.363158     5.382011     5.607441
    3.173308     5.363158     5.382011
    3.646951     3.173308     5.363158
    3.715116     3.646951     3.173308
    3.759523     3.715116     3.646951
    3.366256     3.759523     3.715116
    3.928683     3.366256     3.759523
    2.908067     3.928683     3.366256
    4.114956     2.908067     3.928683
    1.505375     4.114956     2.908067
    3.270802     1.505375     4.114956
    4.216734     3.270802     1.505375
    3.223973     4.216734     3.270802
    1.559651     3.223973     4.216734
    2.895545     1.559651     3.223973
    4.561326     2.895545     1.559651
    2.357997     4.561326     2.895545
    3.122755     2.357997     4.561326
    2.827825     3.122755     2.357997
    3.980581     2.827825     3.122755
    2.753721     3.980581     2.827825
    4.096315     2.753721     3.980581
    3.216147     4.096315     2.753721
    2.915394     3.216147     4.096315
    1.644687     2.915394     3.216147
    2.329021     1.644687     2.915394
    2.529948     2.329021     1.644687
    1.835715     2.529948     2.329021
    2.334580     1.835715     2.529948
    2.520482     2.334580     1.835715
    1.847456     2.520482     2.334580
    1.301342     1.847456     2.520482
    3.610462     1.301342     1.847456
    2.423358     3.610462     1.301342
    2.784523     2.423358     3.610462
    3.448914     2.784523     2.423358
    2.463447     3.448914     2.784523
    2.938642     2.463447     3.448914
    2.740833     2.938642     2.463447
    0.466366     2.740833     2.938642
    3.329902     0.466366     2.740833
    5.250865     3.329902     0.466366
    3.585180     5.250865     3.329902
    4.598967     3.585180     5.250865
    4.509868     4.598967     3.585180
    3.998215     4.509868     4.598967
    4.946067     3.998215     4.509868
    3.703073     4.946067     3.998215
    2.025162     3.703073     4.946067
    2.269953     2.025162     3.703073
    1.570429     2.269953     2.025162
    2.635771     1.570429     2.269953
    3.215986     2.635771     1.570429
    4.765099     3.215986     2.635771
    2.613426     4.765099     3.215986
    3.989834     2.613426     4.765099
    4.633064     3.989834     2.613426
    3.926495     4.633064     3.989834
    4.554699     3.926495     4.633064
    5.076233     4.554699     3.926495
    4.169382     5.076233     4.554699
    4.566175     4.169382     5.076233
    4.364220     4.566175     4.169382
    3.992482     4.364220     4.566175
    3.813702     3.992482     4.364220
    4.067997     3.813702     3.992482
    3.742413     4.067997     3.813702
    2.513754     3.742413     4.067997
    1.617480     2.513754     3.742413
    3.004537     1.617480     2.513754
    1.736224     3.004537     1.617480
    3.143365     1.736224     3.004537
    4.078438     3.143365     1.736224
    3.277332     4.078438     3.143365
    2.425852     3.277332     4.078438
    1.850445     2.425852     3.277332
    2.242906     1.850445     2.425852
    1.494677     2.242906     1.850445
    2.200460     1.494677     2.242906
    2.114759     2.200460     1.494677
    2.535749     2.114759     2.200460
    3.007926     2.535749     2.114759
    1.736581     3.007926     2.535749
    2.099840     1.736581     3.007926
    2.678609     2.099840     1.736581
    3.498971     2.678609     2.099840
    2.114192     3.498971     2.678609
    1.175239     2.114192     3.498971
    0.719036     1.175239     2.114192
    1.285634     0.719036     1.175239
    0.952057     1.285634     0.719036
   -0.289410     0.952057     1.285634
    1.818387    -0.289410     0.952057
    1.527009     1.818387    -0.289410
    0.808232     1.527009     1.818387
    2.631593     0.808232     1.527009
    2.295432     2.631593     0.808232
    2.171719     2.295432     2.631593
    3.020017     2.171719     2.295432
    3.876011     3.020017     2.171719
    1.897635     3.876011     3.020017
    2.146532     1.897635     3.876011
    3.280704     2.146532     1.897635
    0.704152     3.280704     2.146532
    1.618938     0.704152     3.280704
    0.556267     1.618938     0.704152
    2.884316     0.556267     1.618938
    0.724792     2.884316     0.556267
    2.619318     0.724792     2.884316
    2.819984     2.619318     0.724792
    4.390421     2.819984     2.619318
    2.620127     4.390421     2.819984
    3.423951     2.620127     4.390421
    2.826473     3.423951     2.620127
    3.320914     2.826473     3.423951
    3.996297     3.320914     2.826473
    3.463251     3.996297     3.320914
    3.492425     3.463251     3.996297
    2.258595     3.492425     3.463251
    2.503091     2.258595     3.492425
    3.656108     2.503091     2.258595
    2.856936     3.656108     2.503091
    2.899036     2.856936     3.656108
    1.530318     2.899036     2.856936
    1.061820     1.530318     2.899036
    0.348940     1.061820     1.530318
    1.797094     0.348940     1.061820
    3.163406     1.797094     0.348940
    2.513229     3.163406     1.797094
    4.513395     2.513229     3.163406
    5.220476     4.513395     2.513229
    3.317290     5.220476     4.513395
    5.339933     3.317290     5.220476
    3.802729     5.339933     3.317290
    5.103160     3.802729     5.339933
    4.934092     5.103160     3.802729
    4.400859     4.934092     5.103160
    2.590926     4.400859     4.934092
    5.833068     2.590926     4.400859
    5.149276     5.833068     2.590926
    4.446628     5.149276     5.833068
    2.002701     4.446628     5.149276
    2.884766     2.002701     4.446628
    1.796667     2.884766     2.002701
    2.205179     1.796667     2.884766
    1.907219     2.205179     1.796667
    1.179620     1.907219     2.205179
    3.117011     1.179620     1.907219
    3.217332     3.117011     1.179620
    2.478953     3.217332     3.117011
    3.647811     2.478953     3.217332
    3.002841     3.647811     2.478953
    3.194550     3.002841     3.647811
    3.238582     3.194550     3.002841
    4.755729     3.238582     3.194550
    3.567433     4.755729     3.238582
    4.743155     3.567433     4.755729
    4.785720     4.743155     3.567433
    4.758174     4.785720     4.743155
    3.877250     4.758174     4.785720
    5.031921     3.877250     4.758174
    3.905393     5.031921     3.877250
    3.707580     3.905393     5.031921
    3.888696     3.707580     3.905393
    2.380442     3.888696     3.707580
    3.710128     2.380442     3.888696
    2.174760     3.710128     2.380442
    2.049026     2.174760     3.710128
    2.336593     2.049026     2.174760
    3.383934     2.336593     2.049026
    3.424263     3.383934     2.336593
    2.041015     3.424263     3.383934
    4.170377     2.041015     3.424263
    3.059532     4.170377     2.041015
    2.458239     3.059532     4.170377
    4.261327     2.458239     3.059532
    4.125867     4.261327     2.458239
    4.022218     4.125867     4.261327
    4.070535     4.022218     4.125867
    4.214575     4.070535     4.022218
    2.446295     4.214575     4.070535
    2.963935     2.446295     4.214575
    2.974017     2.963935     2.446295
    2.717000     2.974017     2.963935
    1.468968     2.717000     2.974017
    1.502073     1.468968     2.717000
    2.439961     1.502073     1.468968
    2.892132     2.439961     1.502073
    2.958816     2.892132     2.439961
    3.653782     2.958816     2.892132
    4.504290     3.653782     2.958816
    5.106678     4.504290     3.653782
    5.717808     5.106678     4.504290
    4.491769     5.717808     5.106678
    4.231993     4.491769     5.717808
    5.636038     4.231993     4.491769
    5.338391     5.636038     4.231993
    4.754519     5.338391     5.636038
    6.169621     4.754519     5.338391
    5.922106     6.169621     4.754519
    6.189303     5.922106     6.169621
    5.900674     6.189303     5.922106
    5.707429     5.900674     6.189303
    5.738203     5.707429     5.900674
    3.292790     5.738203     5.707429
    3.985624     3.292790     5.738203
    3.404418     3.985624     3.292790
    1.335436     3.404418     3.985624
    1.753952     1.335436     3.404418
    0.758752     1.753952     1.335436
    1.622799     0.758752     1.753952
    2.342422     1.622799     0.758752
    2.065570     2.342422     1.622799
    3.663078     2.065570     2.342422
    3.282860     3.663078     2.065570
    2.610701     3.282860     3.663078
    2.498484     2.610701     3.282860
    2.957051     2.498484     2.610701
    3.203426     2.957051     2.498484
    2.743015     3.203426     2.957051
    3.044949     2.743015     3.203426
    2.792786     3.044949     2.743015
    2.574831     2.792786     3.044949
    3.910886     2.574831     2.792786
    4.760835     3.910886     2.574831
    2.722742     4.760835     3.910886
    5.440861     2.722742     4.760835
    4.917378     5.440861     2.722742
    4.935871     4.917378     5.440861
    6.146509     4.935871     4.917378
    6.661683     6.146509     4.935871
    5.456155     6.661683     6.146509
    4.187726     5.456155     6.661683
    5.534422     4.187726     5.456155
    3.880874     5.534422     4.187726
    3.523138     3.880874     5.534422
    2.067070     3.523138     3.880874
    2.595968     2.067070     3.523138
    2.694366     2.595968     2.067070
    1.999609     2.694366     2.595968
    2.178722     1.999609     2.694366
    4.644127     2.178722     1.999609
    3.728089     4.644127     2.178722
    5.604540     3.728089     4.644127
    6.325618     5.604540     3.728089
    5.510599     6.325618     5.604540
    4.507936     5.510599     6.325618
    5.024300     4.507936     5.510599
    5.971503     5.024300     4.507936
    4.412292     5.971503     5.024300
    2.785348     4.412292     5.971503
    2.441812     2.785348     4.412292
    1.687718     2.441812     2.785348
    1.995297     1.687718     2.441812
    0.675521     1.995297     1.687718
    1.903081     0.675521     1.995297
    1.435880     1.903081     0.675521
    3.372215     1.435880     1.903081
    4.278722     3.372215     1.435880
    4.218737     4.278722     3.372215
    4.363572     4.218737     4.278722
    4.938086     4.363572     4.218737
    5.172599     4.938086     4.363572
    5.090202     5.172599     4.938086
    5.044455     5.090202     5.172599
    5.107729     5.044455     5.090202
    4.599118     5.107729     5.044455
    5.969348     4.599118     5.107729
    2.573875     5.969348     4.599118
    2.876873     2.573875     5.969348
    2.337437     2.876873     2.573875
    3.000103     2.337437     2.876873
    2.891078     3.000103     2.337437
    0.821348     2.891078     3.000103
    1.112480     0.821348     2.891078
    2.184472     1.112480     0.821348
    1.701160     2.184472     1.112480
    3.330468     1.701160     2.184472
    3.406469     3.330468     1.701160
    3.949812     3.406469     3.330468
    2.475618     3.949812     3.406469
    2.696148     2.475618     3.949812
    2.193739     2.696148     2.475618
    3.262029     2.193739     2.696148
    2.354607     3.262029     2.193739
    2.824952     2.354607     3.262029
    3.517189     2.824952     2.354607
    2.588273     3.517189     2.824952
    1.983959     2.588273     3.517189
    3.604813     1.983959     2.588273
    2.892254     3.604813     1.983959
    3.512074     2.892254     3.604813
    4.868162     3.512074     2.892254
    5.118909     4.868162     3.512074
    4.083152     5.118909     4.868162
    2.985015     4.083152     5.118909
    2.251218     2.985015     4.083152
    1.391549     2.251218     2.985015
    2.785224     1.391549     2.251218
    2.723366     2.785224     1.391549
    3.536288     2.723366     2.785224
    4.440924     3.536288     2.723366
    5.653847     4.440924     3.536288
    2.945300     5.653847     4.440924
    3.742460     2.945300     5.653847
    2.320819     3.742460     2.945300
    3.786499     2.320819     3.742460
    1.997215     3.786499     2.320819
    2.377435     1.997215     3.786499
    1.772926     2.377435     1.997215
    2.238828     1.772926     2.377435
    3.699661     2.238828     1.772926
    3.617069     3.699661     2.238828
    4.425004     3.617069     3.699661
    4.922273     4.425004     3.617069
    4.999061     4.922273     4.425004
    4.355221     4.999061     4.922273
    4.250925     4.355221     4.999061
    3.601167     4.250925     4.355221
    4.354780     3.601167     4.250925
    4.293705     4.354780     3.601167
    4.130251     4.293705     4.354780
    5.383707     4.130251     4.293705
    5.065745     5.383707     4.130251
    4.697308     5.065745     5.383707
    5.266738     4.697308     5.065745
    3.828334     5.266738     4.697308
    4.446438     3.828334     5.266738
    6.024985     4.446438     3.828334
    3.653616     6.024985     4.446438
    3.767389     3.653616     6.024985
    3.738238     3.767389     3.653616
    2.144211     3.738238     3.767389
    4.683702     2.144211     3.738238
    4.390007     4.683702     2.144211
    4.937479     4.390007     4.683702
    4.009981     4.937479     4.390007
    4.291089     4.009981     4.937479
    5.015095     4.291089     4.009981
    3.746846     5.015095     4.291089
    2.884675     3.746846     5.015095
    4.020697     2.884675     3.746846
    4.102627     4.020697     2.884675
    5.057988     4.102627     4.020697
    4.154366     5.057988     4.102627
    3.746720     4.154366     5.057988
    3.063693     3.746720     4.154366
    1.757223     3.063693     3.746720
    3.915503     1.757223     3.063693
    2.809841     3.915503     1.757223
    3.440508     2.809841     3.915503
    2.895073     3.440508     2.809841
    3.067708     2.895073     3.440508
    4.528146     3.067708     2.895073
    3.295848     4.528146     3.067708
    3.782553     3.295848     4.528146
    2.349237     3.782553     3.295848
    1.543504     2.349237     3.782553
    2.919523     1.543504     2.349237
    1.349347     2.919523     1.543504
    2.496734     1.349347     2.919523
    2.814813     2.496734     1.349347
    2.237950     2.814813     2.496734
    3.458644     2.237950     2.814813
    3.206067     3.458644     2.237950
    3.900194     3.206067     3.458644
    2.540621     3.900194     3.206067
    2.552248     2.540621     3.900194
    1.502791     2.552248     2.540621
    1.867410     1.502791     2.552248
    1.534969     1.867410     1.502791
    3.443151     1.534969     1.867410
    2.209693     3.443151     1.534969
    3.335849     2.209693     3.443151
    3.178119     3.335849     2.209693
    4.330711     3.178119     3.335849
    3.512028     4.330711     3.178119
    2.808978     3.512028     4.330711
    4.118219     2.808978     3.512028
    3.477677     4.118219     2.808978
    6.012963     3.477677     4.118219
    4.283478     6.012963     3.477677
    4.044820     4.283478     6.012963
    5.484676     4.044820     4.283478
    4.958704     5.484676     4.044820
    4.207186     4.958704     5.484676
    4.002966     4.207186     4.958704
    2.632265     4.002966     4.207186
    3.706125     2.632265     4.002966
    3.292279     3.706125     2.632265
    2.740814     3.292279     3.706125
    3.227577     2.740814     3.292279
    3.005529     3.227577     2.740814
    4.195348     3.005529     3.227577
    3.543466     4.195348     3.005529
    4.818946     3.543466     4.195348
    3.218647     4.818946     3.543466
    4.111205     3.218647     4.818946
    3.478705     4.111205     3.218647
    5.526756     3.478705     4.111205
    3.384654     5.526756     3.478705
    5.106530     3.384654     5.526756
    4.234215     5.106530     3.384654
    3.655128     4.234215     5.106530
    4.556767     3.655128     4.234215
    4.204745     4.556767     3.655128
    2.941536     4.204745     4.556767
    2.234120     2.941536     4.204745
    1.994771     2.234120     2.941536
    3.534861     1.994771     2.234120
    2.364603     3.534861     1.994771
    3.466824     2.364603     3.534861
    3.184162     3.466824     2.364603
    3.039348     3.184162     3.466824
    3.600505     3.039348     3.184162
    1.050069     3.600505     3.039348
    1.319930     1.050069     3.600505
    0.453245     1.319930     1.050069
    1.917547     0.453245     1.319930
    1.420023     1.917547     0.453245
    2.157545     1.420023     1.917547
    1.813315     2.157545     1.420023
    1.665804     1.813315     2.157545
    1.639461     1.665804     1.813315
    2.069935     1.639461     1.665804
    1.598457     2.069935     1.639461
    1.949346     1.598457     2.069935
    2.149076     1.949346     1.598457
    1.844296     2.149076     1.949346
    0.023579     1.844296     2.149076
    0.661454     0.023579     1.844296
    1.858988     0.661454     0.023579
    1.982602     1.858988     0.661454
    1.883724     1.982602     1.858988
    1.142119     1.883724     1.982602
    0.789359     1.142119     1.883724
    0.666808     0.789359     1.142119
    1.585720     0.666808     0.789359
    2.672281     1.585720     0.666808
    4.225619     2.672281     1.585720
    2.374767     4.225619     2.672281
    2.305246     2.374767     4.225619
    3.070957     2.305246     2.374767
    3.748017     3.070957     2.305246
    4.149521     3.748017     3.070957
    3.554087     4.149521     3.748017
    3.238336     3.554087     4.149521
    3.116692     3.238336     3.554087
    4.108589     3.116692     3.238336
    4.536642     4.108589     3.116692
    3.550411     4.536642     4.108589
    3.028390     3.550411     4.536642
    3.718198     3.028390     3.550411
