    5.269638     5.649836     4.231589
    4.826938     5.269638     5.649836
    5.412026     4.826938     5.269638
    3.769642     5.412026     4.826938
    3.331500     3.769642     5.412026
    6.721207     3.331500     3.769642
    5.235508     6.721207     3.331500
    4.770336     5.235508     6.721207
    5.464350     4.770336     5.235508
    4.375398     5.464350     4.770336
    5.008743     4.375398     5.464350
    3.841431     5.008743     4.375398
    3.237941     3.841431     5.008743
    2.834190     3.237941     3.841431
    2.376835     2.834190     3.237941
    0.253070     2.376835     2.834190
    1.871755     0.253070     2.376835
    4.119000     1.871755     0.253070
    3.363070     4.119000     1.871755
    3.450797     3.363070     4.119000
    2.614724     3.450797     3.363070
    2.534185     2.614724     3.450797
    1.159847     2.534185     2.614724
    2.261051     1.159847     2.534185
    2.737092     2.261051     1.159847
    1.330654     2.737092     2.261051
    2.856716     1.330654     2.737092
    2.738534     2.856716     1.330654
    4.347272     2.738534     2.856716
    4.031387     4.347272     2.738534
    2.581107     4.031387     4.347272
    5.137718     2.581107     4.031387
    6.069538     5.137718     2.581107
    5.105568     6.069538     5.137718
    6.150752     5.105568     6.069538
    5.486529     6.150752     5.105568
    5.477370     5.486529     6.150752
    6.596735     5.477370     5.486529
    7.460105     6.596735     5.477370
    6.758421     7.460105     6.596735
    6.191146     6.758421     7.460105
    7.107670     6.191146     6.758421
    7.333790     7.107670     6.191146
    7.532350     7.333790     7.107670
    5.683040     7.532350     7.333790
    6.126824     5.683040     7.532350
    5.147650     6.126824     5.683040
    5.630566     5.147650     6.126824
    2.530105     5.630566     5.147650
    3.008626     2.530105     5.630566
    4.714360     3.008626     2.530105
    5.168351     4.714360     3.008626
    3.353270     5.168351     4.714360
    3.861951     3.353270     5.168351
    3.461991     3.861951     3.353270
    2.161451     3.461991     3.861951
    3.647954     2.161451     3.461991
    3.804991     3.647954     2.161451
    3.907633     3.804991     3.647954
    4.118359     3.907633     3.804991
    4.329351     4.118359     3.907633
    3.481708     4.329351     4.118359
    4.483722     3.481708     4.329351
    2.728203     4.483722     3.481708
    3.365877     2.728203     4.483722
    2.425022     3.365877     2.728203
    3.317891     2.425022     3.365877
    3.614584     3.317891     2.425022
    2.878914     3.614584     3.317891
    2.396813     2.878914     3.614584
    3.473669     2.396813     2.878914
    4.540599     3.473669     2.396813
    3.121142     4.540599     3.473669
    3.411624     3.121142     4.540599
    5.002510     3.411624     3.121142
    3.399724     5.002510     3.411624
    4.024044     3.399724     5.002510
    4.907525     4.024044     3.399724
    3.716341     4.907525     4.024044
    3.040275     3.716341     4.907525
    4.670976     3.040275     3.716341
    4.904933     4.670976     3.040275
    3.312554     4.904933     4.670976
    3.245942     3.312554     4.904933
    3.963198     3.245942     3.312554
    2.954378     3.963198     3.245942
    3.509834     2.954378     3.963198
    3.504039     3.509834     2.954378
    2.986845     3.504039     3.509834
    3.664100     2.986845     3.504039
    4.665544     3.664100     2.986845
    2.890929     4.665544     3.664100
    3.985867     2.890929     4.665544
    3.440036     3.985867     2.890929
    2.954865     3.440036     3.985867
    3.000239     2.954865     3.440036
    2.239819     3.000239     2.954865
    3.125664     2.239819     3.000239
    3.289477     3.125664     2.239819
    1.040601     3.289477     3.125664
    3.630352     1.040601     3.289477
    3.352841     3.630352     1.040601
    3.110339     3.352841     3.630352
    5.770402     3.110339     3.352841
    2.084331     5.770402     3.110339
    2.793838     2.084331     5.770402
    2.910096     2.793838     2.084331
    2.667150     2.910096     2.793838
    3.984789     2.667150     2.910096
    1.298648     3.984789     2.667150
    0.361217     1.298648     3.984789
   -0.609297     0.361217     1.298648
    1.423956    -0.609297     0.361217
    0.811181     1.423956    -0.609297
    3.158726     0.811181     1.423956
    3.133337     3.158726     0.811181
    3.612350     3.133337     3.158726
    3.214451     3.612350     3.133337
    3.859141     3.214451     3.612350
    4.367749     3.859141     3.214451
    3.627119     4.367749     3.859141
    3.746901     3.627119     4.367749
    3.357324     3.746901     3.627119
    3.722821     3.357324     3.746901
    1.992013     3.722821     3.357324
    3.903368     1.992013     3.722821
    3.821365     3.903368     1.992013
    4.584682     3.821365     3.903368
    3.779731     4.584682     3.821365
    4.500691     3.779731     4.584682
    1.002592     4.500691     3.779731
    1.795753     1.002592     4.500691
    3.174544     1.795753     1.002592
    2.650142     3.174544     1.795753
    2.821654     2.650142     3.174544
    2.194910     2.821654     2.650142
    2.013876     2.194910     2.821654
    4.082916     2.013876     2.194910
    3.861288     4.082916     2.013876
    3.346762     3.861288     4.082916
    2.776564     3.346762     3.861288
    3.192302     2.776564     3.346762
    4.232935     3.192302     2.776564
    2.433757     4.232935     3.192302
    4.600492     2.433757     4.232935
    5.002674     4.600492     2.433757
    5.279117     5.002674     4.600492
    5.759011     5.279117     5.002674
    5.603330     5.759011     5.279117
    4.639953     5.603330     5.759011
    6.117627     4.639953     5.603330
    5.610887     6.117627     4.639953
    5.076061     5.610887     6.117627
    5.327847     5.076061     5.610887
    5.671874     5.327847     5.076061
    5.945998     5.671874     5.327847
    3.541396     5.945998     5.671874
    4.636698     3.541396     5.945998
    5.345336     4.636698     3.541396
    5.322728     5.345336     4.636698
    6.734647     5.322728     5.345336
    7.509812     6.734647     5.322728
    3.434281     7.509812     6.734647
    5.223030     3.434281     7.509812
    3.476588     5.223030     3.434281
    3.257457     3.476588     5.223030
    2.827706     3.257457     3.476588
    2.880465     2.827706     3.257457
    4.015437     2.880465     2.827706
    3.343613     4.015437     2.880465
    3.871508     3.343613     4.015437
    3.419189     3.871508     3.343613
    3.088738     3.419189     3.871508
    3.124317     3.088738     3.419189
    3.051164     3.124317     3.088738
    3.166022     3.051164     3.124317
    2.489529     3.166022     3.051164
    2.656801     2.489529     3.166022
    2.222910     2.656801     2.489529
    3.558286     2.222910     2.656801
    3.983089     3.558286     2.222910
    3.889979     3.983089     3.558286
    3.808235     3.889979     3.983089
    3.264532     3.808235     3.889979
    3.406632     3.264532     3.808235
    5.209619     3.406632     3.264532
    4.189483     5.209619     3.406632
    3.835832     4.189483     5.209619
    2.821990     3.835832     4.189483
    6.028882     2.821990     3.835832
    3.390037     6.028882     2.821990
    3.723813     3.390037     6.028882
    3.796933     3.723813     3.390037
    4.955902     3.796933     3.723813
    2.464694     4.955902     3.796933
    4.704367     2.464694     4.955902
    4.903243     4.704367     2.464694
    4.872771     4.903243     4.704367
    4.787343     4.872771     4.903243
    4.892122     4.787343     4.872771
    4.828996     4.892122     4.787343
    4.623299     4.828996     4.892122
    4.500585     4.623299     4.828996
    4.308541     4.500585     4.623299
    3.295230     4.308541     4.500585
    2.125465     3.295230     4.308541
    2.650674     2.125465     3.295230
    1.733748     2.650674     2.125465
    2.101047     1.733748     2.650674
    1.520184     2.101047     1.733748
    1.328486     1.520184     2.101047
    2.706248     1.328486     1.520184
    3.859359     2.706248     1.328486
    3.869003     3.859359     2.706248
    3.454080     3.869003     3.859359
    4.549157     3.454080     3.869003
    3.931750     4.549157     3.454080
    3.365988     3.931750     4.549157
    3.278807     3.365988     3.931750
    3.592844     3.278807     3.365988
    3.307717     3.592844     3.278807
    4.290197     3.307717     3.592844
    2.425309     4.290197     3.307717
    1.394889     2.425309     4.290197
    0.670242     1.394889     2.425309
    2.734492     0.670242     1.394889
    4.252959     2.734492     0.670242
    2.316242     4.252959     2.734492
    4.649741     2.316242     4.252959
    4.918766     4.649741     2.316242
    5.471120     4.918766     4.649741
    5.254565     5.471120     4.918766
    3.971285     5.254565     5.471120
    3.513234     3.971285     5.254565
    4.965376     3.513234     3.971285
    3.566800     4.965376     3.513234
    3.098013     3.566800     4.965376
    4.749679     3.098013     3.566800
    2.825493     4.749679     3.098013
    4.600612     2.825493     4.749679
    5.079423     4.600612     2.825493
    4.091141     5.079423     4.600612
    2.890379     4.091141     5.079423
    2.218875     2.890379     4.091141
    1.655706     2.218875     2.890379
    1.744737     1.655706     2.218875
    1.813727     1.744737     1.655706
    1.923616     1.813727     1.744737
    2.750249     1.923616     1.813727
    2.348657     2.750249     1.923616
    3.668659     2.348657     2.750249
    4.531057     3.668659     2.348657
    4.053173     4.531057     3.668659
    3.700340     4.053173     4.531057
    3.177437     3.700340     4.053173
    1.956319     3.177437     3.700340
    2.788137     1.956319     3.177437
    2.087460     2.788137     1.956319
    1.398835     2.087460     2.788137
    0.452113     1.398835     2.087460
    1.927183     0.452113     1.398835
    4.174267     1.927183     0.452113
    3.755842     4.174267     1.927183
    3.338980     3.755842     4.174267
    3.744445     3.338980     3.755842
    4.222876     3.744445     3.338980
    3.370919     4.222876     3.744445
    4.546081     3.370919     4.222876
    5.899080     4.546081     3.370919
    4.838187     5.899080     4.546081
    4.868630     4.838187     5.899080
    4.844633     4.868630     4.838187
    3.033293     4.844633     4.868630
    1.135164     3.033293     4.844633
    3.194678     1.135164     3.033293
    2.192299     3.194678     1.135164
    1.321600     2.192299     3.194678
    5.219426     1.321600     2.192299
    4.349229     5.219426     1.321600
    4.112985     4.349229     5.219426
    3.093707     4.112985     4.349229
    2.214977     3.093707     4.112985
    2.761776     2.214977     3.093707
    2.833283     2.761776     2.214977
    3.777706     2.833283     2.761776
    3.813525     3.777706     2.833283
    5.006313     3.813525     3.777706
    2.378935     5.006313     3.813525
    1.478975     2.378935     5.006313
    1.898487     1.478975     2.378935
    2.657019     1.898487     1.478975
    2.751557     2.657019     1.898487
    0.434203     2.751557     2.657019
    2.035225     0.434203     2.751557
    1.356152     2.035225     0.434203
    2.221094     1.356152     2.035225
    2.702683     2.221094     1.356152
    5.375306     2.702683     2.221094
    5.706179     5.375306     2.702683
    5.354839     5.706179     5.375306
    5.059918     5.354839     5.706179
    5.598888     5.059918     5.354839
    6.809073     5.598888     5.059918
    4.898105     6.809073     5.598888
    5.012232     4.898105     6.809073
    4.105824     5.012232     4.898105
    4.265098     4.105824     5.012232
    5.804269     4.265098     4.105824
    5.622920     5.804269     4.265098
    4.371746     5.622920     5.804269
    4.469652     4.371746     5.622920
    2.780494     4.469652     4.371746
    2.660442     2.780494     4.469652
    3.187467     2.660442     2.780494
    2.148510     3.187467     2.660442
    5.146162     2.148510     3.187467
    3.255679     5.146162     2.148510
    3.379344     3.255679     5.146162
    5.228652     3.379344     3.255679
    3.978977     5.228652     3.379344
    3.609443     3.978977     5.228652
    2.589303     3.609443     3.978977
    2.823877     2.589303     3.609443
    3.306820     2.823877     2.589303
    4.194299     3.306820     2.823877
    6.362547     4.194299     3.306820
    4.254389     6.362547     4.194299
    2.791294     4.254389     6.362547
    2.713144     2.791294     4.254389
    0.934171     2.713144     2.791294
    2.358432     0.934171     2.713144
    1.846288     2.358432     0.934171
    2.660196     1.846288     2.358432
    3.372368     2.660196     1.846288
    2.196564     3.372368     2.660196
    1.144104     2.196564     3.372368
    2.709159     1.144104     2.196564
    2.420458     2.709159     1.144104
    2.321418     2.420458     2.709159
    3.060532     2.321418     2.420458
    3.455155     3.060532     2.321418
    4.181980     3.455155     3.060532
    2.842894     4.181980     3.455155
    6.747612     2.842894     4.181980
    5.480751     6.747612     2.842894
    3.591902     5.480751     6.747612
    5.252318     3.591902     5.480751
    5.276237     5.252318     3.591902
    2.792217     5.276237     5.252318
    4.829440     2.792217     5.276237
    4.900095     4.829440     2.792217
    5.000118     4.900095     4.829440
    5.591962     5.000118     4.900095
    4.869042     5.591962     5.000118
    6.253822     4.869042     5.591962
    5.631541     6.253822     4.869042
    6.116104     5.631541     6.253822
    4.316034     6.116104     5.631541
    3.699300     4.316034     6.116104
    1.660043     3.699300     4.316034
    3.396555     1.660043     3.699300
    3.649712     3.396555     1.660043
    2.161170     3.649712     3.396555
    1.363942     2.161170     3.649712
    3.462798     1.363942     2.161170
    3.918530     3.462798     1.363942
    3.316550     3.918530     3.462798
    1.677116     3.316550     3.918530
    1.226203     1.677116     3.316550
    1.201613     1.226203     1.677116
    2.387532     1.201613     1.226203
    2.079980     2.387532     1.201613
    3.280939     2.079980     2.387532
    1.991706     3.280939     2.079980
    1.977730     1.991706     3.280939
    2.436968     1.977730     1.991706
    3.929007     2.436968     1.977730
    2.267846     3.929007     2.436968
    1.866818     2.267846     3.929007
    3.781044     1.866818     2.267846
    4.005942     3.781044     1.866818
    4.124113     4.005942     3.781044
    3.962902     4.124113     4.005942
    3.683567     3.962902     4.124113
    4.691031     3.683567     3.962902
    2.868282     4.691031     3.683567
    3.675854     2.868282     4.691031
    3.715576     3.675854     2.868282
    2.745795     3.715576     3.675854
    4.910623     2.745795     3.715576
    5.544951     4.910623     2.745795
    3.440205     5.544951     4.910623
    4.674722     3.440205     5.544951
    2.823697     4.674722     3.440205
    1.851291     2.823697     4.674722
    1.631852     1.851291     2.823697
    3.732559     1.631852     1.851291
    5.465014     3.732559     1.631852
    2.425595     5.465014     3.732559
    3.614902     2.425595     5.465014
    3.436335     3.614902     2.425595
    2.155646     3.436335     3.614902
    1.546279     2.155646     3.436335
    3.424556     1.546279     2.155646
    3.705357     3.424556     1.546279
    1.599993     3.705357     3.424556
    1.336282     1.599993     3.705357
    2.586857     1.336282     1.599993
    1.784929     2.586857     1.336282
    2.837097     1.784929     2.586857
    2.995994     2.837097     1.784929
    2.417932     2.995994     2.837097
    1.484327     2.417932     2.995994
    1.818838     1.484327     2.417932
    3.369369     1.818838     1.484327
    1.440069     3.369369     1.818838
    2.761593     1.440069     3.369369
    5.779514     2.761593     1.440069
    4.479535     5.779514     2.761593
    4.490173     4.479535     5.779514
    4.908040     4.490173     4.479535
    3.554949     4.908040     4.490173
    3.481679     3.554949     4.908040
    3.797975     3.481679     3.554949
    3.752714     3.797975     3.481679
    4.667341     3.752714     3.797975
    4.229417     4.667341     3.752714
    3.185302     4.229417     4.667341
    2.204619     3.185302     4.229417
    1.713003     2.204619     3.185302
    2.452519     1.713003     2.204619
    2.550914     2.452519     1.713003
    4.197721     2.550914     2.452519
    1.573505     4.197721     2.550914
    1.551742     1.573505     4.197721
    0.932468     1.551742     1.573505
    1.920637     0.932468     1.551742
    1.726702     1.920637     0.932468
    3.162622     1.726702     1.920637
    3.154509     3.162622     1.726702
    3.967938     3.154509     3.162622
    4.059524     3.967938     3.154509
    4.072903     4.059524     3.967938
    2.886794     4.072903     4.059524
    3.367435     2.886794     4.072903
    3.158050     3.367435     2.886794
    2.091010     3.158050     3.367435
    2.615998     2.091010     3.158050
    2.530220     2.615998     2.091010
    1.169017     2.530220     2.615998
    1.866470     1.169017     2.530220
    2.275784     1.866470     1.169017
    1.538018     2.275784     1.866470
    0.835151     1.538018     2.275784
    2.686370     0.835151     1.538018
    2.325770     2.686370     0.835151
    2.333236     2.325770     2.686370
    1.600716     2.333236     2.325770
    3.761899     1.600716     2.333236
    1.954095     3.761899     1.600716
    1.882264     1.954095     3.761899
    0.836123     1.882264     1.954095
    2.355408     0.836123     1.882264
    1.842273     2.355408     0.836123
    2.098175     1.842273     2.355408
    1.082560     2.098175     1.842273
    1.741047     1.082560     2.098175
    0.250047     1.741047     1.082560
    3.564108     0.250047     1.741047
    2.427512     3.564108     0.250047
    2.908694     2.427512     3.564108
    2.003570     2.908694     2.427512
    2.196926     2.003570     2.908694
    2.328347     2.196926     2.003570
    3.005439     2.328347     2.196926
    3.375001     3.005439     2.328347
    2.419707     3.375001     3.005439
    4.686518     2.419707     3.375001
    1.963025     4.686518     2.419707
    3.369342     1.963025     4.686518
    3.244675     3.369342     1.963025
    5.472646     3.244675     3.369342
    3.041576     5.472646     3.244675
    2.156162     3.041576     5.472646
    1.894622     2.156162     3.041576
    1.609582     1.894622     2.156162
    3.183976     1.609582     1.894622
    2.966389     3.183976     1.609582
    2.700003     2.966389     3.183976
    3.184560     2.700003     2.966389
    2.160959     3.184560     2.700003
    2.067892     2.160959     3.184560
    2.808343     2.067892     2.160959
    3.741516     2.808343     2.067892
    3.639526     3.741516     2.808343
    3.740212     3.639526     3.741516
    3.245118     3.740212     3.639526
    2.391589     3.245118     3.740212
    3.148873     2.391589     3.245118
    2.913432     3.148873     2.391589
