    3.129213     4.613666     4.673921
    5.567471     3.129213     4.613666
    4.923162     5.567471     3.129213
    2.378028     4.923162     5.567471
    3.040280     2.378028     4.923162
    4.054289     3.040280     2.378028
    4.052085     4.054289     3.040280
    2.177511     4.052085     4.054289
    3.097858     2.177511     4.052085
    3.166664     3.097858     2.177511
    2.654474     3.166664     3.097858
    2.045198     2.654474     3.166664
    1.834352     2.045198     2.654474
    2.180390     1.834352     2.045198
    3.962854     2.180390     1.834352
    2.458207     3.962854     2.180390
    2.596364     2.458207     3.962854
    1.182411     2.596364     2.458207
    2.331318     1.182411     2.596364
    1.670378     2.331318     1.182411
    1.432041     1.670378     2.331318
    0.909755     1.432041     1.670378
    0.759121     0.909755     1.432041
    0.978023     0.759121     0.909755
    2.904150     0.978023     0.759121
    2.659485     2.904150     0.978023
    3.348019     2.659485     2.904150
    3.160477     3.348019     2.659485
    2.438366     3.160477     3.348019
    2.600919     2.438366     3.160477
    1.686332     2.600919     2.438366
    3.219472     1.686332     2.600919
    1.750833     3.219472     1.686332
    4.902056     1.750833     3.219472
    4.088234     4.902056     1.750833
    3.515181     4.088234     4.902056
    2.831462     3.515181     4.088234
    1.435563     2.831462     3.515181
    2.760017     1.435563     2.831462
    3.302919     2.760017     1.435563
    1.722004     3.302919     2.760017
    3.486142     1.722004     3.302919
    3.884754     3.486142     1.722004
    2.312243     3.884754     3.486142
    2.495086     2.312243     3.884754
    2.583019     2.495086     2.312243
    4.073112     2.583019     2.495086
    5.553871     4.073112     2.583019
    4.324063     5.553871     4.073112
    1.990617     4.324063     5.553871
    2.390769     1.990617     4.324063
    2.315388     2.390769     1.990617
    2.545381     2.315388     2.390769
    2.041511     2.545381     2.315388
    1.941062     2.041511     2.545381
    2.101790     1.941062     2.041511
   -0.174045     2.101790     1.941062
    0.238587    -0.174045     2.101790
    0.163130     0.238587    -0.174045
    2.071593     0.163130     0.238587
    2.735882     2.071593     0.163130
    1.312384     2.735882     2.071593
    1.924966     1.312384     2.735882
    1.366225     1.924966     1.312384
    3.082931     1.366225     1.924966
    2.832654     3.082931     1.366225
    3.826014     2.832654     3.082931
    2.294169     3.826014     2.832654
    3.175919     2.294169     3.826014
    4.923621     3.175919     2.294169
    5.355611     4.923621     3.175919
    4.565020     5.355611     4.923621
    2.992731     4.565020     5.355611
    4.210421     2.992731     4.565020
    2.819392     4.210421     2.992731
    2.884702     2.819392     4.210421
    3.195183     2.884702     2.819392
    3.556573     3.195183     2.884702
    2.889416     3.556573     3.195183
    4.495770     2.889416     3.556573
    3.623097     4.495770     2.889416
    1.856820     3.623097     4.495770
    1.490681     1.856820     3.623097
    0.880941     1.490681     1.856820
    1.852448     0.880941     1.490681
    0.829394     1.852448     0.880941
    2.129199     0.829394     1.852448
    1.630643     2.129199     0.829394
    2.383279     1.630643     2.129199
    2.407097     2.383279     1.630643
    1.778886     2.407097     2.383279
    2.013027     1.778886     2.407097
    2.782621     2.013027     1.778886
    0.160520     2.782621     2.013027
    1.537437     0.160520     2.782621
   -1.241328     1.537437     0.160520
    1.032593    -1.241328     1.537437
    1.821894     1.032593    -1.241328
    2.294145     1.821894     1.032593
    2.930424     2.294145     1.821894
    2.524344     2.930424     2.294145
    2.760210     2.524344     2.930424
    1.760304     2.760210     2.524344
    1.901781     1.760304     2.760210
    1.693325     1.901781     1.760304
    2.955717     1.693325     1.901781
    3.390238     2.955717     1.693325
    3.832599     3.390238     2.955717
    1.603563     3.832599     3.390238
    0.534196     1.603563     3.832599
    1.068539     0.534196     1.603563
    2.019590     1.068539     0.534196
    2.701115     2.019590     1.068539
    3.224294     2.701115     2.019590
    3.167365     3.224294     2.701115
    2.996229     3.167365     3.224294
    2.680110     2.996229     3.167365
    3.281192     2.680110     2.996229
    3.107315     3.281192     2.680110
    2.020652     3.107315     3.281192
    2.468717     2.020652     3.107315
    3.161569     2.468717     2.020652
    2.637220     3.161569     2.468717
    3.139112     2.637220     3.161569
    4.238776     3.139112     2.637220
    4.192753     4.238776     3.139112
    3.895175     4.192753     4.238776
    3.930111     3.895175     4.192753
    4.559376     3.930111     3.895175
    5.505342     4.559376     3.930111
    3.675473     5.505342     4.559376
    3.759943     3.675473     5.505342
    4.796594     3.759943     3.675473
    4.940059     4.796594     3.759943
    6.404674     4.940059     4.796594
    5.654477     6.404674     4.940059
    5.610306     5.654477     6.404674
    5.169779     5.610306     5.654477
    3.630388     5.169779     5.610306
    4.598712     3.630388     5.169779
    2.806617     4.598712     3.630388
    1.835813     2.806617     4.598712
    2.752532     1.835813     2.806617
    3.234616     2.752532     1.835813
    4.744239     3.234616     2.752532
    2.552205     4.744239     3.234616
    4.275551     2.552205     4.744239
    4.421975     4.275551     2.552205
    2.505641     4.421975     4.275551
    3.192328     2.505641     4.421975
    2.808995     3.192328     2.505641
    4.121376     2.808995     3.192328
    2.279341     4.121376     2.808995
    1.860655     2.279341     4.121376
    1.579814     1.860655     2.279341
    0.780698     1.579814     1.860655
    0.314208     0.780698     1.579814
    1.165979     0.314208     0.780698
    1.223126     1.165979     0.314208
    2.555729     1.223126     1.165979
    2.295176     2.555729     1.223126
    2.937725     2.295176     2.555729
    2.296445     2.937725     2.295176
    3.361159     2.296445     2.937725
    2.578142     3.361159     2.296445
    3.766641     2.578142     3.361159
    2.846108     3.766641     2.578142
    4.574805     2.846108     3.766641
    4.713254     4.574805     2.846108
    3.186802     4.713254     4.574805
    4.725112     3.186802     4.713254
    3.057020     4.725112     3.186802
    5.518834     3.057020     4.725112
    4.475536     5.518834     3.057020
    3.994919     4.475536     5.518834
    4.419502     3.994919     4.475536
    4.314488     4.419502     3.994919
    8.063204     4.314488     4.419502
    8.119556     8.063204     4.314488
    8.312690     8.119556     8.063204
    4.823848     8.312690     8.119556
    5.226068     4.823848     8.312690
    4.967517     5.226068     4.823848
    4.143848     4.967517     5.226068
    2.287723     4.143848     4.967517
    3.430698     2.287723     4.143848
    2.194661     3.430698     2.287723
    3.026156     2.194661     3.430698
    3.777561     3.026156     2.194661
    1.646719     3.777561     3.026156
    2.614615     1.646719     3.777561
    3.704671     2.614615     1.646719
    5.154901     3.704671     2.614615
    2.970097     5.154901     3.704671
    3.100373     2.970097     5.154901
    3.514136     3.100373     2.970097
    1.922715     3.514136     3.100373
    3.451453     1.922715     3.514136
    2.001135     3.451453     1.922715
    3.695226     2.001135     3.451453
    2.521432     3.695226     2.001135
    2.648541     2.521432     3.695226
    2.192140     2.648541     2.521432
    3.457202     2.192140     2.648541
    4.916136     3.457202     2.192140
    4.024821     4.916136     3.457202
    3.443454     4.024821     4.916136
    4.230938     3.443454     4.024821
    4.302208     4.230938     3.443454
    5.052614     4.302208     4.230938
    3.223867     5.052614     4.302208
    4.121765     3.223867     5.052614
    2.093535     4.121765     3.223867
    2.692144     2.093535     4.121765
    2.198751     2.692144     2.093535
    3.500930     2.198751     2.692144
    2.962733     3.500930     2.198751
    3.225626     2.962733     3.500930
    2.373794     3.225626     2.962733
    2.993090     2.373794     3.225626
    2.158868     2.993090     2.373794
    1.722729     2.158868     2.993090
    3.496565     1.722729     2.158868
    2.887835     3.496565     1.722729
    2.082995     2.887835     3.496565
    4.365295     2.082995     2.887835
    3.016951     4.365295     2.082995
    2.573186     3.016951     4.365295
    3.452710     2.573186     3.016951
    2.392568     3.452710     2.573186
    4.686701     2.392568     3.452710
    3.384816     4.686701     2.392568
    3.665673     3.384816     4.686701
    1.392295     3.665673     3.384816
    2.015686     1.392295     3.665673
    2.329405     2.015686     1.392295
    2.883631     2.329405     2.015686
    2.799769     2.883631     2.329405
    2.242942     2.799769     2.883631
    2.915526     2.242942     2.799769
    3.463749     2.915526     2.242942
    3.247484     3.463749     2.915526
    2.655225     3.247484     3.463749
    2.373578     2.655225     3.247484
    2.205327     2.373578     2.655225
    3.585789     2.205327     2.373578
    3.576244     3.585789     2.205327
    4.212221     3.576244     3.585789
    4.462764     4.212221     3.576244
    4.207494     4.462764     4.212221
    5.155085     4.207494     4.462764
    5.045051     5.155085     4.207494
    5.224507     5.045051     5.155085
    4.195332     5.224507     5.045051
    3.494141     4.195332     5.224507
    5.059000     3.494141     4.195332
    4.860951     5.059000     3.494141
    3.461332     4.860951     5.059000
    5.026029     3.461332     4.860951
    3.981630     5.026029     3.461332
    4.581222     3.981630     5.026029
    5.026864     4.581222     3.981630
    4.409905     5.026864     4.581222
    2.999584     4.409905     5.026864
    1.425035     2.999584     4.409905
   -0.682852     1.425035     2.999584
    0.166910    -0.682852     1.425035
    0.823200     0.166910    -0.682852
    1.834943     0.823200     0.166910
    2.430847     1.834943     0.823200
    1.342365     2.430847     1.834943
    0.376300     1.342365     2.430847
    1.643649     0.376300     1.342365
    1.738713     1.643649     0.376300
    1.824386     1.738713     1.643649
    1.274536     1.824386     1.738713
    0.560909     1.274536     1.824386
   -0.412026     0.560909     1.274536
   -0.208367    -0.412026     0.560909
   -0.597722    -0.208367    -0.412026
    0.063060    -0.597722    -0.208367
    0.438834     0.063060    -0.597722
    2.546334     0.438834     0.063060
    3.629024     2.546334     0.438834
    3.598853     3.629024     2.546334
    4.309014     3.598853     3.629024
    3.691607     4.309014     3.598853
    4.626717     3.691607     4.309014
    1.313888     4.626717     3.691607
    1.049329     1.313888     4.626717
    1.160233     1.049329     1.313888
    1.061255     1.160233     1.049329
    2.697482     1.061255     1.160233
    2.793009     2.697482     1.061255
    3.886604     2.793009     2.697482
    6.403875     3.886604     2.793009
    7.678881     6.403875     3.886604
    6.196346     7.678881     6.403875
    4.466574     6.196346     7.678881
    4.527355     4.466574     6.196346
    4.368431     4.527355     4.466574
    5.203701     4.368431     4.527355
    3.565378     5.203701     4.368431
    2.072378     3.565378     5.203701
    2.948593     2.072378     3.565378
    3.472175     2.948593     2.072378
    3.907561     3.472175     2.948593
    4.204909     3.907561     3.472175
    2.984593     4.204909     3.907561
    2.507331     2.984593     4.204909
    3.537390     2.507331     2.984593
    2.884665     3.537390     2.507331
    4.101469     2.884665     3.537390
    4.538192     4.101469     2.884665
    4.959098     4.538192     4.101469
    3.444446     4.959098     4.538192
    4.695825     3.444446     4.959098
    4.876868     4.695825     3.444446
    4.500671     4.876868     4.695825
    2.776144     4.500671     4.876868
    2.708307     2.776144     4.500671
    2.004284     2.708307     2.776144
    2.585252     2.004284     2.708307
    2.877650     2.585252     2.004284
    3.040669     2.877650     2.585252
    2.158238     3.040669     2.877650
    3.678210     2.158238     3.040669
    1.984384     3.678210     2.158238
    2.433495     1.984384     3.678210
    2.267151     2.433495     1.984384
    3.512973     2.267151     2.433495
    2.191030     3.512973     2.267151
    3.212058     2.191030     3.512973
    4.700703     3.212058     2.191030
    2.314452     4.700703     3.212058
    2.468740     2.314452     4.700703
    3.050502     2.468740     2.314452
    2.596919     3.050502     2.468740
    1.183622     2.596919     3.050502
    3.423936     1.183622     2.596919
    3.110280     3.423936     1.183622
    2.369231     3.110280     3.423936
    3.475796     2.369231     3.110280
    5.448819     3.475796     2.369231
    5.572709     5.448819     3.475796
    6.414634     5.572709     5.448819
    4.920050     6.414634     5.572709
    5.284908     4.920050     6.414634
    4.234671     5.284908     4.920050
    6.123803     4.234671     5.284908
    4.468729     6.123803     4.234671
    3.345589     4.468729     6.123803
    3.450800     3.345589     4.468729
    3.814304     3.450800     3.345589
    4.259251     3.814304     3.450800
    4.343407     4.259251     3.814304
    4.518218     4.343407     4.259251
    2.969948     4.518218     4.343407
    2.928464     2.969948     4.518218
    3.235536     2.928464     2.969948
    2.366964     3.235536     2.928464
    4.659243     2.366964     3.235536
    2.051369     4.659243     2.366964
    3.587282     2.051369     4.659243
    2.995570     3.587282     2.051369
    3.311395     2.995570     3.587282
    3.795023     3.311395     2.995570
    1.875618     3.795023     3.311395
    1.535752     1.875618     3.795023
    1.827674     1.535752     1.875618
    3.489823     1.827674     1.535752
    1.312654     3.489823     1.827674
    1.928290     1.312654     3.489823
    3.311004     1.928290     1.312654
    2.976465     3.311004     1.928290
    4.968931     2.976465     3.311004
    3.854813     4.968931     2.976465
    3.685281     3.854813     4.968931
    2.643160     3.685281     3.854813
    5.170893     2.643160     3.685281
    5.196176     5.170893     2.643160
    5.915750     5.196176     5.170893
    5.530654     5.915750     5.196176
    4.341826     5.530654     5.915750
    3.916773     4.341826     5.530654
    3.671773     3.916773     4.341826
    2.779669     3.671773     3.916773
    4.664520     2.779669     3.671773
    4.636563     4.664520     2.779669
    4.484332     4.636563     4.664520
    3.884179     4.484332     4.636563
    4.475901     3.884179     4.484332
    3.546382     4.475901     3.884179
    3.165092     3.546382     4.475901
    3.718022     3.165092     3.546382
    2.818216     3.718022     3.165092
    3.468496     2.818216     3.718022
    4.088913     3.468496     2.818216
    3.084049     4.088913     3.468496
    3.483357     3.084049     4.088913
    5.500153     3.483357     3.084049
    6.383257     5.500153     3.483357
    3.220733     6.383257     5.500153
    2.060506     3.220733     6.383257
    2.940705     2.060506     3.220733
    2.486322     2.940705     2.060506
    1.777012     2.486322     2.940705
    1.647416     1.777012     2.486322
    1.484468     1.647416     1.777012
    1.600530     1.484468     1.647416
    0.841526     1.600530     1.484468
    1.365113     0.841526     1.600530
    1.411197     1.365113     0.841526
    2.698792     1.411197     1.365113
    1.746846     2.698792     1.411197
    2.519055     1.746846     2.698792
    3.398521     2.519055     1.746846
    4.416716     3.398521     2.519055
    3.235091     4.416716     3.398521
    4.598176     3.235091     4.416716
    5.501301     4.598176     3.235091
    3.257378     5.501301     4.598176
    3.610013     3.257378     5.501301
    3.631379     3.610013     3.257378
    3.197896     3.631379     3.610013
    3.751530     3.197896     3.631379
    4.403409     3.751530     3.197896
    4.361306     4.403409     3.751530
    3.128648     4.361306     4.403409
    3.215020     3.128648     4.361306
    3.899248     3.215020     3.128648
    3.764037     3.899248     3.215020
    3.396118     3.764037     3.899248
    3.074244     3.396118     3.764037
    3.466999     3.074244     3.396118
    4.799363     3.466999     3.074244
    4.473900     4.799363     3.466999
    7.193321     4.473900     4.799363
    5.103371     7.193321     4.473900
    4.799160     5.103371     7.193321
    3.961350     4.799160     5.103371
    3.679112     3.961350     4.799160
    4.604996     3.679112     3.961350
    3.197195     4.604996     3.679112
    2.862203     3.197195     4.604996
    4.497546     2.862203     3.197195
    4.217199     4.497546     2.862203
    3.467087     4.217199     4.497546
    4.798186     3.467087     4.217199
    4.100328     4.798186     3.467087
    4.086360     4.100328     4.798186
    5.414332     4.086360     4.100328
    4.676166     5.414332     4.086360
    3.318937     4.676166     5.414332
    4.896595     3.318937     4.676166
    4.018691     4.896595     3.318937
    2.380377     4.018691     4.896595
    3.238719     2.380377     4.018691
    4.092103     3.238719     2.380377
    3.998839     4.092103     3.238719
    3.717036     3.998839     4.092103
    3.076145     3.717036     3.998839
    4.145590     3.076145     3.717036
    2.862857     4.145590     3.076145
    4.291131     2.862857     4.145590
    2.776578     4.291131     2.862857
    2.001570     2.776578     4.291131
    1.916921     2.001570     2.776578
    1.480685     1.916921     2.001570
    1.406182     1.480685     1.916921
    3.358495     1.406182     1.480685
    0.710503     3.358495     1.406182
    1.762356     0.710503     3.358495
    2.439616     1.762356     0.710503
    2.291335     2.439616     1.762356
    1.977459     2.291335     2.439616
    2.476422     1.977459     2.291335
    2.811740     2.476422     1.977459
    3.433456     2.811740     2.476422
    2.133357     3.433456     2.811740
    1.832410     2.133357     3.433456
    3.237232     1.832410     2.133357
    1.874806     3.237232     1.832410
    2.308741     1.874806     3.237232
    2.246576     2.308741     1.874806
    0.676488     2.246576     2.308741
    3.426143     0.676488     2.246576
    3.075697     3.426143     0.676488
    5.005862     3.075697     3.426143
    3.951511     5.005862     3.075697
    3.151309     3.951511     5.005862
    2.376993     3.151309     3.951511
    1.138847     2.376993     3.151309
    0.916902     1.138847     2.376993
    2.437805     0.916902     1.138847
    0.488048     2.437805     0.916902
    1.888724     0.488048     2.437805
   -0.356508     1.888724     0.488048
    2.035876    -0.356508     1.888724
    2.663171     2.035876    -0.356508
