    3.052212     3.358073     3.069992
    2.280228     3.052212     3.358073
    2.220620     2.280228     3.052212
    1.612299     2.220620     2.280228
    3.704131     1.612299     2.220620
    2.540523     3.704131     1.612299
    3.796678     2.540523     3.704131
    4.416094     3.796678     2.540523
    2.456570     4.416094     3.796678
    4.686845     2.456570     4.416094
    3.840502     4.686845     2.456570
    4.483405     3.840502     4.686845
    3.109069     4.483405     3.840502
    4.886430     3.109069     4.483405
    4.949213     4.886430     3.109069
    5.578205     4.949213     4.886430
    6.145216     5.578205     4.949213
    5.113679     6.145216     5.578205
    7.007198     5.113679     6.145216
    6.391181     7.007198     5.113679
    6.653211     6.391181     7.007198
    7.313850     6.653211     6.391181
    5.618062     7.313850     6.653211
    5.235157     5.618062     7.313850
    2.721611     5.235157     5.618062
    3.467948     2.721611     5.235157
    4.930672     3.467948     2.721611
    2.910763     4.930672     3.467948
    3.712794     2.910763     4.930672
    2.744109     3.712794     2.910763
    1.563449     2.744109     3.712794
    2.931095     1.563449     2.744109
    2.636021     2.931095     1.563449
    3.415080     2.636021     2.931095
    5.627581     3.415080     2.636021
    3.999916     5.627581     3.415080
    3.460603     3.999916     5.627581
    4.294095     3.460603     3.999916
    2.720740     4.294095     3.460603
    4.149068     2.720740     4.294095
    3.902116     4.149068     2.720740
    3.155996     3.902116     4.149068
    4.033101     3.155996     3.902116
    2.049825     4.033101     3.155996
    3.004836     2.049825     4.033101
    1.731538     3.004836     2.049825
    1.222176     1.731538     3.004836
    2.798986     1.222176     1.731538
    0.569462     2.798986     1.222176
    1.261237     0.569462     2.798986
    2.490785     1.261237     0.569462
    1.115429     2.490785     1.261237
    2.902833     1.115429     2.490785
    1.307491     2.902833     1.115429
    0.862964     1.307491     2.902833
    1.854826     0.862964     1.307491
    0.925506     1.854826     0.862964
    1.139474     0.925506     1.854826
    0.948269     1.139474     0.925506
    4.155226     0.948269     1.139474
    2.589445     4.155226     0.948269
    4.852933     2.589445     4.155226
    2.753452     4.852933     2.589445
    3.713492     2.753452     4.852933
    3.740651     3.713492     2.753452
    2.881057     3.740651     3.713492
    2.942297     2.881057     3.740651
    2.996011     2.942297     2.881057
    3.764509     2.996011     2.942297
    2.709902     3.764509     2.996011
    0.742937     2.709902     3.764509
    2.082245     0.742937     2.709902
    1.932638     2.082245     0.742937
    1.542240     1.932638     2.082245
    2.837705     1.542240     1.932638
    3.969495     2.837705     1.542240
    4.369352     3.969495     2.837705
    3.211297     4.369352     3.969495
    4.300252     3.211297     4.369352
    4.562541     4.300252     3.211297
    4.014176     4.562541     4.300252
    5.335931     4.014176     4.562541
    2.865386     5.335931     4.014176
    4.190534     2.865386     5.335931
    4.138802     4.190534     2.865386
    4.190853     4.138802     4.190534
    4.749765     4.190853     4.138802
    2.692353     4.749765     4.190853
    4.046842     2.692353     4.749765
    4.868191     4.046842     2.692353
    4.366014     4.868191     4.046842
    4.445660     4.366014     4.868191
    4.957318     4.445660     4.366014
    4.660228     4.957318     4.445660
    4.002656     4.660228     4.957318
    3.500827     4.002656     4.660228
    3.578911     3.500827     4.002656
    3.886601     3.578911     3.500827
    1.929276     3.886601     3.578911
    0.932261     1.929276     3.886601
    1.491388     0.932261     1.929276
    2.929158     1.491388     0.932261
    2.976856     2.929158     1.491388
    1.545305     2.976856     2.929158
    2.876367     1.545305     2.976856
    2.286333     2.876367     1.545305
    2.001112     2.286333     2.876367
    1.398623     2.001112     2.286333
    3.605386     1.398623     2.001112
    2.473840     3.605386     1.398623
    3.744420     2.473840     3.605386
    4.763477     3.744420     2.473840
    3.714715     4.763477     3.744420
    4.312802     3.714715     4.763477
    5.616495     4.312802     3.714715
    4.789691     5.616495     4.312802
    6.304144     4.789691     5.616495
    5.675508     6.304144     4.789691
    5.463483     5.675508     6.304144
    5.054852     5.463483     5.675508
    2.118916     5.054852     5.463483
    1.338215     2.118916     5.054852
    2.393417     1.338215     2.118916
    3.948783     2.393417     1.338215
    4.428544     3.948783     2.393417
    3.838975     4.428544     3.948783
    3.885802     3.838975     4.428544
    3.533341     3.885802     3.838975
    2.115288     3.533341     3.885802
    2.231815     2.115288     3.533341
    3.717095     2.231815     2.115288
    3.486241     3.717095     2.231815
    2.711030     3.486241     3.717095
    3.500602     2.711030     3.486241
    2.895283     3.500602     2.711030
    1.972340     2.895283     3.500602
    4.056969     1.972340     2.895283
    4.048498     4.056969     1.972340
    6.170346     4.048498     4.056969
    4.141422     6.170346     4.048498
    2.775378     4.141422     6.170346
    2.782875     2.775378     4.141422
    3.942795     2.782875     2.775378
    4.147859     3.942795     2.782875
    2.826681     4.147859     3.942795
    5.329016     2.826681     4.147859
    2.294672     5.329016     2.826681
    5.422345     2.294672     5.329016
    4.033070     5.422345     2.294672
    4.401245     4.033070     5.422345
    3.735495     4.401245     4.033070
    4.137756     3.735495     4.401245
    3.593422     4.137756     3.735495
    6.111857     3.593422     4.137756
    5.135923     6.111857     3.593422
    4.587562     5.135923     6.111857
    3.808486     4.587562     5.135923
    3.157248     3.808486     4.587562
    4.962901     3.157248     3.808486
    3.710650     4.962901     3.157248
    3.594387     3.710650     4.962901
    4.470711     3.594387     3.710650
    4.089891     4.470711     3.594387
    3.249766     4.089891     4.470711
    3.221197     3.249766     4.089891
    4.612175     3.221197     3.249766
    2.598636     4.612175     3.221197
    3.698919     2.598636     4.612175
    5.092454     3.698919     2.598636
    4.489802     5.092454     3.698919
    3.904838     4.489802     5.092454
    3.280271     3.904838     4.489802
    6.043527     3.280271     3.904838
    4.623816     6.043527     3.280271
    3.682739     4.623816     6.043527
    5.108909     3.682739     4.623816
    4.390481     5.108909     3.682739
    5.167054     4.390481     5.108909
    4.018706     5.167054     4.390481
    3.361532     4.018706     5.167054
    4.649480     3.361532     4.018706
    4.288038     4.649480     3.361532
    4.819714     4.288038     4.649480
    4.021979     4.819714     4.288038
    3.355901     4.021979     4.819714
    6.234775     3.355901     4.021979
    5.168772     6.234775     3.355901
    5.906079     5.168772     6.234775
    3.893972     5.906079     5.168772
    2.917359     3.893972     5.906079
    3.362947     2.917359     3.893972
    4.010214     3.362947     2.917359
    2.508085     4.010214     3.362947
    1.980463     2.508085     4.010214
    1.787947     1.980463     2.508085
    2.792758     1.787947     1.980463
    2.906866     2.792758     1.787947
    4.451520     2.906866     2.792758
    4.272320     4.451520     2.906866
    4.397696     4.272320     4.451520
    1.835075     4.397696     4.272320
    4.920924     1.835075     4.397696
    3.429115     4.920924     1.835075
    1.799095     3.429115     4.920924
    2.599891     1.799095     3.429115
    4.295912     2.599891     1.799095
    3.457543     4.295912     2.599891
    3.781525     3.457543     4.295912
    3.834500     3.781525     3.457543
    3.047345     3.834500     3.781525
    4.232460     3.047345     3.834500
    4.588115     4.232460     3.047345
    5.100179     4.588115     4.232460
    4.537477     5.100179     4.588115
    4.354236     4.537477     5.100179
    3.921777     4.354236     4.537477
    4.942480     3.921777     4.354236
    3.075391     4.942480     3.921777
    4.126471     3.075391     4.942480
    4.448576     4.126471     3.075391
    5.067707     4.448576     4.126471
    4.054427     5.067707     4.448576
    4.157714     4.054427     5.067707
    4.119903     4.157714     4.054427
    3.826061     4.119903     4.157714
    3.993768     3.826061     4.119903
    3.692869     3.993768     3.826061
    4.008479     3.692869     3.993768
    2.485675     4.008479     3.692869
    3.068361     2.485675     4.008479
    3.208810     3.068361     2.485675
    3.589154     3.208810     3.068361
    2.301471     3.589154     3.208810
    2.088503     2.301471     3.589154
    2.115854     2.088503     2.301471
    2.378759     2.115854     2.088503
    1.061830     2.378759     2.115854
    1.317043     1.061830     2.378759
    0.136512     1.317043     1.061830
    1.361113     0.136512     1.317043
    2.599176     1.361113     0.136512
    0.843922     2.599176     1.361113
    2.449919     0.843922     2.599176
    1.614566     2.449919     0.843922
    2.360026     1.614566     2.449919
    2.089100     2.360026     1.614566
    2.070411     2.089100     2.360026
    3.512784     2.070411     2.089100
    5.005234     3.512784     2.070411
    5.080504     5.005234     3.512784
    4.305771     5.080504     5.005234
    3.494133     4.305771     5.080504
    4.961797     3.494133     4.305771
    4.657583     4.961797     3.494133
    3.996158     4.657583     4.961797
    4.134725     3.996158     4.657583
    4.265478     4.134725     3.996158
    3.589553     4.265478     4.134725
    3.483654     3.589553     4.265478
    2.916759     3.483654     3.589553
    0.706735     2.916759     3.483654
    3.556018     0.706735     2.916759
    2.626936     3.556018     0.706735
    1.642915     2.626936     3.556018
    2.580060     1.642915     2.626936
    2.258043     2.580060     1.642915
    1.265854     2.258043     2.580060
    2.284646     1.265854     2.258043
    2.392235     2.284646     1.265854
    2.318384     2.392235     2.284646
    3.301374     2.318384     2.392235
    3.979709     3.301374     2.318384
    1.650817     3.979709     3.301374
    3.580746     1.650817     3.979709
    3.141838     3.580746     1.650817
    3.591318     3.141838     3.580746
    3.923735     3.591318     3.141838
    5.011546     3.923735     3.591318
    4.184855     5.011546     3.923735
    4.534718     4.184855     5.011546
    4.498216     4.534718     4.184855
    4.515224     4.498216     4.534718
    3.956260     4.515224     4.498216
    4.941077     3.956260     4.515224
    4.276459     4.941077     3.956260
    3.524781     4.276459     4.941077
    3.302319     3.524781     4.276459
    2.510003     3.302319     3.524781
    1.970043     2.510003     3.302319
    1.198529     1.970043     2.510003
    0.556698     1.198529     1.970043
   -0.067386     0.556698     1.198529
    0.989765    -0.067386     0.556698
    0.654662     0.989765    -0.067386
    1.966475     0.654662     0.989765
    1.640650     1.966475     0.654662
    0.626141     1.640650     1.966475
    1.086221     0.626141     1.640650
    2.760176     1.086221     0.626141
    2.783083     2.760176     1.086221
    2.748346     2.783083     2.760176
    3.840578     2.748346     2.783083
    3.008762     3.840578     2.748346
    2.150821     3.008762     3.840578
    2.296785     2.150821     3.008762
    1.316180     2.296785     2.150821
    2.074273     1.316180     2.296785
    1.610038     2.074273     1.316180
    1.682362     1.610038     2.074273
    1.080827     1.682362     1.610038
    2.466206     1.080827     1.682362
    2.656579     2.466206     1.080827
    1.480243     2.656579     2.466206
    2.782754     1.480243     2.656579
    2.457922     2.782754     1.480243
    3.007823     2.457922     2.782754
    1.796784     3.007823     2.457922
    1.912555     1.796784     3.007823
    1.219845     1.912555     1.796784
    1.716546     1.219845     1.912555
    3.368000     1.716546     1.219845
    2.660636     3.368000     1.716546
    2.716020     2.660636     3.368000
    2.993602     2.716020     2.660636
    1.958540     2.993602     2.716020
    2.420914     1.958540     2.993602
    1.240323     2.420914     1.958540
    3.129956     1.240323     2.420914
    3.453243     3.129956     1.240323
    4.114458     3.453243     3.129956
    4.482924     4.114458     3.453243
    3.909636     4.482924     4.114458
    3.249137     3.909636     4.482924
    2.467525     3.249137     3.909636
    2.375268     2.467525     3.249137
    1.954979     2.375268     2.467525
    2.141888     1.954979     2.375268
    4.439383     2.141888     1.954979
    4.629681     4.439383     2.141888
    5.985019     4.629681     4.439383
    6.034921     5.985019     4.629681
    4.553671     6.034921     5.985019
    5.221640     4.553671     6.034921
    4.873218     5.221640     4.553671
    5.022178     4.873218     5.221640
    4.442471     5.022178     4.873218
    3.138391     4.442471     5.022178
    3.211462     3.138391     4.442471
    2.628019     3.211462     3.138391
    1.816426     2.628019     3.211462
    2.403071     1.816426     2.628019
    2.307628     2.403071     1.816426
    4.874577     2.307628     2.403071
    5.509085     4.874577     2.307628
    3.874723     5.509085     4.874577
    2.322519     3.874723     5.509085
    3.593997     2.322519     3.874723
    1.075694     3.593997     2.322519
    1.562633     1.075694     3.593997
    1.730823     1.562633     1.075694
    2.525897     1.730823     1.562633
    2.137092     2.525897     1.730823
    1.450982     2.137092     2.525897
    2.791929     1.450982     2.137092
    2.417989     2.791929     1.450982
    3.959107     2.417989     2.791929
    4.141291     3.959107     2.417989
    5.164221     4.141291     3.959107
    5.244648     5.164221     4.141291
    4.353627     5.244648     5.164221
    4.602609     4.353627     5.244648
    5.742462     4.602609     4.353627
    4.416644     5.742462     4.602609
    4.100230     4.416644     5.742462
    3.208790     4.100230     4.416644
    3.817218     3.208790     4.100230
    5.755210     3.817218     3.208790
    5.551143     5.755210     3.817218
    6.143448     5.551143     5.755210
    7.974613     6.143448     5.551143
    6.248627     7.974613     6.143448
    5.703238     6.248627     7.974613
    5.313018     5.703238     6.248627
    5.055778     5.313018     5.703238
    6.030869     5.055778     5.313018
    3.994789     6.030869     5.055778
    3.112271     3.994789     6.030869
    4.675064     3.112271     3.994789
    3.615063     4.675064     3.112271
    4.360292     3.615063     4.675064
    5.610751     4.360292     3.615063
    4.707223     5.610751     4.360292
    4.252587     4.707223     5.610751
    5.963597     4.252587     4.707223
    4.630049     5.963597     4.252587
    2.940002     4.630049     5.963597
    5.277430     2.940002     4.630049
    4.299634     5.277430     2.940002
    3.999471     4.299634     5.277430
    3.952334     3.999471     4.299634
    4.295567     3.952334     3.999471
    4.472930     4.295567     3.952334
    6.210088     4.472930     4.295567
    4.599625     6.210088     4.472930
    3.764613     4.599625     6.210088
    2.411592     3.764613     4.599625
    4.062753     2.411592     3.764613
    3.868019     4.062753     2.411592
    4.712872     3.868019     4.062753
    4.767445     4.712872     3.868019
    3.625052     4.767445     4.712872
    5.414548     3.625052     4.767445
    5.097943     5.414548     3.625052
    4.504560     5.097943     5.414548
    4.021764     4.504560     5.097943
    4.318409     4.021764     4.504560
    3.531798     4.318409     4.021764
    5.045643     3.531798     4.318409
    4.591224     5.045643     3.531798
    4.790540     4.591224     5.045643
    3.251826     4.790540     4.591224
    4.004689     3.251826     4.790540
    4.893876     4.004689     3.251826
    4.009189     4.893876     4.004689
    4.345475     4.009189     4.893876
    3.867362     4.345475     4.009189
    4.284928     3.867362     4.345475
    5.242558     4.284928     3.867362
    3.761006     5.242558     4.284928
    4.166218     3.761006     5.242558
    6.094844     4.166218     3.761006
    4.205237     6.094844     4.166218
    6.341846     4.205237     6.094844
    4.552480     6.341846     4.205237
    4.920222     4.552480     6.341846
    3.820368     4.920222     4.552480
    5.205815     3.820368     4.920222
    4.023770     5.205815     3.820368
    5.116038     4.023770     5.205815
    3.797171     5.116038     4.023770
    5.036004     3.797171     5.116038
    4.445412     5.036004     3.797171
    3.086900     4.445412     5.036004
    4.336809     3.086900     4.445412
    2.974846     4.336809     3.086900
    4.792378     2.974846     4.336809
    4.662932     4.792378     2.974846
    5.100988     4.662932     4.792378
    4.467939     5.100988     4.662932
    4.837830     4.467939     5.100988
    4.898149     4.837830     4.467939
    4.660815     4.898149     4.837830
    4.931085     4.660815     4.898149
    4.091379     4.931085     4.660815
    3.062010     4.091379     4.931085
    2.765333     3.062010     4.091379
    2.762096     2.765333     3.062010
    4.711445     2.762096     2.765333
    2.997489     4.711445     2.762096
    3.533616     2.997489     4.711445
    3.209991     3.533616     2.997489
    2.569300     3.209991     3.533616
    2.956382     2.569300     3.209991
    2.287003     2.956382     2.569300
    2.830265     2.287003     2.956382
    1.703652     2.830265     2.287003
    2.898789     1.703652     2.830265
    3.652651     2.898789     1.703652
    5.626240     3.652651     2.898789
    4.617393     5.626240     3.652651
    4.111561     4.617393     5.626240
    4.940556     4.111561     4.617393
    4.003227     4.940556     4.111561
    3.081869     4.003227     4.940556
    3.069238     3.081869     4.003227
    3.601463     3.069238     3.081869
    4.609550     3.601463     3.069238
    4.243503     4.609550     3.601463
    6.071131     4.243503     4.609550
    5.941498     6.071131     4.243503
    5.458370     5.941498     6.071131
    4.458307     5.458370     5.941498
    4.471443     4.458307     5.458370
    5.999202     4.471443     4.458307
    4.186818     5.999202     4.471443
    4.216424     4.186818     5.999202
    3.299212     4.216424     4.186818
    4.396992     3.299212     4.216424
    3.923643     4.396992     3.299212
    3.590056     3.923643     4.396992
    4.759949     3.590056     3.923643
    3.712574     4.759949     3.590056
    2.256797     3.712574     4.759949
    2.695669     2.256797     3.712574
    1.988224     2.695669     2.256797
    0.607942     1.988224     2.695669
    1.717635     0.607942     1.988224
    2.616829     1.717635     0.607942
    2.180999     2.616829     1.717635
    1.020171     2.180999     2.616829
