    4.062866     3.758509     1.647246
    3.895531     4.062866     3.758509
    1.276048     3.895531     4.062866
    2.186575     1.276048     3.895531
    0.816629     2.186575     1.276048
    0.930523     0.816629     2.186575
    0.149203     0.930523     0.816629
    2.771505     0.149203     0.930523
    2.764586     2.771505     0.149203
    2.656020     2.764586     2.771505
    3.274478     2.656020     2.764586
    5.164336     3.274478     2.656020
    3.414151     5.164336     3.274478
    5.840349     3.414151     5.164336
    4.501457     5.840349     3.414151
    4.907721     4.501457     5.840349
    4.444838     4.907721     4.501457
    5.074662     4.444838     4.907721
    3.432058     5.074662     4.444838
    3.824077     3.432058     5.074662
    4.247887     3.824077     3.432058
    2.727516     4.247887     3.824077
    3.855560     2.727516     4.247887
    3.606211     3.855560     2.727516
    3.573050     3.606211     3.855560
    3.552793     3.573050     3.606211
    3.645699     3.552793     3.573050
    5.442574     3.645699     3.552793
    6.815743     5.442574     3.645699
    4.518201     6.815743     5.442574
    4.535125     4.518201     6.815743
    3.166884     4.535125     4.518201
    4.237356     3.166884     4.535125
    3.078077     4.237356     3.166884
    3.066877     3.078077     4.237356
    3.911379     3.066877     3.078077
    4.357442     3.911379     3.066877
    4.189761     4.357442     3.911379
    4.822472     4.189761     4.357442
    4.401785     4.822472     4.189761
    5.018552     4.401785     4.822472
    4.689879     5.018552     4.401785
    3.974820     4.689879     5.018552
    2.679934     3.974820     4.689879
    2.156815     2.679934     3.974820
    2.327868     2.156815     2.679934
    2.414338     2.327868     2.156815
    3.250832     2.414338     2.327868
    4.475238     3.250832     2.414338
    4.299311     4.475238     3.250832
    4.569115     4.299311     4.475238
    5.346449     4.569115     4.299311
    4.878086     5.346449     4.569115
    4.063086     4.878086     5.346449
    5.494120     4.063086     4.878086
    4.182971     5.494120     4.063086
    5.164082     4.182971     5.494120
    4.040233     5.164082     4.182971
    3.423443     4.040233     5.164082
    4.752678     3.423443     4.040233
    4.307725     4.752678     3.423443
    3.599842     4.307725     4.752678
    1.408368     3.599842     4.307725
    2.263852     1.408368     3.599842
    1.961133     2.263852     1.408368
    2.108767     1.961133     2.263852
    3.061148     2.108767     1.961133
    2.777755     3.061148     2.108767
    2.160134     2.777755     3.061148
    3.346514     2.160134     2.777755
    3.046827     3.346514     2.160134
    2.145697     3.046827     3.346514
    4.291396     2.145697     3.046827
    3.366157     4.291396     2.145697
    2.213490     3.366157     4.291396
    2.586481     2.213490     3.366157
    4.879059     2.586481     2.213490
    3.363025     4.879059     2.586481
    1.723407     3.363025     4.879059
    1.261615     1.723407     3.363025
    0.102594     1.261615     1.723407
    1.995688     0.102594     1.261615
    4.116524     1.995688     0.102594
    1.900102     4.116524     1.995688
    2.546662     1.900102     4.116524
    1.616049     2.546662     1.900102
    0.338376     1.616049     2.546662
    1.901987     0.338376     1.616049
    1.576507     1.901987     0.338376
    2.586196     1.576507     1.901987
    3.997968     2.586196     1.576507
    5.083080     3.997968     2.586196
    5.511801     5.083080     3.997968
    4.704712     5.511801     5.083080
    4.786279     4.704712     5.511801
    3.962792     4.786279     4.704712
    2.839722     3.962792     4.786279
    3.707289     2.839722     3.962792
    2.867523     3.707289     2.839722
    1.804468     2.867523     3.707289
    4.586044     1.804468     2.867523
    4.671476     4.586044     1.804468
    4.796180     4.671476     4.586044
    4.998343     4.796180     4.671476
    5.743895     4.998343     4.796180
    1.389171     5.743895     4.998343
    1.871353     1.389171     5.743895
    3.912271     1.871353     1.389171
    1.201180     3.912271     1.871353
    0.627669     1.201180     3.912271
    0.680391     0.627669     1.201180
    1.339662     0.680391     0.627669
    3.366592     1.339662     0.680391
    4.052021     3.366592     1.339662
    2.724479     4.052021     3.366592
    3.540543     2.724479     4.052021
    4.451633     3.540543     2.724479
    5.746814     4.451633     3.540543
    6.554680     5.746814     4.451633
    6.587481     6.554680     5.746814
    5.824384     6.587481     6.554680
    6.038064     5.824384     6.587481
    4.692821     6.038064     5.824384
    3.413181     4.692821     6.038064
    3.178014     3.413181     4.692821
    2.279865     3.178014     3.413181
    1.275547     2.279865     3.178014
   -0.309307     1.275547     2.279865
    0.480110    -0.309307     1.275547
   -1.108682     0.480110    -0.309307
   -1.042372    -1.108682     0.480110
   -0.692082    -1.042372    -1.108682
   -0.056379    -0.692082    -1.042372
    1.808986    -0.056379    -0.692082
    2.320375     1.808986    -0.056379
    2.905328     2.320375     1.808986
    4.426280     2.905328     2.320375
    5.181397     4.426280     2.905328
    5.736930     5.181397     4.426280
    3.784251     5.736930     5.181397
    4.373677     3.784251     5.736930
    5.467459     4.373677     3.784251
    5.792118     5.467459     4.373677
    5.268142     5.792118     5.467459
    5.395114     5.268142     5.792118
    3.408541     5.395114     5.268142
    4.636619     3.408541     5.395114
    4.436164     4.636619     3.408541
    4.770320     4.436164     4.636619
    4.316181     4.770320     4.436164
    3.704717     4.316181     4.770320
    2.522587     3.704717     4.316181
    2.054763     2.522587     3.704717
    3.624856     2.054763     2.522587
    3.603185     3.624856     2.054763
    4.372584     3.603185     3.624856
    2.720910     4.372584     3.603185
    3.363327     2.720910     4.372584
    4.333345     3.363327     2.720910
    2.796487     4.333345     3.363327
    1.847894     2.796487     4.333345
    3.451577     1.847894     2.796487
    5.045533     3.451577     1.847894
    6.728590     5.045533     3.451577
    5.276410     6.728590     5.045533
    5.164025     5.276410     6.728590
    4.603931     5.164025     5.276410
    4.101754     4.603931     5.164025
    3.905859     4.101754     4.603931
    4.114596     3.905859     4.101754
    2.751310     4.114596     3.905859
    1.554383     2.751310     4.114596
    1.998499     1.554383     2.751310
    2.379976     1.998499     1.554383
    4.535363     2.379976     1.998499
    5.872516     4.535363     2.379976
    4.327928     5.872516     4.535363
    6.539376     4.327928     5.872516
    4.213838     6.539376     4.327928
    4.945278     4.213838     6.539376
    3.633251     4.945278     4.213838
    3.587078     3.633251     4.945278
    3.808175     3.587078     3.633251
    3.962689     3.808175     3.587078
    3.426643     3.962689     3.808175
    1.096578     3.426643     3.962689
    4.072741     1.096578     3.426643
    1.776258     4.072741     1.096578
    2.982802     1.776258     4.072741
    3.214569     2.982802     1.776258
    3.326550     3.214569     2.982802
    0.810180     3.326550     3.214569
    1.359144     0.810180     3.326550
    0.563113     1.359144     0.810180
    2.583892     0.563113     1.359144
    2.728936     2.583892     0.563113
    1.396432     2.728936     2.583892
    0.503366     1.396432     2.728936
    1.611059     0.503366     1.396432
    2.641823     1.611059     0.503366
    2.092745     2.641823     1.611059
    2.653138     2.092745     2.641823
    2.361932     2.653138     2.092745
    2.326508     2.361932     2.653138
    3.078374     2.326508     2.361932
    4.414792     3.078374     2.326508
    3.226145     4.414792     3.078374
    4.465089     3.226145     4.414792
    2.172701     4.465089     3.226145
    4.272092     2.172701     4.465089
    2.338158     4.272092     2.172701
    2.850533     2.338158     4.272092
    2.293532     2.850533     2.338158
    0.539258     2.293532     2.850533
    1.777618     0.539258     2.293532
    1.921756     1.777618     0.539258
    1.889381     1.921756     1.777618
    2.615615     1.889381     1.921756
    3.012115     2.615615     1.889381
    4.132657     3.012115     2.615615
    3.938897     4.132657     3.012115
    3.387070     3.938897     4.132657
    4.461904     3.387070     3.938897
    5.036662     4.461904     3.387070
    4.712523     5.036662     4.461904
    5.016503     4.712523     5.036662
    3.904567     5.016503     4.712523
    4.392552     3.904567     5.016503
    3.455393     4.392552     3.904567
    2.993978     3.455393     4.392552
    3.612864     2.993978     3.455393
    3.131774     3.612864     2.993978
    3.738512     3.131774     3.612864
    3.007075     3.738512     3.131774
    3.315600     3.007075     3.738512
    1.628970     3.315600     3.007075
    0.834021     1.628970     3.315600
    0.739788     0.834021     1.628970
    1.751674     0.739788     0.834021
    2.618969     1.751674     0.739788
    1.401199     2.618969     1.751674
    4.327904     1.401199     2.618969
    4.151253     4.327904     1.401199
    5.187422     4.151253     4.327904
    3.008616     5.187422     4.151253
    2.634503     3.008616     5.187422
    1.669791     2.634503     3.008616
    2.106031     1.669791     2.634503
    0.829004     2.106031     1.669791
    1.776911     0.829004     2.106031
    0.955255     1.776911     0.829004
    2.208032     0.955255     1.776911
    3.184952     2.208032     0.955255
    4.746546     3.184952     2.208032
    3.848373     4.746546     3.184952
    3.443200     3.848373     4.746546
    4.645552     3.443200     3.848373
    3.502879     4.645552     3.443200
    2.663466     3.502879     4.645552
    2.985920     2.663466     3.502879
    3.205065     2.985920     2.663466
    4.016977     3.205065     2.985920
    3.918163     4.016977     3.205065
    5.059296     3.918163     4.016977
    4.582990     5.059296     3.918163
    3.823427     4.582990     5.059296
    5.387680     3.823427     4.582990
    5.571772     5.387680     3.823427
    0.835699     5.571772     5.387680
    1.018505     0.835699     5.571772
    2.751659     1.018505     0.835699
    1.554583     2.751659     1.018505
    1.904057     1.554583     2.751659
    2.088704     1.904057     1.554583
    3.148507     2.088704     1.904057
    1.414720     3.148507     2.088704
    3.685866     1.414720     3.148507
    3.911708     3.685866     1.414720
    3.868705     3.911708     3.685866
    3.985681     3.868705     3.911708
    4.343771     3.985681     3.868705
    4.488287     4.343771     3.985681
    2.815735     4.488287     4.343771
    3.056325     2.815735     4.488287
    2.409413     3.056325     2.815735
    3.168425     2.409413     3.056325
    2.845778     3.168425     2.409413
    6.165710     2.845778     3.168425
    4.817348     6.165710     2.845778
    7.087891     4.817348     6.165710
    3.109668     7.087891     4.817348
    5.321406     3.109668     7.087891
    3.677638     5.321406     3.109668
    4.985912     3.677638     5.321406
    5.107121     4.985912     3.677638
    5.296940     5.107121     4.985912
    4.365579     5.296940     5.107121
    3.882625     4.365579     5.296940
    3.865895     3.882625     4.365579
    3.608315     3.865895     3.882625
    3.300635     3.608315     3.865895
    2.737438     3.300635     3.608315
    3.664328     2.737438     3.300635
    3.396294     3.664328     2.737438
    2.327634     3.396294     3.664328
    2.163307     2.327634     3.396294
    1.696602     2.163307     2.327634
    0.969723     1.696602     2.163307
    2.407938     0.969723     1.696602
    2.268018     2.407938     0.969723
    1.140186     2.268018     2.407938
    1.595502     1.140186     2.268018
    2.525726     1.595502     1.140186
    1.268441     2.525726     1.595502
    2.992214     1.268441     2.525726
    0.836502     2.992214     1.268441
    2.273632     0.836502     2.992214
    3.550273     2.273632     0.836502
    1.536317     3.550273     2.273632
    1.948560     1.536317     3.550273
    0.834950     1.948560     1.536317
    1.071110     0.834950     1.948560
    1.931355     1.071110     0.834950
    2.293258     1.931355     1.071110
    2.625307     2.293258     1.931355
    2.889802     2.625307     2.293258
    3.939681     2.889802     2.625307
    3.497515     3.939681     2.889802
    2.837984     3.497515     3.939681
    2.939118     2.837984     3.497515
    2.679246     2.939118     2.837984
    1.519452     2.679246     2.939118
    1.891789     1.519452     2.679246
    1.386169     1.891789     1.519452
    2.008139     1.386169     1.891789
    1.963663     2.008139     1.386169
    2.466142     1.963663     2.008139
    1.718900     2.466142     1.963663
    2.178015     1.718900     2.466142
    1.640369     2.178015     1.718900
    2.430386     1.640369     2.178015
    1.769654     2.430386     1.640369
    3.075810     1.769654     2.430386
    3.485197     3.075810     1.769654
    3.283168     3.485197     3.075810
    3.966947     3.283168     3.485197
    3.577398     3.966947     3.283168
    4.047219     3.577398     3.966947
    4.402122     4.047219     3.577398
    4.758952     4.402122     4.047219
    3.459417     4.758952     4.402122
    5.625582     3.459417     4.758952
    4.241358     5.625582     3.459417
    2.447190     4.241358     5.625582
    3.185976     2.447190     4.241358
    1.866065     3.185976     2.447190
    3.354023     1.866065     3.185976
    5.855015     3.354023     1.866065
    5.168819     5.855015     3.354023
    4.461186     5.168819     5.855015
    4.589430     4.461186     5.168819
    3.726896     4.589430     4.461186
    3.852973     3.726896     4.589430
    4.695221     3.852973     3.726896
    3.628896     4.695221     3.852973
    3.339443     3.628896     4.695221
    4.584725     3.339443     3.628896
    4.572316     4.584725     3.339443
    3.662241     4.572316     4.584725
    2.496970     3.662241     4.572316
    2.429076     2.496970     3.662241
    3.087624     2.429076     2.496970
    3.735351     3.087624     2.429076
    3.176909     3.735351     3.087624
    1.878612     3.176909     3.735351
    1.934701     1.878612     3.176909
    0.100561     1.934701     1.878612
    1.586551     0.100561     1.934701
    0.467988     1.586551     0.100561
    0.159008     0.467988     1.586551
    1.616063     0.159008     0.467988
    2.543959     1.616063     0.159008
    2.242121     2.543959     1.616063
    0.323422     2.242121     2.543959
    1.116741     0.323422     2.242121
    2.131228     1.116741     0.323422
    3.156350     2.131228     1.116741
    1.311296     3.156350     2.131228
    2.628327     1.311296     3.156350
    0.020925     2.628327     1.311296
    1.434094     0.020925     2.628327
    3.008870     1.434094     0.020925
    2.714854     3.008870     1.434094
    3.167005     2.714854     3.008870
    3.078347     3.167005     2.714854
    2.882093     3.078347     3.167005
    3.518801     2.882093     3.078347
    4.067979     3.518801     2.882093
    5.455872     4.067979     3.518801
    3.891505     5.455872     4.067979
    5.127980     3.891505     5.455872
    4.099119     5.127980     3.891505
    5.169840     4.099119     5.127980
    4.566366     5.169840     4.099119
    3.587250     4.566366     5.169840
    4.889898     3.587250     4.566366
    6.821441     4.889898     3.587250
    3.891889     6.821441     4.889898
    4.832563     3.891889     6.821441
    4.419012     4.832563     3.891889
    3.489817     4.419012     4.832563
    3.672093     3.489817     4.419012
    3.400293     3.672093     3.489817
    4.731553     3.400293     3.672093
    3.512915     4.731553     3.400293
    3.798715     3.512915     4.731553
    1.829944     3.798715     3.512915
    2.792928     1.829944     3.798715
    3.414237     2.792928     1.829944
    4.187786     3.414237     2.792928
    3.153992     4.187786     3.414237
    5.018956     3.153992     4.187786
    2.560667     5.018956     3.153992
    2.343359     2.560667     5.018956
    2.971306     2.343359     2.560667
    2.045833     2.971306     2.343359
    3.988108     2.045833     2.971306
    3.562427     3.988108     2.045833
    2.852866     3.562427     3.988108
    3.735553     2.852866     3.562427
    1.460403     3.735553     2.852866
    2.293551     1.460403     3.735553
    2.028929     2.293551     1.460403
    1.914039     2.028929     2.293551
    0.967654     1.914039     2.028929
    2.198864     0.967654     1.914039
    3.295988     2.198864     0.967654
    2.847625     3.295988     2.198864
    2.890605     2.847625     3.295988
    2.618962     2.890605     2.847625
    2.444603     2.618962     2.890605
    2.944703     2.444603     2.618962
    3.082469     2.944703     2.444603
    2.505097     3.082469     2.944703
    2.743956     2.505097     3.082469
    2.541834     2.743956     2.505097
    4.122263     2.541834     2.743956
    3.221703     4.122263     2.541834
    4.041944     3.221703     4.122263
    3.957005     4.041944     3.221703
    3.941368     3.957005     4.041944
    1.931383     3.941368     3.957005
    3.735855     1.931383     3.941368
    4.173936     3.735855     1.931383
    5.720611     4.173936     3.735855
    4.452804     5.720611     4.173936
    3.294224     4.452804     5.720611
    4.009750     3.294224     4.452804
    2.031365     4.009750     3.294224
    3.586948     2.031365     4.009750
    3.438470     3.586948     2.031365
    3.720022     3.438470     3.586948
    3.349231     3.720022     3.438470
    3.649100     3.349231     3.720022
    2.012696     3.649100     3.349231
    3.169852     2.012696     3.649100
    3.300919     3.169852     2.012696
    5.107101     3.300919     3.169852
    5.700061     5.107101     3.300919
    5.048522     5.700061     5.107101
    4.897984     5.048522     5.700061
    3.341067     4.897984     5.048522
    2.854673     3.341067     4.897984
    2.167218     2.854673     3.341067
    2.899940     2.167218     2.854673
    2.049546     2.899940     2.167218
    3.853397     2.049546     2.899940
    4.543418     3.853397     2.049546
    4.678162     4.543418     3.853397
    3.822098     4.678162     4.543418
    4.812275     3.822098     4.678162
    4.129427     4.812275     3.822098
    4.197842     4.129427     4.812275
    4.100780     4.197842     4.129427
    3.307931     4.100780     4.197842
    3.298745     3.307931     4.100780
    4.592394     3.298745     3.307931
    5.294183     4.592394     3.298745
    4.656578     5.294183     4.592394
    2.790791     4.656578     5.294183
    2.761152     2.790791     4.656578
    2.697382     2.761152     2.790791
    3.494556     2.697382     2.761152
    2.972638     3.494556     2.697382
    3.315444     2.972638     3.494556
    3.324740     3.315444     2.972638
    2.220379     3.324740     3.315444
    2.260405     2.220379     3.324740
    2.279812     2.260405     2.220379
    0.732366     2.279812     2.260405
