    3.600029     5.008060     5.419053
    5.330190     3.600029     5.008060
    4.176783     5.330190     3.600029
    3.947324     4.176783     5.330190
    3.691282     3.947324     4.176783
    1.737923     3.691282     3.947324
    3.352111     1.737923     3.691282
    1.158362     3.352111     1.737923
    2.259714     1.158362     3.352111
    2.603252     2.259714     1.158362
    3.576982     2.603252     2.259714
    2.387096     3.576982     2.603252
    5.456941     2.387096     3.576982
    5.800040     5.456941     2.387096
    5.104451     5.800040     5.456941
    4.114936     5.104451     5.800040
    3.581873     4.114936     5.104451
    3.974095     3.581873     4.114936
    3.701399     3.974095     3.581873
    2.026345     3.701399     3.974095
    1.947505     2.026345     3.701399
    1.642169     1.947505     2.026345
    4.741041     1.642169     1.947505
    4.479984     4.741041     1.642169
    4.172703     4.479984     4.741041
    6.152153     4.172703     4.479984
    4.474252     6.152153     4.172703
    4.140554     4.474252     6.152153
    3.667213     4.140554     4.474252
    2.735807     3.667213     4.140554
    2.162215     2.735807     3.667213
    3.198609     2.162215     2.735807
    3.036072     3.198609     2.162215
    3.453458     3.036072     3.198609
    3.196051     3.453458     3.036072
    3.072456     3.196051     3.453458
    4.506826     3.072456     3.196051
    2.476570     4.506826     3.072456
    4.619749     2.476570     4.506826
    3.085713     4.619749     2.476570
    4.505194     3.085713     4.619749
    4.048613     4.505194     3.085713
    4.809521     4.048613     4.505194
    2.504389     4.809521     4.048613
    3.724764     2.504389     4.809521
    3.780253     3.724764     2.504389
    3.447330     3.780253     3.724764
    3.956597     3.447330     3.780253
    4.929213     3.956597     3.447330
    3.306305     4.929213     3.956597
    3.700392     3.306305     4.929213
    3.556595     3.700392     3.306305
    4.067977     3.556595     3.700392
    4.250594     4.067977     3.556595
    3.104886     4.250594     4.067977
    3.621655     3.104886     4.250594
    4.326805     3.621655     3.104886
    4.772400     4.326805     3.621655
    5.588415     4.772400     4.326805
    5.916232     5.588415     4.772400
    5.786188     5.916232     5.588415
    4.616720     5.786188     5.916232
    4.039952     4.616720     5.786188
    2.881333     4.039952     4.616720
    2.765658     2.881333     4.039952
    4.308163     2.765658     2.881333
    4.634799     4.308163     2.765658
    4.156870     4.634799     4.308163
    5.681967     4.156870     4.634799
    4.296015     5.681967     4.156870
    3.549813     4.296015     5.681967
    2.340770     3.549813     4.296015
    3.082800     2.340770     3.549813
    0.937827     3.082800     2.340770
    3.717568     0.937827     3.082800
    3.574232     3.717568     0.937827
    3.195763     3.574232     3.717568
    2.617341     3.195763     3.574232
    3.525627     2.617341     3.195763
    2.996259     3.525627     2.617341
    4.118776     2.996259     3.525627
    3.513967     4.118776     2.996259
    4.954959     3.513967     4.118776
    3.717568     4.954959     3.513967
    4.234026     3.717568     4.954959
    2.895601     4.234026     3.717568
    3.386225     2.895601     4.234026
    4.218337     3.386225     2.895601
    2.596581     4.218337     3.386225
    3.071800     2.596581     4.218337
    2.376373     3.071800     2.596581
    4.069888     2.376373     3.071800
    4.352024     4.069888     2.376373
    2.833756     4.352024     4.069888
    1.565532     2.833756     4.352024
    3.561920     1.565532     2.833756
    2.488215     3.561920     1.565532
    4.844222     2.488215     3.561920
    2.779982     4.844222     2.488215
    5.241709     2.779982     4.844222
    2.445876     5.241709     2.779982
    3.822211     2.445876     5.241709
    2.434159     3.822211     2.445876
    1.254981     2.434159     3.822211
    2.099938     1.254981     2.434159
    1.920499     2.099938     1.254981
    1.489762     1.920499     2.099938
    0.472434     1.489762     1.920499
    0.862509     0.472434     1.489762
   -0.160681     0.862509     0.472434
    2.248327    -0.160681     0.862509
    0.915051     2.248327    -0.160681
    3.821476     0.915051     2.248327
    2.250318     3.821476     0.915051
    2.894811     2.250318     3.821476
    3.481139     2.894811     2.250318
    3.568835     3.481139     2.894811
    5.535840     3.568835     3.481139
    2.821661     5.535840     3.568835
    4.029720     2.821661     5.535840
    3.865167     4.029720     2.821661
    4.786097     3.865167     4.029720
    3.922867     4.786097     3.865167
    5.384120     3.922867     4.786097
    5.053863     5.384120     3.922867
    3.954347     5.053863     5.384120
    4.290803     3.954347     5.053863
    3.226061     4.290803     3.954347
    2.224268     3.226061     4.290803
    4.596471     2.224268     3.226061
    4.780784     4.596471     2.224268
    3.743337     4.780784     4.596471
    5.393968     3.743337     4.780784
    4.638461     5.393968     3.743337
    7.041418     4.638461     5.393968
    6.770077     7.041418     4.638461
    6.103385     6.770077     7.041418
    5.767575     6.103385     6.770077
    3.991368     5.767575     6.103385
    4.074810     3.991368     5.767575
    4.727590     4.074810     3.991368
    3.494198     4.727590     4.074810
    2.221776     3.494198     4.727590
    2.896117     2.221776     3.494198
    3.763213     2.896117     2.221776
    3.166675     3.763213     2.896117
    2.378152     3.166675     3.763213
    1.873738     2.378152     3.166675
    3.866820     1.873738     2.378152
    4.947347     3.866820     1.873738
    3.717104     4.947347     3.866820
    3.598249     3.717104     4.947347
    3.789447     3.598249     3.717104
    4.579059     3.789447     3.598249
    2.906083     4.579059     3.789447
    3.459459     2.906083     4.579059
    2.520925     3.459459     2.906083
    3.063044     2.520925     3.459459
    5.108268     3.063044     2.520925
    5.415378     5.108268     3.063044
    5.429772     5.415378     5.108268
    4.399083     5.429772     5.415378
    3.124310     4.399083     5.429772
    3.726889     3.124310     4.399083
    2.795083     3.726889     3.124310
    2.777515     2.795083     3.726889
    1.245607     2.777515     2.795083
    0.944189     1.245607     2.777515
    0.402355     0.944189     1.245607
    0.567425     0.402355     0.944189
    0.957244     0.567425     0.402355
    2.230163     0.957244     0.567425
    0.906061     2.230163     0.957244
    1.901095     0.906061     2.230163
    2.025172     1.901095     0.906061
    1.071436     2.025172     1.901095
    0.682880     1.071436     2.025172
    1.338101     0.682880     1.071436
    3.101103     1.338101     0.682880
    2.964011     3.101103     1.338101
    1.914820     2.964011     3.101103
    3.161099     1.914820     2.964011
    3.682441     3.161099     1.914820
    3.739486     3.682441     3.161099
    4.763187     3.739486     3.682441
    4.501305     4.763187     3.739486
    4.315633     4.501305     4.763187
    3.679720     4.315633     4.501305
    3.566651     3.679720     4.315633
    4.650614     3.566651     3.679720
    2.723566     4.650614     3.566651
    2.126012     2.723566     4.650614
    1.620352     2.126012     2.723566
    4.246173     1.620352     2.126012
    2.229348     4.246173     1.620352
    1.937311     2.229348     4.246173
    2.833408     1.937311     2.229348
    3.340688     2.833408     1.937311
    2.779245     3.340688     2.833408
    1.754104     2.779245     3.340688
    1.794950     1.754104     2.779245
    2.509334     1.794950     1.754104
    1.743267     2.509334     1.794950
    4.034634     1.743267     2.509334
    2.977789     4.034634     1.743267
    2.340108     2.977789     4.034634
    2.577447     2.340108     2.977789
    2.918257     2.577447     2.340108
    5.175585     2.918257     2.577447
    2.430302     5.175585     2.918257
    2.020711     2.430302     5.175585
    2.571086     2.020711     2.430302
    3.571905     2.571086     2.020711
    5.132530     3.571905     2.571086
    3.204987     5.132530     3.571905
    1.941959     3.204987     5.132530
    2.680002     1.941959     3.204987
    1.128639     2.680002     1.941959
    1.482369     1.128639     2.680002
    0.986853     1.482369     1.128639
    0.868966     0.986853     1.482369
    1.329952     0.868966     0.986853
    2.529905     1.329952     0.868966
    2.612072     2.529905     1.329952
    2.403921     2.612072     2.529905
    1.828648     2.403921     2.612072
    3.907770     1.828648     2.403921
    3.124975     3.907770     1.828648
    4.511034     3.124975     3.907770
    3.669426     4.511034     3.124975
    3.233231     3.669426     4.511034
    5.332342     3.233231     3.669426
    3.991291     5.332342     3.233231
    3.639709     3.991291     5.332342
    3.225083     3.639709     3.991291
    2.436128     3.225083     3.639709
    2.316828     2.436128     3.225083
    3.002504     2.316828     2.436128
    2.690535     3.002504     2.316828
    0.328189     2.690535     3.002504
    1.458472     0.328189     2.690535
    0.377110     1.458472     0.328189
    0.566271     0.377110     1.458472
    1.068413     0.566271     0.377110
    1.005113     1.068413     0.566271
    3.617121     1.005113     1.068413
    2.111686     3.617121     1.005113
    3.002676     2.111686     3.617121
    0.571990     3.002676     2.111686
    2.129343     0.571990     3.002676
    1.951943     2.129343     0.571990
    1.768376     1.951943     2.129343
    2.107201     1.768376     1.951943
    2.143075     2.107201     1.768376
    4.601250     2.143075     2.107201
    4.445312     4.601250     2.143075
    3.973890     4.445312     4.601250
    5.556986     3.973890     4.445312
    4.443504     5.556986     3.973890
    5.503649     4.443504     5.556986
    4.953322     5.503649     4.443504
    6.165928     4.953322     5.503649
    5.010786     6.165928     4.953322
    4.112836     5.010786     6.165928
    2.144404     4.112836     5.010786
    1.653511     2.144404     4.112836
    2.457421     1.653511     2.144404
    2.188759     2.457421     1.653511
    2.181152     2.188759     2.457421
    2.767907     2.181152     2.188759
    2.264778     2.767907     2.181152
    4.556474     2.264778     2.767907
    3.505483     4.556474     2.264778
    2.745745     3.505483     4.556474
    2.934403     2.745745     3.505483
    2.880100     2.934403     2.745745
    3.123172     2.880100     2.934403
    2.860521     3.123172     2.880100
    2.922787     2.860521     3.123172
    3.959482     2.922787     2.860521
    2.966959     3.959482     2.922787
    4.491249     2.966959     3.959482
    2.615083     4.491249     2.966959
    3.196546     2.615083     4.491249
    2.814934     3.196546     2.615083
    1.317153     2.814934     3.196546
    3.181819     1.317153     2.814934
    3.626947     3.181819     1.317153
    3.575663     3.626947     3.181819
    2.833723     3.575663     3.626947
    1.757015     2.833723     3.575663
    2.313556     1.757015     2.833723
    3.690391     2.313556     1.757015
    4.734762     3.690391     2.313556
    2.866319     4.734762     3.690391
    1.782117     2.866319     4.734762
    1.677116     1.782117     2.866319
    2.908487     1.677116     1.782117
    1.473648     2.908487     1.677116
    2.890741     1.473648     2.908487
    1.814098     2.890741     1.473648
    2.657918     1.814098     2.890741
    3.484399     2.657918     1.814098
    2.911542     3.484399     2.657918
    4.867312     2.911542     3.484399
    5.062889     4.867312     2.911542
    5.207488     5.062889     4.867312
    5.113951     5.207488     5.062889
    6.000199     5.113951     5.207488
    6.229998     6.000199     5.113951
    5.418618     6.229998     6.000199
    5.090323     5.418618     6.229998
    5.487783     5.090323     5.418618
    2.430341     5.487783     5.090323
    2.764026     2.430341     5.487783
    3.241498     2.764026     2.430341
    2.253826     3.241498     2.764026
    2.245375     2.253826     3.241498
    2.804308     2.245375     2.253826
    4.327113     2.804308     2.245375
    2.398201     4.327113     2.804308
    2.853219     2.398201     4.327113
    2.635384     2.853219     2.398201
    2.029060     2.635384     2.853219
    1.183485     2.029060     2.635384
    3.513453     1.183485     2.029060
    3.694022     3.513453     1.183485
    3.161245     3.694022     3.513453
    2.886392     3.161245     3.694022
    3.918839     2.886392     3.161245
    2.546228     3.918839     2.886392
    3.163654     2.546228     3.918839
    1.233367     3.163654     2.546228
    1.292418     1.233367     3.163654
    2.696636     1.292418     1.233367
    1.960149     2.696636     1.292418
    1.742678     1.960149     2.696636
    1.854472     1.742678     1.960149
    0.605568     1.854472     1.742678
    0.954392     0.605568     1.854472
    0.645736     0.954392     0.605568
    3.226785     0.645736     0.954392
    1.423613     3.226785     0.645736
    2.022957     1.423613     3.226785
    3.018225     2.022957     1.423613
    2.642446     3.018225     2.022957
    2.263562     2.642446     3.018225
    3.888626     2.263562     2.642446
    3.059830     3.888626     2.263562
    1.615440     3.059830     3.888626
    1.287080     1.615440     3.059830
    2.862707     1.287080     1.615440
    2.735225     2.862707     1.287080
    3.752244     2.735225     2.862707
    4.642508     3.752244     2.735225
    5.571437     4.642508     3.752244
    3.974618     5.571437     4.642508
    4.534347     3.974618     5.571437
    4.514688     4.534347     3.974618
    4.001306     4.514688     4.534347
    4.590414     4.001306     4.514688
    3.183766     4.590414     4.001306
    2.536549     3.183766     4.590414
    1.583990     2.536549     3.183766
    2.998567     1.583990     2.536549
    3.347308     2.998567     1.583990
    2.298964     3.347308     2.998567
    2.158639     2.298964     3.347308
    2.486126     2.158639     2.298964
    2.962678     2.486126     2.158639
    3.241125     2.962678     2.486126
    5.104695     3.241125     2.962678
    3.546040     5.104695     3.241125
    3.341513     3.546040     5.104695
    3.094747     3.341513     3.546040
    2.736924     3.094747     3.341513
    2.418123     2.736924     3.094747
    2.808473     2.418123     2.736924
    5.201228     2.808473     2.418123
    4.581010     5.201228     2.808473
    4.464201     4.581010     5.201228
    3.848656     4.464201     4.581010
    4.228855     3.848656     4.464201
    5.052015     4.228855     3.848656
    4.872842     5.052015     4.228855
    1.525033     4.872842     5.052015
    3.326014     1.525033     4.872842
    3.438907     3.326014     1.525033
    1.440379     3.438907     3.326014
    1.130291     1.440379     3.438907
    1.161036     1.130291     1.440379
    1.657073     1.161036     1.130291
    2.139801     1.657073     1.161036
    2.830099     2.139801     1.657073
    4.074745     2.830099     2.139801
    3.399245     4.074745     2.830099
    3.948162     3.399245     4.074745
    3.968621     3.948162     3.399245
    3.548312     3.968621     3.948162
    3.772522     3.548312     3.968621
    3.736239     3.772522     3.548312
    2.889528     3.736239     3.772522
    1.667745     2.889528     3.736239
    3.361398     1.667745     2.889528
    4.393364     3.361398     1.667745
    6.218728     4.393364     3.361398
    6.302382     6.218728     4.393364
    4.252573     6.302382     6.218728
    5.056308     4.252573     6.302382
    4.220105     5.056308     4.252573
    4.583266     4.220105     5.056308
    2.591165     4.583266     4.220105
    3.257778     2.591165     4.583266
    3.614947     3.257778     2.591165
    3.296018     3.614947     3.257778
    3.554084     3.296018     3.614947
    4.851618     3.554084     3.296018
    3.437700     4.851618     3.554084
    1.865133     3.437700     4.851618
    3.530768     1.865133     3.437700
    6.691919     3.530768     1.865133
    3.855274     6.691919     3.530768
    2.524466     3.855274     6.691919
    3.074033     2.524466     3.855274
    2.696934     3.074033     2.524466
    3.786740     2.696934     3.074033
    4.204898     3.786740     2.696934
    4.987276     4.204898     3.786740
    2.952161     4.987276     4.204898
    3.113956     2.952161     4.987276
    0.732387     3.113956     2.952161
    1.167020     0.732387     3.113956
    1.891045     1.167020     0.732387
    1.350398     1.891045     1.167020
    0.641731     1.350398     1.891045
    0.203676     0.641731     1.350398
    1.754683     0.203676     0.641731
    1.165268     1.754683     0.203676
    1.765661     1.165268     1.754683
    1.831643     1.765661     1.165268
    1.022765     1.831643     1.765661
    2.486923     1.022765     1.831643
    1.895364     2.486923     1.022765
    1.202763     1.895364     2.486923
    1.095921     1.202763     1.895364
    3.872815     1.095921     1.202763
    1.767706     3.872815     1.095921
    4.285771     1.767706     3.872815
    4.163377     4.285771     1.767706
    3.879045     4.163377     4.285771
    3.832372     3.879045     4.163377
    2.429029     3.832372     3.879045
    3.119182     2.429029     3.832372
    3.475319     3.119182     2.429029
    1.809579     3.475319     3.119182
    2.963166     1.809579     3.475319
    2.456092     2.963166     1.809579
    1.916382     2.456092     2.963166
    3.174091     1.916382     2.456092
    2.313864     3.174091     1.916382
    4.419988     2.313864     3.174091
    3.193850     4.419988     2.313864
    5.259572     3.193850     4.419988
    4.316727     5.259572     3.193850
    4.506081     4.316727     5.259572
    3.496346     4.506081     4.316727
    4.633874     3.496346     4.506081
    4.335790     4.633874     3.496346
    4.337233     4.335790     4.633874
    2.727805     4.337233     4.335790
    5.492840     2.727805     4.337233
    4.592055     5.492840     2.727805
    4.378463     4.592055     5.492840
    3.317823     4.378463     4.592055
    4.483842     3.317823     4.378463
    4.196831     4.483842     3.317823
    4.253432     4.196831     4.483842
    3.523238     4.253432     4.196831
    4.385568     3.523238     4.253432
    3.784761     4.385568     3.523238
    2.713466     3.784761     4.385568
    3.788755     2.713466     3.784761
    3.769279     3.788755     2.713466
    3.467756     3.769279     3.788755
    4.319345     3.467756     3.769279
    5.253614     4.319345     3.467756
    3.723214     5.253614     4.319345
    3.900938     3.723214     5.253614
    5.393140     3.900938     3.723214
    4.985434     5.393140     3.900938
    4.857112     4.985434     5.393140
    3.939874     4.857112     4.985434
    4.700124     3.939874     4.857112
    3.470853     4.700124     3.939874
    4.435225     3.470853     4.700124
    4.633074     4.435225     3.470853
    5.390226     4.633074     4.435225
    4.083166     5.390226     4.633074
    2.806345     4.083166     5.390226
    2.188459     2.806345     4.083166
