    5.288750     4.443792     5.462740
    4.784282     5.288750     4.443792
    3.603892     4.784282     5.288750
    4.486065     3.603892     4.784282
    2.469555     4.486065     3.603892
    4.590035     2.469555     4.486065
    3.224622     4.590035     2.469555
    2.156088     3.224622     4.590035
    2.406885     2.156088     3.224622
    5.048439     2.406885     2.156088
    4.282268     5.048439     2.406885
    4.512324     4.282268     5.048439
    5.307692     4.512324     4.282268
    4.098101     5.307692     4.512324
    5.655040     4.098101     5.307692
    5.181362     5.655040     4.098101
    3.137141     5.181362     5.655040
    1.846999     3.137141     5.181362
    2.338843     1.846999     3.137141
    1.651931     2.338843     1.846999
    1.513353     1.651931     2.338843
    2.313084     1.513353     1.651931
    1.639434     2.313084     1.513353
    1.092499     1.639434     2.313084
    1.525909     1.092499     1.639434
    1.829954     1.525909     1.092499
    1.575086     1.829954     1.525909
    2.028306     1.575086     1.829954
    0.929094     2.028306     1.575086
    1.271086     0.929094     2.028306
    0.433471     1.271086     0.929094
    0.053280     0.433471     1.271086
    1.617029     0.053280     0.433471
    0.530401     1.617029     0.053280
    1.477142     0.530401     1.617029
    2.515203     1.477142     0.530401
    3.040192     2.515203     1.477142
    2.947829     3.040192     2.515203
    3.842211     2.947829     3.040192
    2.803001     3.842211     2.947829
    3.172892     2.803001     3.842211
    1.650352     3.172892     2.803001
    2.122242     1.650352     3.172892
    3.210838     2.122242     1.650352
    3.319649     3.210838     2.122242
    4.885254     3.319649     3.210838
    4.436680     4.885254     3.319649
    4.860773     4.436680     4.885254
    4.485366     4.860773     4.436680
    3.928117     4.485366     4.860773
    2.418684     3.928117     4.485366
    2.872159     2.418684     3.928117
    3.291033     2.872159     2.418684
    2.385709     3.291033     2.872159
    3.079402     2.385709     3.291033
    3.253444     3.079402     2.385709
    5.029898     3.253444     3.079402
    3.467996     5.029898     3.253444
    3.392987     3.467996     5.029898
    4.660072     3.392987     3.467996
    3.433591     4.660072     3.392987
    2.042297     3.433591     4.660072
    2.141273     2.042297     3.433591
    2.528160     2.141273     2.042297
    1.920964     2.528160     2.141273
    1.946790     1.920964     2.528160
    3.293544     1.946790     1.920964
    3.344519     3.293544     1.946790
    3.535353     3.344519     3.293544
    3.348505     3.535353     3.344519
    2.924195     3.348505     3.535353
    4.484442     2.924195     3.348505
    3.414141     4.484442     2.924195
    4.825306     3.414141     4.484442
    5.259272     4.825306     3.414141
    4.855192     5.259272     4.825306
    5.237408     4.855192     5.259272
    4.719596     5.237408     4.855192
    4.315676     4.719596     5.237408
    5.029756     4.315676     4.719596
    5.542146     5.029756     4.315676
    4.191109     5.542146     5.029756
    3.441142     4.191109     5.542146
    4.053817     3.441142     4.191109
    0.419070     4.053817     3.441142
    1.180652     0.419070     4.053817
    2.126106     1.180652     0.419070
    0.489427     2.126106     1.180652
    1.545832     0.489427     2.126106
    1.995990     1.545832     0.489427
    2.584749     1.995990     1.545832
    3.381639     2.584749     1.995990
    2.493837     3.381639     2.584749
    3.465476     2.493837     3.381639
    2.885304     3.465476     2.493837
    1.861563     2.885304     3.465476
    2.425022     1.861563     2.885304
    3.520533     2.425022     1.861563
    5.753948     3.520533     2.425022
    3.232284     5.753948     3.520533
    2.684758     3.232284     5.753948
    3.838791     2.684758     3.232284
    3.694741     3.838791     2.684758
    2.291690     3.694741     3.838791
    2.385530     2.291690     3.694741
    3.057771     2.385530     2.291690
    2.808625     3.057771     2.385530
    1.233901     2.808625     3.057771
    3.113395     1.233901     2.808625
    3.169881     3.113395     1.233901
    2.716876     3.169881     3.113395
    2.125982     2.716876     3.169881
    3.017688     2.125982     2.716876
    3.631544     3.017688     2.125982
    4.644335     3.631544     3.017688
    4.266634     4.644335     3.631544
    3.310585     4.266634     4.644335
    3.178786     3.310585     4.266634
    2.641931     3.178786     3.310585
    1.143114     2.641931     3.178786
    1.278297     1.143114     2.641931
    2.062921     1.278297     1.143114
    1.492379     2.062921     1.278297
    2.142671     1.492379     2.062921
    3.061300     2.142671     1.492379
    2.202251     3.061300     2.142671
    3.014945     2.202251     3.061300
    3.941740     3.014945     2.202251
    5.131276     3.941740     3.014945
    3.929148     5.131276     3.941740
    3.916534     3.929148     5.131276
    5.507105     3.916534     3.929148
    2.943830     5.507105     3.916534
    1.920391     2.943830     5.507105
    4.190063     1.920391     2.943830
    4.181854     4.190063     1.920391
    3.701952     4.181854     4.190063
    2.761722     3.701952     4.181854
    0.960172     2.761722     3.701952
    2.835555     0.960172     2.761722
    3.737951     2.835555     0.960172
    3.646362     3.737951     2.835555
    2.498649     3.646362     3.737951
    3.668908     2.498649     3.646362
    3.184506     3.668908     2.498649
    2.852085     3.184506     3.668908
    2.651396     2.852085     3.184506
    3.138612     2.651396     2.852085
    2.287229     3.138612     2.651396
    1.651951     2.287229     3.138612
    1.387884     1.651951     2.287229
    1.649152     1.387884     1.651951
    1.901839     1.649152     1.387884
    1.480381     1.901839     1.649152
    4.194847     1.480381     1.901839
    4.072875     4.194847     1.480381
    4.262860     4.072875     4.194847
    5.690472     4.262860     4.072875
    4.265799     5.690472     4.262860
    4.808854     4.265799     5.690472
    2.859662     4.808854     4.265799
    5.015849     2.859662     4.808854
    4.844591     5.015849     2.859662
    4.052969     4.844591     5.015849
    3.712415     4.052969     4.844591
    3.375385     3.712415     4.052969
    4.087260     3.375385     3.712415
    3.367808     4.087260     3.375385
    2.275796     3.367808     4.087260
    3.192340     2.275796     3.367808
    3.387724     3.192340     2.275796
    1.358473     3.387724     3.192340
    0.987260     1.358473     3.387724
   -0.133875     0.987260     1.358473
    0.809098    -0.133875     0.987260
    1.227583     0.809098    -0.133875
    3.060567     1.227583     0.809098
    2.001299     3.060567     1.227583
    2.374243     2.001299     3.060567
    3.084061     2.374243     2.001299
    2.743680     3.084061     2.374243
    3.022310     2.743680     3.084061
    3.479868     3.022310     2.743680
    4.413011     3.479868     3.022310
    4.411417     4.413011     3.479868
    4.469296     4.411417     4.413011
    3.128149     4.469296     4.411417
    2.295281     3.128149     4.469296
    2.432417     2.295281     3.128149
    4.045638     2.432417     2.295281
    3.828125     4.045638     2.432417
    2.804096     3.828125     4.045638
    4.338511     2.804096     3.828125
    3.640075     4.338511     2.804096
    4.339390     3.640075     4.338511
    4.259502     4.339390     3.640075
    3.042539     4.259502     4.339390
    3.729020     3.042539     4.259502
    1.930089     3.729020     3.042539
    2.405140     1.930089     3.729020
    3.536888     2.405140     1.930089
    3.271742     3.536888     2.405140
    2.412639     3.271742     3.536888
    4.284826     2.412639     3.271742
    5.415889     4.284826     2.412639
    4.278218     5.415889     4.284826
    4.628168     4.278218     5.415889
    3.392625     4.628168     4.278218
    3.926670     3.392625     4.628168
    4.841094     3.926670     3.392625
    3.951017     4.841094     3.926670
    2.652030     3.951017     4.841094
    3.837918     2.652030     3.951017
    4.646880     3.837918     2.652030
    3.078882     4.646880     3.837918
    3.743146     3.078882     4.646880
    4.128487     3.743146     3.078882
    3.904634     4.128487     3.743146
    1.733421     3.904634     4.128487
    2.743591     1.733421     3.904634
    2.328969     2.743591     1.733421
    2.388374     2.328969     2.743591
    3.151058     2.388374     2.328969
    4.340962     3.151058     2.388374
    5.234313     4.340962     3.151058
    4.551512     5.234313     4.340962
    4.468015     4.551512     5.234313
    3.826773     4.468015     4.551512
    3.018723     3.826773     4.468015
    2.540108     3.018723     3.826773
    5.883084     2.540108     3.018723
    4.572920     5.883084     2.540108
    4.684443     4.572920     5.883084
    4.554469     4.684443     4.572920
    4.083584     4.554469     4.684443
    2.839035     4.083584     4.554469
    2.777422     2.839035     4.083584
    4.352590     2.777422     2.839035
    3.153730     4.352590     2.777422
    3.295250     3.153730     4.352590
    3.551983     3.295250     3.153730
    4.027580     3.551983     3.295250
    5.248106     4.027580     3.551983
    2.594893     5.248106     4.027580
    2.997030     2.594893     5.248106
    2.949099     2.997030     2.594893
    2.155332     2.949099     2.997030
    3.810949     2.155332     2.949099
    2.397860     3.810949     2.155332
    1.528860     2.397860     3.810949
    1.199735     1.528860     2.397860
    1.353765     1.199735     1.528860
    1.719851     1.353765     1.199735
    2.984088     1.719851     1.353765
    1.968997     2.984088     1.719851
    4.504942     1.968997     2.984088
    4.437296     4.504942     1.968997
    3.569973     4.437296     4.504942
    3.229028     3.569973     4.437296
    3.485234     3.229028     3.569973
    5.182253     3.485234     3.229028
    3.149010     5.182253     3.485234
    5.484558     3.149010     5.182253
    4.273256     5.484558     3.149010
    4.676457     4.273256     5.484558
    4.177872     4.676457     4.273256
    2.894244     4.177872     4.676457
    1.550236     2.894244     4.177872
    2.326791     1.550236     2.894244
    3.040901     2.326791     1.550236
    3.422994     3.040901     2.326791
    3.269534     3.422994     3.040901
    3.665363     3.269534     3.422994
    5.410739     3.665363     3.269534
    4.628629     5.410739     3.665363
    3.355132     4.628629     5.410739
    3.068580     3.355132     4.628629
    3.047641     3.068580     3.355132
    2.419642     3.047641     3.068580
    4.167465     2.419642     3.047641
    3.423207     4.167465     2.419642
    3.271436     3.423207     4.167465
    3.081861     3.271436     3.423207
    2.924579     3.081861     3.271436
    1.557662     2.924579     3.081861
    2.661070     1.557662     2.924579
    2.067616     2.661070     1.557662
    2.774072     2.067616     2.661070
    2.560230     2.774072     2.067616
    3.261148     2.560230     2.774072
    3.308549     3.261148     2.560230
    3.234119     3.308549     3.261148
    3.216461     3.234119     3.308549
    2.940228     3.216461     3.234119
    2.535389     2.940228     3.216461
    3.044119     2.535389     2.940228
    3.973097     3.044119     2.535389
    4.051808     3.973097     3.044119
    5.465525     4.051808     3.973097
    3.757359     5.465525     4.051808
    4.591762     3.757359     5.465525
    5.386549     4.591762     3.757359
    3.167428     5.386549     4.591762
    2.433491     3.167428     5.386549
    4.224436     2.433491     3.167428
    3.785615     4.224436     2.433491
    3.007725     3.785615     4.224436
    3.416916     3.007725     3.785615
    2.638681     3.416916     3.007725
    2.371846     2.638681     3.416916
    1.694246     2.371846     2.638681
    2.292546     1.694246     2.371846
    1.780850     2.292546     1.694246
    1.011798     1.780850     2.292546
    2.367007     1.011798     1.780850
    2.887356     2.367007     1.011798
    2.311187     2.887356     2.367007
    2.475453     2.311187     2.887356
    2.744794     2.475453     2.311187
    2.422495     2.744794     2.475453
    2.693721     2.422495     2.744794
    3.765312     2.693721     2.422495
    3.771705     3.765312     2.693721
    3.279363     3.771705     3.765312
    3.046570     3.279363     3.771705
    1.422727     3.046570     3.279363
    1.984311     1.422727     3.046570
    0.719738     1.984311     1.422727
    1.955136     0.719738     1.984311
    2.133472     1.955136     0.719738
    2.629473     2.133472     1.955136
    2.877810     2.629473     2.133472
    4.113171     2.877810     2.629473
    4.205538     4.113171     2.877810
    4.363986     4.205538     4.113171
    3.450348     4.363986     4.205538
    3.574326     3.450348     4.363986
    2.180980     3.574326     3.450348
    2.663717     2.180980     3.574326
    1.607604     2.663717     2.180980
    3.219459     1.607604     2.663717
    2.436425     3.219459     1.607604
    4.035878     2.436425     3.219459
    1.083938     4.035878     2.436425
    3.782434     1.083938     4.035878
    3.418056     3.782434     1.083938
    3.336134     3.418056     3.782434
    4.135648     3.336134     3.418056
    5.325528     4.135648     3.336134
    4.674469     5.325528     4.135648
    4.177535     4.674469     5.325528
    1.006615     4.177535     4.674469
    2.159370     1.006615     4.177535
    3.086044     2.159370     1.006615
    3.174442     3.086044     2.159370
    1.030911     3.174442     3.086044
    2.585762     1.030911     3.174442
    2.478374     2.585762     1.030911
    3.139329     2.478374     2.585762
    2.770739     3.139329     2.478374
    2.863954     2.770739     3.139329
    2.493679     2.863954     2.770739
    3.147519     2.493679     2.863954
    2.928595     3.147519     2.493679
    1.795212     2.928595     3.147519
    1.160711     1.795212     2.928595
    1.918914     1.160711     1.795212
    2.360835     1.918914     1.160711
    2.402981     2.360835     1.918914
    3.452194     2.402981     2.360835
    2.239572     3.452194     2.402981
    3.799576     2.239572     3.452194
    4.224057     3.799576     2.239572
    4.360753     4.224057     3.799576
    3.973871     4.360753     4.224057
    4.157675     3.973871     4.360753
    4.805868     4.157675     3.973871
    3.299263     4.805868     4.157675
    3.899933     3.299263     4.805868
    4.225549     3.899933     3.299263
    2.453400     4.225549     3.899933
    4.476088     2.453400     4.225549
    4.237727     4.476088     2.453400
    3.421689     4.237727     4.476088
    4.448096     3.421689     4.237727
    2.211409     4.448096     3.421689
    1.772864     2.211409     4.448096
    1.298438     1.772864     2.211409
    2.310687     1.298438     1.772864
    0.646223     2.310687     1.298438
    1.124625     0.646223     2.310687
    3.531647     1.124625     0.646223
    2.815716     3.531647     1.124625
    1.232606     2.815716     3.531647
    4.710993     1.232606     2.815716
    3.606012     4.710993     1.232606
    3.112352     3.606012     4.710993
    3.543817     3.112352     3.606012
    3.427088     3.543817     3.112352
    4.342351     3.427088     3.543817
    3.927742     4.342351     3.427088
    3.159343     3.927742     4.342351
    3.655021     3.159343     3.927742
    2.755653     3.655021     3.159343
    3.074156     2.755653     3.655021
    3.331061     3.074156     2.755653
    5.158279     3.331061     3.074156
    4.519517     5.158279     3.331061
    3.393589     4.519517     5.158279
    4.092237     3.393589     4.519517
    2.163103     4.092237     3.393589
    3.134733     2.163103     4.092237
    4.325201     3.134733     2.163103
    3.568487     4.325201     3.134733
    2.552225     3.568487     4.325201
    1.669131     2.552225     3.568487
    3.196762     1.669131     2.552225
    3.115522     3.196762     1.669131
    3.075901     3.115522     3.196762
    2.477319     3.075901     3.115522
    1.516651     2.477319     3.075901
    2.392999     1.516651     2.477319
    2.683240     2.392999     1.516651
    3.801001     2.683240     2.392999
    3.326102     3.801001     2.683240
    5.679664     3.326102     3.801001
    4.830377     5.679664     3.326102
    4.582637     4.830377     5.679664
    6.949227     4.582637     4.830377
    5.822648     6.949227     4.582637
    5.547844     5.822648     6.949227
    6.709559     5.547844     5.822648
    7.248763     6.709559     5.547844
    6.618239     7.248763     6.709559
    5.175418     6.618239     7.248763
    7.699600     5.175418     6.618239
    6.419606     7.699600     5.175418
    6.976752     6.419606     7.699600
    4.743579     6.976752     6.419606
    5.580673     4.743579     6.976752
    3.475689     5.580673     4.743579
    3.776820     3.475689     5.580673
    3.410052     3.776820     3.475689
    3.932103     3.410052     3.776820
    4.142427     3.932103     3.410052
    6.903480     4.142427     3.932103
    7.935761     6.903480     4.142427
    7.039898     7.935761     6.903480
    8.144678     7.039898     7.935761
    1.909193     8.144678     7.039898
    2.233095     1.909193     8.144678
    2.704158     2.233095     1.909193
    4.437041     2.704158     2.233095
    4.493494     4.437041     2.704158
    2.170281     4.493494     4.437041
    3.405500     2.170281     4.493494
    1.933253     3.405500     2.170281
    3.737135     1.933253     3.405500
    5.072477     3.737135     1.933253
    4.768401     5.072477     3.737135
    4.159145     4.768401     5.072477
    3.285144     4.159145     4.768401
    2.667399     3.285144     4.159145
    1.945317     2.667399     3.285144
    1.143682     1.945317     2.667399
    0.201573     1.143682     1.945317
    0.710317     0.201573     1.143682
    2.013923     0.710317     0.201573
    0.920970     2.013923     0.710317
    1.598980     0.920970     2.013923
    2.915668     1.598980     0.920970
    3.445022     2.915668     1.598980
    2.743467     3.445022     2.915668
    2.476209     2.743467     3.445022
    3.241421     2.476209     2.743467
    3.082301     3.241421     2.476209
    3.515452     3.082301     3.241421
    4.656272     3.515452     3.082301
    6.801573     4.656272     3.515452
    5.472660     6.801573     4.656272
    4.386648     5.472660     6.801573
    4.729504     4.386648     5.472660
    4.150359     4.729504     4.386648
    5.258029     4.150359     4.729504
    3.341039     5.258029     4.150359
    4.400734     3.341039     5.258029
    4.244837     4.400734     3.341039
    2.999368     4.244837     4.400734
    4.895232     2.999368     4.244837
    5.435477     4.895232     2.999368
    3.587809     5.435477     4.895232
    3.126740     3.587809     5.435477
    3.008717     3.126740     3.587809
    3.697791     3.008717     3.126740
    1.791643     3.697791     3.008717
    2.624115     1.791643     3.697791
    2.232261     2.624115     1.791643
    2.983742     2.232261     2.624115
    3.378106     2.983742     2.232261
    3.917883     3.378106     2.983742
