    3.868662     4.470718     5.203233
    1.932344     3.868662     4.470718
    2.349346     1.932344     3.868662
    2.511218     2.349346     1.932344
    1.166419     2.511218     2.349346
    3.014522     1.166419     2.511218
    3.531487     3.014522     1.166419
    3.428960     3.531487     3.014522
    3.369391     3.428960     3.531487
    2.940465     3.369391     3.428960
    3.667449     2.940465     3.369391
    2.374258     3.667449     2.940465
    0.947911     2.374258     3.667449
    1.165984     0.947911     2.374258
    1.629270     1.165984     0.947911
    2.837656     1.629270     1.165984
    1.000345     2.837656     1.629270
    1.843672     1.000345     2.837656
    2.133183     1.843672     1.000345
    0.870772     2.133183     1.843672
    2.605020     0.870772     2.133183
    2.532430     2.605020     0.870772
    1.073618     2.532430     2.605020
    1.007288     1.073618     2.532430
    2.521232     1.007288     1.073618
    2.797809     2.521232     1.007288
    1.596129     2.797809     2.521232
    3.267474     1.596129     2.797809
    2.590479     3.267474     1.596129
    1.987946     2.590479     3.267474
    2.246940     1.987946     2.590479
    3.981411     2.246940     1.987946
    3.508237     3.981411     2.246940
    5.539704     3.508237     3.981411
    4.271398     5.539704     3.508237
    3.883120     4.271398     5.539704
    3.579227     3.883120     4.271398
    4.711559     3.579227     3.883120
    5.609046     4.711559     3.579227
    4.086629     5.609046     4.711559
    3.680337     4.086629     5.609046
    2.902343     3.680337     4.086629
    4.103710     2.902343     3.680337
    3.456136     4.103710     2.902343
    4.179210     3.456136     4.103710
    3.813039     4.179210     3.456136
    4.245626     3.813039     4.179210
    2.758394     4.245626     3.813039
    3.301004     2.758394     4.245626
    1.399317     3.301004     2.758394
    1.792327     1.399317     3.301004
    3.211528     1.792327     1.399317
    2.596298     3.211528     1.792327
    2.942941     2.596298     3.211528
    4.660274     2.942941     2.596298
    4.250635     4.660274     2.942941
    4.210979     4.250635     4.660274
    4.931528     4.210979     4.250635
    4.457590     4.931528     4.210979
    3.784108     4.457590     4.931528
    3.505418     3.784108     4.457590
    3.573861     3.505418     3.784108
    3.061666     3.573861     3.505418
    2.248869     3.061666     3.573861
    4.595187     2.248869     3.061666
    3.647089     4.595187     2.248869
    4.003555     3.647089     4.595187
    2.735868     4.003555     3.647089
    4.574569     2.735868     4.003555
    4.034502     4.574569     2.735868
    3.101706     4.034502     4.574569
    1.546236     3.101706     4.034502
    0.713875     1.546236     3.101706
    2.991143     0.713875     1.546236
    2.434492     2.991143     0.713875
    3.621558     2.434492     2.991143
    2.358818     3.621558     2.434492
    2.744049     2.358818     3.621558
    3.768962     2.744049     2.358818
    4.160146     3.768962     2.744049
    2.942175     4.160146     3.768962
    4.538151     2.942175     4.160146
    4.153063     4.538151     2.942175
    3.795081     4.153063     4.538151
    5.251206     3.795081     4.153063
    5.066837     5.251206     3.795081
    4.064303     5.066837     5.251206
    4.692550     4.064303     5.066837
    5.157335     4.692550     4.064303
    3.873101     5.157335     4.692550
    2.618763     3.873101     5.157335
    3.970843     2.618763     3.873101
    3.417284     3.970843     2.618763
    4.018610     3.417284     3.970843
    4.008433     4.018610     3.417284
    3.832791     4.008433     4.018610
    4.277049     3.832791     4.008433
    2.089416     4.277049     3.832791
    2.205994     2.089416     4.277049
    2.514927     2.205994     2.089416
    3.039389     2.514927     2.205994
    2.173796     3.039389     2.514927
    2.439608     2.173796     3.039389
    2.516655     2.439608     2.173796
    3.739767     2.516655     2.439608
    4.309733     3.739767     2.516655
    3.700829     4.309733     3.739767
    4.699574     3.700829     4.309733
    4.743868     4.699574     3.700829
    4.498914     4.743868     4.699574
    4.385396     4.498914     4.743868
    5.316642     4.385396     4.498914
    4.369873     5.316642     4.385396
    4.917231     4.369873     5.316642
    4.629488     4.917231     4.369873
    6.230170     4.629488     4.917231
    4.870258     6.230170     4.629488
    5.294638     4.870258     6.230170
    5.928992     5.294638     4.870258
    3.072741     5.928992     5.294638
    4.223607     3.072741     5.928992
    2.494052     4.223607     3.072741
    5.379260     2.494052     4.223607
    5.227710     5.379260     2.494052
    4.423272     5.227710     5.379260
    5.181410     4.423272     5.227710
    4.383646     5.181410     4.423272
    4.259968     4.383646     5.181410
    4.222386     4.259968     4.383646
    3.613585     4.222386     4.259968
    2.671843     3.613585     4.222386
    1.761935     2.671843     3.613585
    2.272849     1.761935     2.671843
    4.318845     2.272849     1.761935
    4.124828     4.318845     2.272849
    4.091422     4.124828     4.318845
    3.374521     4.091422     4.124828
    2.722010     3.374521     4.091422
    2.050615     2.722010     3.374521
    0.911154     2.050615     2.722010
    2.268946     0.911154     2.050615
    2.433271     2.268946     0.911154
    3.133343     2.433271     2.268946
    3.511172     3.133343     2.433271
    3.659213     3.511172     3.133343
    3.438350     3.659213     3.511172
    4.146796     3.438350     3.659213
    3.850898     4.146796     3.438350
    3.089210     3.850898     4.146796
    4.075595     3.089210     3.850898
    3.327372     4.075595     3.089210
    2.092556     3.327372     4.075595
    1.664588     2.092556     3.327372
    3.997208     1.664588     2.092556
    3.457803     3.997208     1.664588
    4.035626     3.457803     3.997208
    3.016177     4.035626     3.457803
    1.907649     3.016177     4.035626
    3.194412     1.907649     3.016177
    3.563889     3.194412     1.907649
    4.186626     3.563889     3.194412
    4.612505     4.186626     3.563889
    5.198154     4.612505     4.186626
    5.855976     5.198154     4.612505
    5.248564     5.855976     5.198154
    4.418688     5.248564     5.855976
    4.171734     4.418688     5.248564
    4.793483     4.171734     4.418688
    4.362854     4.793483     4.171734
    5.863883     4.362854     4.793483
    6.039105     5.863883     4.362854
    7.013227     6.039105     5.863883
    5.963682     7.013227     6.039105
    4.029837     5.963682     7.013227
    3.538567     4.029837     5.963682
    4.597887     3.538567     4.029837
    2.541877     4.597887     3.538567
    3.056935     2.541877     4.597887
    2.467419     3.056935     2.541877
    3.539748     2.467419     3.056935
    2.729809     3.539748     2.467419
    2.799435     2.729809     3.539748
    2.499029     2.799435     2.729809
    4.250019     2.499029     2.799435
    2.618683     4.250019     2.499029
    1.973240     2.618683     4.250019
    1.645050     1.973240     2.618683
    2.507460     1.645050     1.973240
    1.977792     2.507460     1.645050
    0.503751     1.977792     2.507460
    3.512234     0.503751     1.977792
    1.255980     3.512234     0.503751
    2.927594     1.255980     3.512234
    1.232728     2.927594     1.255980
    1.553434     1.232728     2.927594
    1.822668     1.553434     1.232728
    1.613446     1.822668     1.553434
    2.799412     1.613446     1.822668
    2.584068     2.799412     1.613446
    4.845134     2.584068     2.799412
    4.147150     4.845134     2.584068
    4.419199     4.147150     4.845134
    4.023828     4.419199     4.147150
    4.884579     4.023828     4.419199
    3.669792     4.884579     4.023828
    3.422101     3.669792     4.884579
    3.939712     3.422101     3.669792
    4.335000     3.939712     3.422101
    3.681592     4.335000     3.939712
    4.686217     3.681592     4.335000
    3.697602     4.686217     3.681592
    3.838496     3.697602     4.686217
    4.040386     3.838496     3.697602
    5.683543     4.040386     3.838496
    4.602477     5.683543     4.040386
    2.850786     4.602477     5.683543
    4.282672     2.850786     4.602477
    3.150081     4.282672     2.850786
    3.480138     3.150081     4.282672
    5.077458     3.480138     3.150081
    3.733148     5.077458     3.480138
    3.419769     3.733148     5.077458
    4.009312     3.419769     3.733148
    3.512395     4.009312     3.419769
    3.688944     3.512395     4.009312
    3.146671     3.688944     3.512395
    3.071836     3.146671     3.688944
    4.087890     3.071836     3.146671
    4.010551     4.087890     3.071836
    3.221310     4.010551     4.087890
    1.813617     3.221310     4.010551
    1.888196     1.813617     3.221310
    3.441638     1.888196     1.813617
    5.330469     3.441638     1.888196
    4.720957     5.330469     3.441638
    5.046928     4.720957     5.330469
    4.255864     5.046928     4.720957
    4.140910     4.255864     5.046928
    6.142911     4.140910     4.255864
    3.932505     6.142911     4.140910
    5.566712     3.932505     6.142911
    5.055990     5.566712     3.932505
    4.741486     5.055990     5.566712
    4.592483     4.741486     5.055990
    4.489057     4.592483     4.741486
    5.477791     4.489057     4.592483
    5.403714     5.477791     4.489057
    5.558232     5.403714     5.477791
    4.130716     5.558232     5.403714
    4.703246     4.130716     5.558232
    4.345696     4.703246     4.130716
    4.606906     4.345696     4.703246
    3.781600     4.606906     4.345696
    4.392036     3.781600     4.606906
    3.813475     4.392036     3.781600
    4.497789     3.813475     4.392036
    3.945471     4.497789     3.813475
    3.444431     3.945471     4.497789
    5.532994     3.444431     3.945471
    5.185304     5.532994     3.444431
    4.104710     5.185304     5.532994
    4.977325     4.104710     5.185304
    5.670333     4.977325     4.104710
    4.115844     5.670333     4.977325
    4.007806     4.115844     5.670333
    4.422298     4.007806     4.115844
    4.855350     4.422298     4.007806
    5.796197     4.855350     4.422298
    5.154746     5.796197     4.855350
    4.244705     5.154746     5.796197
    2.427834     4.244705     5.154746
    2.594626     2.427834     4.244705
    2.456927     2.594626     2.427834
    2.518496     2.456927     2.594626
    2.140701     2.518496     2.456927
    2.290395     2.140701     2.518496
    2.913859     2.290395     2.140701
    0.443545     2.913859     2.290395
    3.659846     0.443545     2.913859
    4.154749     3.659846     0.443545
    2.548295     4.154749     3.659846
    2.069941     2.548295     4.154749
    2.631906     2.069941     2.548295
    1.371958     2.631906     2.069941
    1.576060     1.371958     2.631906
    2.070655     1.576060     1.371958
    3.062746     2.070655     1.576060
    3.390142     3.062746     2.070655
    2.810919     3.390142     3.062746
    1.866105     2.810919     3.390142
    1.586289     1.866105     2.810919
    1.796758     1.586289     1.866105
    3.155593     1.796758     1.586289
    3.362596     3.155593     1.796758
    3.366411     3.362596     3.155593
    3.795147     3.366411     3.362596
    1.100685     3.795147     3.366411
    1.299520     1.100685     3.795147
    2.927610     1.299520     1.100685
    2.609059     2.927610     1.299520
    2.983397     2.609059     2.927610
    2.647705     2.983397     2.609059
    4.535127     2.647705     2.983397
    3.467720     4.535127     2.647705
    4.242609     3.467720     4.535127
    4.332721     4.242609     3.467720
    5.115275     4.332721     4.242609
    5.190092     5.115275     4.332721
    4.327287     5.190092     5.115275
    2.989697     4.327287     5.190092
    1.528658     2.989697     4.327287
    2.688310     1.528658     2.989697
    3.619068     2.688310     1.528658
    4.957153     3.619068     2.688310
    4.845830     4.957153     3.619068
    3.797364     4.845830     4.957153
    2.781326     3.797364     4.845830
    4.519212     2.781326     3.797364
    5.117425     4.519212     2.781326
    5.181935     5.117425     4.519212
    3.874767     5.181935     5.117425
    3.479784     3.874767     5.181935
    3.871328     3.479784     3.874767
    5.189483     3.871328     3.479784
    3.950458     5.189483     3.871328
    5.021749     3.950458     5.189483
    4.710387     5.021749     3.950458
    3.624109     4.710387     5.021749
    3.450685     3.624109     4.710387
    4.166763     3.450685     3.624109
    3.713218     4.166763     3.450685
    5.129451     3.713218     4.166763
    2.944658     5.129451     3.713218
    1.373614     2.944658     5.129451
    2.800742     1.373614     2.944658
    1.808872     2.800742     1.373614
    2.799279     1.808872     2.800742
    2.747088     2.799279     1.808872
    3.573290     2.747088     2.799279
    2.610268     3.573290     2.747088
    1.932352     2.610268     3.573290
    2.123672     1.932352     2.610268
    1.958932     2.123672     1.932352
    1.723365     1.958932     2.123672
    2.247856     1.723365     1.958932
    3.447333     2.247856     1.723365
    1.952027     3.447333     2.247856
    2.520582     1.952027     3.447333
    2.983385     2.520582     1.952027
    3.525893     2.983385     2.520582
    3.795670     3.525893     2.983385
    3.550504     3.795670     3.525893
    1.819912     3.550504     3.795670
    3.819361     1.819912     3.550504
    3.952638     3.819361     1.819912
    3.073975     3.952638     3.819361
    4.029150     3.073975     3.952638
    4.320077     4.029150     3.073975
    4.441287     4.320077     4.029150
    4.135948     4.441287     4.320077
    4.458182     4.135948     4.441287
    3.249957     4.458182     4.135948
    4.481739     3.249957     4.458182
    3.440148     4.481739     3.249957
    5.232757     3.440148     4.481739
    3.706228     5.232757     3.440148
    2.280290     3.706228     5.232757
    0.375389     2.280290     3.706228
    2.301067     0.375389     2.280290
    3.604859     2.301067     0.375389
    2.891089     3.604859     2.301067
    3.150433     2.891089     3.604859
    4.440398     3.150433     2.891089
    4.228094     4.440398     3.150433
    5.687846     4.228094     4.440398
    5.385269     5.687846     4.228094
    3.681906     5.385269     5.687846
    5.520463     3.681906     5.385269
    4.807552     5.520463     3.681906
    5.242190     4.807552     5.520463
    3.436267     5.242190     4.807552
    4.773084     3.436267     5.242190
    4.637727     4.773084     3.436267
    5.122958     4.637727     4.773084
    3.067048     5.122958     4.637727
    2.118840     3.067048     5.122958
    1.808469     2.118840     3.067048
    4.100899     1.808469     2.118840
    1.765294     4.100899     1.808469
    2.634154     1.765294     4.100899
    3.072548     2.634154     1.765294
    1.281484     3.072548     2.634154
    1.311375     1.281484     3.072548
    2.080306     1.311375     1.281484
    1.432553     2.080306     1.311375
    1.868485     1.432553     2.080306
    2.399091     1.868485     1.432553
    2.897500     2.399091     1.868485
    2.663125     2.897500     2.399091
    2.280515     2.663125     2.897500
    1.979648     2.280515     2.663125
    1.972427     1.979648     2.280515
    2.798761     1.972427     1.979648
    2.294167     2.798761     1.972427
    4.439338     2.294167     2.798761
    2.718955     4.439338     2.294167
    3.221571     2.718955     4.439338
    3.384834     3.221571     2.718955
    4.494250     3.384834     3.221571
    5.066363     4.494250     3.384834
    3.360339     5.066363     4.494250
    3.877401     3.360339     5.066363
    4.409294     3.877401     3.360339
    3.560329     4.409294     3.877401
    4.002345     3.560329     4.409294
    2.904040     4.002345     3.560329
    4.592416     2.904040     4.002345
    2.985673     4.592416     2.904040
    3.822357     2.985673     4.592416
    3.798492     3.822357     2.985673
    6.028630     3.798492     3.822357
    4.753179     6.028630     3.798492
    4.930817     4.753179     6.028630
    4.852924     4.930817     4.753179
    4.990624     4.852924     4.930817
    3.670589     4.990624     4.852924
    2.575999     3.670589     4.990624
    3.536266     2.575999     3.670589
    3.314708     3.536266     2.575999
    3.009143     3.314708     3.536266
    2.137515     3.009143     3.314708
    1.894748     2.137515     3.009143
    1.516661     1.894748     2.137515
    1.746836     1.516661     1.894748
    2.856685     1.746836     1.516661
    5.202839     2.856685     1.746836
    5.778836     5.202839     2.856685
    3.441958     5.778836     5.202839
    1.920480     3.441958     5.778836
    2.827576     1.920480     3.441958
    3.044751     2.827576     1.920480
    3.506005     3.044751     2.827576
    4.472766     3.506005     3.044751
    4.495065     4.472766     3.506005
    2.491233     4.495065     4.472766
    3.796496     2.491233     4.495065
    3.224984     3.796496     2.491233
    3.120977     3.224984     3.796496
    3.959733     3.120977     3.224984
    2.606814     3.959733     3.120977
    1.911299     2.606814     3.959733
    1.982235     1.911299     2.606814
    2.366324     1.982235     1.911299
    2.679636     2.366324     1.982235
    1.366367     2.679636     2.366324
    1.857815     1.366367     2.679636
    1.467708     1.857815     1.366367
    1.954738     1.467708     1.857815
    4.920915     1.954738     1.467708
    3.036091     4.920915     1.954738
    3.689450     3.036091     4.920915
    3.492744     3.689450     3.036091
    2.643529     3.492744     3.689450
    4.852965     2.643529     3.492744
    5.955746     4.852965     2.643529
    4.526466     5.955746     4.852965
    4.116631     4.526466     5.955746
    2.786216     4.116631     4.526466
    2.777820     2.786216     4.116631
    3.870275     2.777820     2.786216
    2.110456     3.870275     2.777820
    3.045654     2.110456     3.870275
    2.832803     3.045654     2.110456
    3.387242     2.832803     3.045654
    3.261743     3.387242     2.832803
    3.848478     3.261743     3.387242
    4.474108     3.848478     3.261743
    3.321400     4.474108     3.848478
    4.886780     3.321400     4.474108
    3.119466     4.886780     3.321400
    1.769476     3.119466     4.886780
    1.418216     1.769476     3.119466
    1.720497     1.418216     1.769476
    1.404490     1.720497     1.418216
    3.580882     1.404490     1.720497
    2.658770     3.580882     1.404490
    2.391279     2.658770     3.580882
    3.219990     2.391279     2.658770
    2.496310     3.219990     2.391279
    2.375512     2.496310     3.219990
    2.209857     2.375512     2.496310
    3.493894     2.209857     2.375512
    4.544502     3.493894     2.209857
    4.795728     4.544502     3.493894
    4.679871     4.795728     4.544502
    4.082817     4.679871     4.795728
    4.402689     4.082817     4.679871
    3.535813     4.402689     4.082817
    3.432427     3.535813     4.402689
    2.833353     3.432427     3.535813
