    4.614204     4.227455     3.810149
    5.483321     4.614204     4.227455
    6.865352     5.483321     4.614204
    6.451723     6.865352     5.483321
    4.842480     6.451723     6.865352
    6.074333     4.842480     6.451723
    4.040050     6.074333     4.842480
    4.620307     4.040050     6.074333
    3.058061     4.620307     4.040050
    1.457017     3.058061     4.620307
    2.274752     1.457017     3.058061
    2.272534     2.274752     1.457017
    3.205305     2.272534     2.274752
    4.367275     3.205305     2.272534
    5.097009     4.367275     3.205305
    4.616228     5.097009     4.367275
    5.521411     4.616228     5.097009
    4.386125     5.521411     4.616228
    4.649351     4.386125     5.521411
    2.925572     4.649351     4.386125
    2.901812     2.925572     4.649351
    2.439930     2.901812     2.925572
    1.639117     2.439930     2.901812
    1.249182     1.639117     2.439930
    2.319991     1.249182     1.639117
    1.869787     2.319991     1.249182
    2.539050     1.869787     2.319991
    2.614823     2.539050     1.869787
    1.272885     2.614823     2.539050
    1.752974     1.272885     2.614823
    2.947376     1.752974     1.272885
    3.736202     2.947376     1.752974
    3.402894     3.736202     2.947376
    2.596348     3.402894     3.736202
    2.607687     2.596348     3.402894
    2.565251     2.607687     2.596348
    0.673344     2.565251     2.607687
    3.562357     0.673344     2.565251
    1.779342     3.562357     0.673344
    2.700486     1.779342     3.562357
    3.191672     2.700486     1.779342
    2.588967     3.191672     2.700486
    1.488070     2.588967     3.191672
    1.747454     1.488070     2.588967
    1.762253     1.747454     1.488070
    2.575406     1.762253     1.747454
    2.474350     2.575406     1.762253
    2.455630     2.474350     2.575406
   -0.078530     2.455630     2.474350
    1.275844    -0.078530     2.455630
   -0.972727     1.275844    -0.078530
    1.568096    -0.972727     1.275844
    2.882408     1.568096    -0.972727
    1.612306     2.882408     1.568096
    2.639806     1.612306     2.882408
    2.740282     2.639806     1.612306
    2.096063     2.740282     2.639806
    3.146889     2.096063     2.740282
    2.653112     3.146889     2.096063
    2.406626     2.653112     3.146889
    1.389123     2.406626     2.653112
    1.142134     1.389123     2.406626
    1.360406     1.142134     1.389123
    0.729144     1.360406     1.142134
    2.026642     0.729144     1.360406
    2.471301     2.026642     0.729144
    0.371691     2.471301     2.026642
    1.399102     0.371691     2.471301
    1.624484     1.399102     0.371691
    2.033084     1.624484     1.399102
    2.431665     2.033084     1.624484
    1.900247     2.431665     2.033084
    2.017603     1.900247     2.431665
    1.939382     2.017603     1.900247
    1.510418     1.939382     2.017603
    1.301581     1.510418     1.939382
    0.365616     1.301581     1.510418
    1.621410     0.365616     1.301581
    2.082117     1.621410     0.365616
    1.999483     2.082117     1.621410
    2.366436     1.999483     2.082117
    2.679176     2.366436     1.999483
    3.389879     2.679176     2.366436
    2.723375     3.389879     2.679176
    3.364276     2.723375     3.389879
    3.439558     3.364276     2.723375
    3.221263     3.439558     3.364276
    4.821870     3.221263     3.439558
    5.062094     4.821870     3.221263
    4.212709     5.062094     4.821870
    3.678095     4.212709     5.062094
    2.526048     3.678095     4.212709
    3.585791     2.526048     3.678095
    3.407857     3.585791     2.526048
    2.668890     3.407857     3.585791
    2.519876     2.668890     3.407857
    3.301001     2.519876     2.668890
    3.310183     3.301001     2.519876
    2.120674     3.310183     3.301001
    2.300859     2.120674     3.310183
    2.670619     2.300859     2.120674
    2.772936     2.670619     2.300859
    2.479543     2.772936     2.670619
    2.261151     2.479543     2.772936
    1.119936     2.261151     2.479543
    3.292585     1.119936     2.261151
    1.784054     3.292585     1.119936
    2.630457     1.784054     3.292585
    3.226236     2.630457     1.784054
    3.272789     3.226236     2.630457
    4.721958     3.272789     3.226236
    3.301306     4.721958     3.272789
    4.982090     3.301306     4.721958
    3.049751     4.982090     3.301306
    3.300521     3.049751     4.982090
    3.410000     3.300521     3.049751
    2.742000     3.410000     3.300521
    3.333318     2.742000     3.410000
    3.889925     3.333318     2.742000
    3.538500     3.889925     3.333318
    3.940647     3.538500     3.889925
    2.925519     3.940647     3.538500
    1.936755     2.925519     3.940647
    2.529206     1.936755     2.925519
    2.627289     2.529206     1.936755
    2.405511     2.627289     2.529206
    1.414880     2.405511     2.627289
    2.901534     1.414880     2.405511
    2.978085     2.901534     1.414880
    3.043440     2.978085     2.901534
    3.322295     3.043440     2.978085
    3.376219     3.322295     3.043440
    5.115481     3.376219     3.322295
    2.289618     5.115481     3.376219
    3.086979     2.289618     5.115481
    2.592224     3.086979     2.289618
    2.620597     2.592224     3.086979
    2.818563     2.620597     2.592224
    1.997285     2.818563     2.620597
    0.514368     1.997285     2.818563
    2.669280     0.514368     1.997285
    2.693435     2.669280     0.514368
    3.263403     2.693435     2.669280
    3.937574     3.263403     2.693435
    4.356510     3.937574     3.263403
    5.054631     4.356510     3.937574
    6.670971     5.054631     4.356510
    5.722607     6.670971     5.054631
    5.100160     5.722607     6.670971
    4.545227     5.100160     5.722607
    4.409351     4.545227     5.100160
    3.126904     4.409351     4.545227
    3.329618     3.126904     4.409351
    3.793666     3.329618     3.126904
    3.490647     3.793666     3.329618
    3.514369     3.490647     3.793666
    3.186532     3.514369     3.490647
    2.578536     3.186532     3.514369
    1.590203     2.578536     3.186532
    3.411904     1.590203     2.578536
    1.444446     3.411904     1.590203
    1.069592     1.444446     3.411904
    3.445560     1.069592     1.444446
    4.449035     3.445560     1.069592
    4.369186     4.449035     3.445560
    3.829222     4.369186     4.449035
    2.672012     3.829222     4.369186
    0.961910     2.672012     3.829222
    1.655554     0.961910     2.672012
    3.000169     1.655554     0.961910
    4.686006     3.000169     1.655554
    4.677195     4.686006     3.000169
    3.048317     4.677195     4.686006
    4.022498     3.048317     4.677195
    3.991366     4.022498     3.048317
    2.631884     3.991366     4.022498
    3.765697     2.631884     3.991366
    3.937876     3.765697     2.631884
    4.197902     3.937876     3.765697
    4.597470     4.197902     3.937876
    4.469553     4.597470     4.197902
    4.631792     4.469553     4.597470
    4.675611     4.631792     4.469553
    3.925882     4.675611     4.631792
    2.445213     3.925882     4.675611
    4.226175     2.445213     3.925882
    3.535303     4.226175     2.445213
    2.849800     3.535303     4.226175
    3.925184     2.849800     3.535303
    3.664066     3.925184     2.849800
    3.278982     3.664066     3.925184
    2.795323     3.278982     3.664066
    2.907916     2.795323     3.278982
    3.410422     2.907916     2.795323
    3.017638     3.410422     2.907916
    2.451352     3.017638     3.410422
    2.714774     2.451352     3.017638
    3.077219     2.714774     2.451352
    2.829863     3.077219     2.714774
    2.470519     2.829863     3.077219
    2.537504     2.470519     2.829863
    3.339651     2.537504     2.470519
    3.191718     3.339651     2.537504
    3.832845     3.191718     3.339651
    3.742842     3.832845     3.191718
    4.722508     3.742842     3.832845
    4.812642     4.722508     3.742842
    6.512983     4.812642     4.722508
    2.796686     6.512983     4.812642
    3.537261     2.796686     6.512983
    4.284597     3.537261     2.796686
    4.148393     4.284597     3.537261
    4.053094     4.148393     4.284597
    2.664253     4.053094     4.148393
    2.190036     2.664253     4.053094
    0.679972     2.190036     2.664253
    1.986268     0.679972     2.190036
    4.487750     1.986268     0.679972
    3.147888     4.487750     1.986268
    5.103783     3.147888     4.487750
    3.462766     5.103783     3.147888
    4.554612     3.462766     5.103783
    4.485035     4.554612     3.462766
    3.296572     4.485035     4.554612
    2.644726     3.296572     4.485035
    2.830661     2.644726     3.296572
    2.973752     2.830661     2.644726
    5.067107     2.973752     2.830661
    4.323618     5.067107     2.973752
    2.877829     4.323618     5.067107
    2.310725     2.877829     4.323618
    1.188792     2.310725     2.877829
    0.797442     1.188792     2.310725
    0.957607     0.797442     1.188792
    0.932513     0.957607     0.797442
    1.087804     0.932513     0.957607
    2.324069     1.087804     0.932513
    2.291805     2.324069     1.087804
    1.841614     2.291805     2.324069
    2.856763     1.841614     2.291805
    1.821834     2.856763     1.841614
    3.609169     1.821834     2.856763
    3.906485     3.609169     1.821834
    3.739988     3.906485     3.609169
    2.145551     3.739988     3.906485
    3.428505     2.145551     3.739988
    2.747639     3.428505     2.145551
    3.555027     2.747639     3.428505
    2.699946     3.555027     2.747639
    2.308294     2.699946     3.555027
    2.706463     2.308294     2.699946
    3.759633     2.706463     2.308294
    3.285381     3.759633     2.706463
    2.471123     3.285381     3.759633
    1.665793     2.471123     3.285381
    4.924924     1.665793     2.471123
    4.910743     4.924924     1.665793
    4.008950     4.910743     4.924924
    4.251594     4.008950     4.910743
    4.070138     4.251594     4.008950
    3.702871     4.070138     4.251594
    3.911959     3.702871     4.070138
    3.075105     3.911959     3.702871
    2.928115     3.075105     3.911959
    2.435265     2.928115     3.075105
    2.138548     2.435265     2.928115
    1.686934     2.138548     2.435265
    2.219241     1.686934     2.138548
    2.265787     2.219241     1.686934
    2.446552     2.265787     2.219241
    2.159753     2.446552     2.265787
    2.690563     2.159753     2.446552
    4.244287     2.690563     2.159753
    3.231279     4.244287     2.690563
    4.896174     3.231279     4.244287
    7.472136     4.896174     3.231279
    6.326413     7.472136     4.896174
    6.713439     6.326413     7.472136
    6.191279     6.713439     6.326413
    4.095868     6.191279     6.713439
    3.828276     4.095868     6.191279
    4.684141     3.828276     4.095868
    4.130872     4.684141     3.828276
    5.512763     4.130872     4.684141
    5.112312     5.512763     4.130872
    5.297061     5.112312     5.512763
    5.790066     5.297061     5.112312
    5.057166     5.790066     5.297061
    4.237924     5.057166     5.790066
    2.792193     4.237924     5.057166
    2.899379     2.792193     4.237924
    3.138058     2.899379     2.792193
    2.923890     3.138058     2.899379
    2.555665     2.923890     3.138058
    2.808134     2.555665     2.923890
    2.890354     2.808134     2.555665
    2.461370     2.890354     2.808134
    2.381195     2.461370     2.890354
    3.220608     2.381195     2.461370
    3.212114     3.220608     2.381195
    3.741211     3.212114     3.220608
    3.391995     3.741211     3.212114
    3.026631     3.391995     3.741211
    3.765986     3.026631     3.391995
    4.183009     3.765986     3.026631
    5.418977     4.183009     3.765986
    5.137612     5.418977     4.183009
    4.336101     5.137612     5.418977
    3.820984     4.336101     5.137612
    4.002065     3.820984     4.336101
    2.034695     4.002065     3.820984
    1.759292     2.034695     4.002065
    1.659246     1.759292     2.034695
    3.679872     1.659246     1.759292
    4.350238     3.679872     1.659246
    3.962891     4.350238     3.679872
    1.517765     3.962891     4.350238
    2.471947     1.517765     3.962891
    4.285761     2.471947     1.517765
    3.881281     4.285761     2.471947
    3.010696     3.881281     4.285761
    3.467634     3.010696     3.881281
    2.999970     3.467634     3.010696
    3.662876     2.999970     3.467634
    3.303021     3.662876     2.999970
    4.145994     3.303021     3.662876
    4.675643     4.145994     3.303021
    3.835660     4.675643     4.145994
    4.628001     3.835660     4.675643
    5.212566     4.628001     3.835660
    3.725003     5.212566     4.628001
    4.906902     3.725003     5.212566
    4.318876     4.906902     3.725003
    3.079685     4.318876     4.906902
    3.242042     3.079685     4.318876
    3.840728     3.242042     3.079685
    2.915891     3.840728     3.242042
    4.522238     2.915891     3.840728
    4.771579     4.522238     2.915891
    5.739266     4.771579     4.522238
    4.567146     5.739266     4.771579
    3.213869     4.567146     5.739266
    5.214038     3.213869     4.567146
    3.217848     5.214038     3.213869
    2.986640     3.217848     5.214038
    1.958589     2.986640     3.217848
   -0.688403     1.958589     2.986640
    1.193811    -0.688403     1.958589
    0.881813     1.193811    -0.688403
    2.655720     0.881813     1.193811
    2.334314     2.655720     0.881813
    2.544611     2.334314     2.655720
    3.098139     2.544611     2.334314
    3.182204     3.098139     2.544611
    3.491128     3.182204     3.098139
    4.478396     3.491128     3.182204
    4.304198     4.478396     3.491128
    2.207608     4.304198     4.478396
    1.649749     2.207608     4.304198
    1.656381     1.649749     2.207608
    2.634010     1.656381     1.649749
    3.135547     2.634010     1.656381
    1.270451     3.135547     2.634010
   -0.360055     1.270451     3.135547
   -0.251970    -0.360055     1.270451
    0.294637    -0.251970    -0.360055
    0.939369     0.294637    -0.251970
    1.154031     0.939369     0.294637
    1.267238     1.154031     0.939369
    1.579761     1.267238     1.154031
    1.058801     1.579761     1.267238
    1.701819     1.058801     1.579761
    0.392675     1.701819     1.058801
    0.806529     0.392675     1.701819
    0.823673     0.806529     0.392675
    1.706375     0.823673     0.806529
    2.057856     1.706375     0.823673
    2.764535     2.057856     1.706375
    3.771088     2.764535     2.057856
    1.985788     3.771088     2.764535
    3.247145     1.985788     3.771088
    3.719466     3.247145     1.985788
    3.293703     3.719466     3.247145
    4.373949     3.293703     3.719466
    3.525574     4.373949     3.293703
    3.631941     3.525574     4.373949
    4.345830     3.631941     3.525574
    3.048760     4.345830     3.631941
    3.525586     3.048760     4.345830
    3.490601     3.525586     3.048760
    3.808766     3.490601     3.525586
    3.867640     3.808766     3.490601
    4.035868     3.867640     3.808766
    2.959045     4.035868     3.867640
    4.131285     2.959045     4.035868
    5.761935     4.131285     2.959045
    4.752497     5.761935     4.131285
    4.431017     4.752497     5.761935
    4.233195     4.431017     4.752497
    5.034757     4.233195     4.431017
    4.172867     5.034757     4.233195
    4.579546     4.172867     5.034757
    3.378667     4.579546     4.172867
    3.626068     3.378667     4.579546
    3.270039     3.626068     3.378667
    2.584268     3.270039     3.626068
    1.642382     2.584268     3.270039
    2.328451     1.642382     2.584268
    1.896246     2.328451     1.642382
    0.966128     1.896246     2.328451
    2.104764     0.966128     1.896246
    4.400216     2.104764     0.966128
    2.736776     4.400216     2.104764
    3.623360     2.736776     4.400216
    3.579625     3.623360     2.736776
    5.329368     3.579625     3.623360
    4.461006     5.329368     3.579625
    4.068271     4.461006     5.329368
    2.382020     4.068271     4.461006
    3.375850     2.382020     4.068271
    2.723181     3.375850     2.382020
    4.601920     2.723181     3.375850
    4.247578     4.601920     2.723181
    5.313856     4.247578     4.601920
    5.021515     5.313856     4.247578
    4.784358     5.021515     5.313856
    2.568938     4.784358     5.021515
    2.061029     2.568938     4.784358
    3.143085     2.061029     2.568938
    5.064956     3.143085     2.061029
    4.189761     5.064956     3.143085
    3.499353     4.189761     5.064956
    2.443059     3.499353     4.189761
    2.366290     2.443059     3.499353
    3.848109     2.366290     2.443059
    3.449672     3.848109     2.366290
    2.116383     3.449672     3.848109
    2.625015     2.116383     3.449672
    3.308950     2.625015     2.116383
    4.755439     3.308950     2.625015
    3.316016     4.755439     3.308950
    3.517334     3.316016     4.755439
    2.803393     3.517334     3.316016
    1.285792     2.803393     3.517334
    2.403269     1.285792     2.803393
    3.778367     2.403269     1.285792
    2.938431     3.778367     2.403269
    2.513832     2.938431     3.778367
    2.610271     2.513832     2.938431
    2.383975     2.610271     2.513832
    2.167083     2.383975     2.610271
    3.121324     2.167083     2.383975
    3.815179     3.121324     2.167083
    3.946975     3.815179     3.121324
    4.099507     3.946975     3.815179
    3.102088     4.099507     3.946975
    0.412638     3.102088     4.099507
    1.588848     0.412638     3.102088
    2.793308     1.588848     0.412638
    5.204954     2.793308     1.588848
    3.329073     5.204954     2.793308
    3.257716     3.329073     5.204954
    3.837656     3.257716     3.329073
    2.973490     3.837656     3.257716
    3.660175     2.973490     3.837656
    3.650084     3.660175     2.973490
    4.030702     3.650084     3.660175
    3.691813     4.030702     3.650084
    3.603714     3.691813     4.030702
    3.815067     3.603714     3.691813
    3.494864     3.815067     3.603714
    3.260091     3.494864     3.815067
    3.938516     3.260091     3.494864
    4.698289     3.938516     3.260091
    4.283389     4.698289     3.938516
    3.902890     4.283389     4.698289
    3.286636     3.902890     4.283389
    2.305667     3.286636     3.902890
    2.863768     2.305667     3.286636
    2.942317     2.863768     2.305667
    3.594032     2.942317     2.863768
    2.278857     3.594032     2.942317
    4.094771     2.278857     3.594032
    3.580753     4.094771     2.278857
    4.268745     3.580753     4.094771
    3.631457     4.268745     3.580753
    3.626600     3.631457     4.268745
    3.232508     3.626600     3.631457
    4.886180     3.232508     3.626600
    4.939409     4.886180     3.232508
    4.512768     4.939409     4.886180
    5.428253     4.512768     4.939409
    4.089429     5.428253     4.512768
    4.869612     4.089429     5.428253
    4.347563     4.869612     4.089429
    3.793643     4.347563     4.869612
    3.384370     3.793643     4.347563
    2.809386     3.384370     3.793643
    2.614061     2.809386     3.384370
    3.281673     2.614061     2.809386
