    1.793583     2.965875     1.826645
    0.620399     1.793583     2.965875
    0.995422     0.620399     1.793583
   -1.162232     0.995422     0.620399
    0.616701    -1.162232     0.995422
    2.251746     0.616701    -1.162232
    1.670635     2.251746     0.616701
    2.005028     1.670635     2.251746
    2.816002     2.005028     1.670635
    2.555183     2.816002     2.005028
    1.803613     2.555183     2.816002
    2.254524     1.803613     2.555183
    3.354858     2.254524     1.803613
    3.792133     3.354858     2.254524
    4.746673     3.792133     3.354858
    3.924347     4.746673     3.792133
    3.398791     3.924347     4.746673
    3.166050     3.398791     3.924347
    4.509774     3.166050     3.398791
    3.716610     4.509774     3.166050
    2.103541     3.716610     4.509774
    4.025876     2.103541     3.716610
    3.122300     4.025876     2.103541
    3.428987     3.122300     4.025876
    4.049609     3.428987     3.122300
    3.143092     4.049609     3.428987
    2.360275     3.143092     4.049609
    1.647872     2.360275     3.143092
    2.502480     1.647872     2.360275
    2.747291     2.502480     1.647872
    3.321852     2.747291     2.502480
    4.186745     3.321852     2.747291
    1.391638     4.186745     3.321852
    3.477018     1.391638     4.186745
    3.962731     3.477018     1.391638
    3.811504     3.962731     3.477018
    4.142940     3.811504     3.962731
    3.977163     4.142940     3.811504
    4.939795     3.977163     4.142940
    3.726194     4.939795     3.977163
    5.783979     3.726194     4.939795
    3.569264     5.783979     3.726194
    4.021056     3.569264     5.783979
    4.174564     4.021056     3.569264
    4.725319     4.174564     4.021056
    6.792018     4.725319     4.174564
    4.011945     6.792018     4.725319
    4.508796     4.011945     6.792018
    4.768227     4.508796     4.011945
    3.705398     4.768227     4.508796
    3.058385     3.705398     4.768227
    3.419258     3.058385     3.705398
    3.889394     3.419258     3.058385
    4.274781     3.889394     3.419258
    4.109553     4.274781     3.889394
    3.230521     4.109553     4.274781
    4.842257     3.230521     4.109553
    6.108377     4.842257     3.230521
    6.043186     6.108377     4.842257
    6.586028     6.043186     6.108377
    4.774796     6.586028     6.043186
    3.401949     4.774796     6.586028
    4.673319     3.401949     4.774796
    4.805854     4.673319     3.401949
    5.000505     4.805854     4.673319
    5.398775     5.000505     4.805854
    4.295768     5.398775     5.000505
    2.520405     4.295768     5.398775
    1.822028     2.520405     4.295768
    2.553823     1.822028     2.520405
    2.596472     2.553823     1.822028
    3.970416     2.596472     2.553823
    3.372289     3.970416     2.596472
    3.661174     3.372289     3.970416
    1.000278     3.661174     3.372289
    2.138818     1.000278     3.661174
    1.032133     2.138818     1.000278
    0.905134     1.032133     2.138818
    1.553722     0.905134     1.032133
    0.598359     1.553722     0.905134
    0.665823     0.598359     1.553722
    2.812094     0.665823     0.598359
    3.177581     2.812094     0.665823
    3.844708     3.177581     2.812094
    4.419554     3.844708     3.177581
    4.092992     4.419554     3.844708
    3.433751     4.092992     4.419554
    2.971915     3.433751     4.092992
    2.954262     2.971915     3.433751
    1.973410     2.954262     2.971915
    1.934604     1.973410     2.954262
    1.980695     1.934604     1.973410
    3.965169     1.980695     1.934604
    2.871348     3.965169     1.980695
    0.916396     2.871348     3.965169
    1.595444     0.916396     2.871348
    1.785532     1.595444     0.916396
    0.592609     1.785532     1.595444
    1.057952     0.592609     1.785532
    1.328349     1.057952     0.592609
    4.134105     1.328349     1.057952
    2.436846     4.134105     1.328349
    0.888679     2.436846     4.134105
    2.777009     0.888679     2.436846
    3.450424     2.777009     0.888679
    2.398018     3.450424     2.777009
    3.723673     2.398018     3.450424
    3.280758     3.723673     2.398018
    3.204706     3.280758     3.723673
    3.676072     3.204706     3.280758
    3.070610     3.676072     3.204706
    1.456770     3.070610     3.676072
    2.292421     1.456770     3.070610
    3.464539     2.292421     1.456770
    5.282553     3.464539     2.292421
    5.867793     5.282553     3.464539
    4.835518     5.867793     5.282553
    5.848246     4.835518     5.867793
    5.280531     5.848246     4.835518
    5.149829     5.280531     5.848246
    3.419012     5.149829     5.280531
    3.796501     3.419012     5.149829
    2.607776     3.796501     3.419012
    2.897019     2.607776     3.796501
    1.530480     2.897019     2.607776
    2.480597     1.530480     2.897019
    2.787885     2.480597     1.530480
    2.728623     2.787885     2.480597
    2.693357     2.728623     2.787885
    2.651545     2.693357     2.728623
    3.295023     2.651545     2.693357
    2.682087     3.295023     2.651545
    3.473932     2.682087     3.295023
    4.814258     3.473932     2.682087
    3.721930     4.814258     3.473932
    4.932308     3.721930     4.814258
    4.289945     4.932308     3.721930
    5.395445     4.289945     4.932308
    4.492130     5.395445     4.289945
    5.951942     4.492130     5.395445
    2.060901     5.951942     4.492130
    2.068955     2.060901     5.951942
    2.619591     2.068955     2.060901
    3.068147     2.619591     2.068955
    3.575863     3.068147     2.619591
    4.453854     3.575863     3.068147
    3.986087     4.453854     3.575863
    4.986091     3.986087     4.453854
    2.276833     4.986091     3.986087
    2.912248     2.276833     4.986091
    3.055190     2.912248     2.276833
    3.460482     3.055190     2.912248
    2.601390     3.460482     3.055190
    2.639182     2.601390     3.460482
    5.387244     2.639182     2.601390
    5.674098     5.387244     2.639182
    6.114892     5.674098     5.387244
    5.128172     6.114892     5.674098
    7.354015     5.128172     6.114892
    7.439438     7.354015     5.128172
    6.171082     7.439438     7.354015
    5.633580     6.171082     7.439438
    4.384926     5.633580     6.171082
    5.411263     4.384926     5.633580
    4.328611     5.411263     4.384926
    5.969032     4.328611     5.411263
    4.540775     5.969032     4.328611
    4.408117     4.540775     5.969032
    4.200403     4.408117     4.540775
    7.504686     4.200403     4.408117
    6.760194     7.504686     4.200403
    4.519436     6.760194     7.504686
    4.377498     4.519436     6.760194
    3.663485     4.377498     4.519436
    4.379781     3.663485     4.377498
    5.749131     4.379781     3.663485
    7.222007     5.749131     4.379781
    5.600811     7.222007     5.749131
    5.013819     5.600811     7.222007
    5.271159     5.013819     5.600811
    2.762380     5.271159     5.013819
    3.508848     2.762380     5.271159
    5.000205     3.508848     2.762380
    3.771916     5.000205     3.508848
    4.615159     3.771916     5.000205
    4.406049     4.615159     3.771916
    4.792404     4.406049     4.615159
    4.689739     4.792404     4.406049
    2.983486     4.689739     4.792404
    3.331069     2.983486     4.689739
    4.255253     3.331069     2.983486
    5.494346     4.255253     3.331069
    5.274326     5.494346     4.255253
    5.326097     5.274326     5.494346
    5.252155     5.326097     5.274326
    5.235105     5.252155     5.326097
    4.794557     5.235105     5.252155
    5.776240     4.794557     5.235105
    6.388787     5.776240     4.794557
    7.004874     6.388787     5.776240
    6.451150     7.004874     6.388787
    4.477852     6.451150     7.004874
    3.027024     4.477852     6.451150
    2.972368     3.027024     4.477852
    1.609424     2.972368     3.027024
    1.766284     1.609424     2.972368
    3.099442     1.766284     1.609424
    2.344274     3.099442     1.766284
    3.337381     2.344274     3.099442
    3.001632     3.337381     2.344274
    4.622474     3.001632     3.337381
    4.547951     4.622474     3.001632
    3.118944     4.547951     4.622474
    3.471599     3.118944     4.547951
    2.822328     3.471599     3.118944
    3.916246     2.822328     3.471599
    3.142093     3.916246     2.822328
    4.191660     3.142093     3.916246
    4.645902     4.191660     3.142093
    4.551676     4.645902     4.191660
    2.234182     4.551676     4.645902
    2.947149     2.234182     4.551676
    3.741966     2.947149     2.234182
    3.945877     3.741966     2.947149
    3.761173     3.945877     3.741966
    2.990767     3.761173     3.945877
    2.877737     2.990767     3.761173
    3.228931     2.877737     2.990767
    4.101859     3.228931     2.877737
    2.754035     4.101859     3.228931
    4.258258     2.754035     4.101859
    4.448727     4.258258     2.754035
    3.497437     4.448727     4.258258
    3.719601     3.497437     4.448727
    0.497881     3.719601     3.497437
    2.063839     0.497881     3.719601
    1.742732     2.063839     0.497881
    2.630913     1.742732     2.063839
    3.110743     2.630913     1.742732
    4.763490     3.110743     2.630913
    2.963029     4.763490     3.110743
    3.805434     2.963029     4.763490
    3.155334     3.805434     2.963029
    2.589898     3.155334     3.805434
    2.967420     2.589898     3.155334
    1.984036     2.967420     2.589898
    1.854075     1.984036     2.967420
    1.950565     1.854075     1.984036
    1.424851     1.950565     1.854075
    2.329662     1.424851     1.950565
    2.833101     2.329662     1.424851
    2.606525     2.833101     2.329662
    1.848053     2.606525     2.833101
    2.768570     1.848053     2.606525
    3.139321     2.768570     1.848053
    3.043802     3.139321     2.768570
    3.471327     3.043802     3.139321
    3.179424     3.471327     3.043802
    1.481953     3.179424     3.471327
    3.190377     1.481953     3.179424
    3.896059     3.190377     1.481953
    3.253371     3.896059     3.190377
    0.666292     3.253371     3.896059
    2.583399     0.666292     3.253371
    4.335176     2.583399     0.666292
    3.641163     4.335176     2.583399
    6.307589     3.641163     4.335176
    4.010188     6.307589     3.641163
    2.612968     4.010188     6.307589
    3.075200     2.612968     4.010188
    3.244434     3.075200     2.612968
    4.474714     3.244434     3.075200
    4.693160     4.474714     3.244434
    4.592701     4.693160     4.474714
    5.703717     4.592701     4.693160
    5.331351     5.703717     4.592701
    3.499686     5.331351     5.703717
    3.929179     3.499686     5.331351
    3.860508     3.929179     3.499686
    4.911203     3.860508     3.929179
    4.248353     4.911203     3.860508
    5.155658     4.248353     4.911203
    4.494641     5.155658     4.248353
    5.552235     4.494641     5.155658
    3.231273     5.552235     4.494641
    4.113321     3.231273     5.552235
    3.276990     4.113321     3.231273
    4.665805     3.276990     4.113321
    3.224105     4.665805     3.276990
    4.614061     3.224105     4.665805
    2.617855     4.614061     3.224105
    2.837058     2.617855     4.614061
    2.158710     2.837058     2.617855
    0.408987     2.158710     2.837058
    0.533053     0.408987     2.158710
    1.220503     0.533053     0.408987
    2.880142     1.220503     0.533053
    2.236853     2.880142     1.220503
    2.320472     2.236853     2.880142
    2.404163     2.320472     2.236853
    3.971023     2.404163     2.320472
    4.767450     3.971023     2.404163
    2.711075     4.767450     3.971023
    3.668500     2.711075     4.767450
    2.831035     3.668500     2.711075
    3.280138     2.831035     3.668500
    2.890573     3.280138     2.831035
    4.374334     2.890573     3.280138
    3.916645     4.374334     2.890573
    3.197830     3.916645     4.374334
    3.681968     3.197830     3.916645
    3.939227     3.681968     3.197830
    4.493840     3.939227     3.681968
    4.252054     4.493840     3.939227
    4.360738     4.252054     4.493840
    5.095670     4.360738     4.252054
    3.778568     5.095670     4.360738
    3.592037     3.778568     5.095670
    4.337741     3.592037     3.778568
    6.141723     4.337741     3.592037
    3.707734     6.141723     4.337741
    3.427888     3.707734     6.141723
    3.277209     3.427888     3.707734
    3.842576     3.277209     3.427888
    3.989761     3.842576     3.277209
    2.837290     3.989761     3.842576
    1.014675     2.837290     3.989761
    1.041638     1.014675     2.837290
    2.137071     1.041638     1.014675
    2.333784     2.137071     1.041638
    1.033688     2.333784     2.137071
    2.278914     1.033688     2.333784
    0.912021     2.278914     1.033688
    0.058273     0.912021     2.278914
    2.696346     0.058273     0.912021
    2.497729     2.696346     0.058273
    4.003725     2.497729     2.696346
    2.886804     4.003725     2.497729
    4.202359     2.886804     4.003725
    3.781495     4.202359     2.886804
    6.249297     3.781495     4.202359
    4.289174     6.249297     3.781495
    4.603810     4.289174     6.249297
    3.805162     4.603810     4.289174
    4.509332     3.805162     4.603810
    3.423962     4.509332     3.805162
    4.022338     3.423962     4.509332
    0.385243     4.022338     3.423962
    1.121171     0.385243     4.022338
    1.996158     1.121171     0.385243
    1.297635     1.996158     1.121171
    3.615307     1.297635     1.996158
    3.288174     3.615307     1.297635
    2.893205     3.288174     3.615307
    2.384305     2.893205     3.288174
    2.844659     2.384305     2.893205
    3.267423     2.844659     2.384305
    3.258227     3.267423     2.844659
    2.322580     3.258227     3.267423
    1.567588     2.322580     3.258227
    1.728928     1.567588     2.322580
    1.118947     1.728928     1.567588
    2.200152     1.118947     1.728928
    3.095670     2.200152     1.118947
    3.886425     3.095670     2.200152
    3.626194     3.886425     3.095670
    3.713886     3.626194     3.886425
    1.697610     3.713886     3.626194
    2.180728     1.697610     3.713886
    1.545257     2.180728     1.697610
    2.284548     1.545257     2.180728
    4.357391     2.284548     1.545257
    3.054726     4.357391     2.284548
    2.899417     3.054726     4.357391
    4.333772     2.899417     3.054726
    2.478016     4.333772     2.899417
    4.402713     2.478016     4.333772
    1.563135     4.402713     2.478016
    3.203710     1.563135     4.402713
    2.467019     3.203710     1.563135
    2.847552     2.467019     3.203710
    2.518646     2.847552     2.467019
    2.898386     2.518646     2.847552
    3.526448     2.898386     2.518646
    2.590971     3.526448     2.898386
    3.860818     2.590971     3.526448
    2.332027     3.860818     2.590971
    3.649493     2.332027     3.860818
    2.448402     3.649493     2.332027
    2.879054     2.448402     3.649493
    0.810394     2.879054     2.448402
    1.053304     0.810394     2.879054
    1.858112     1.053304     0.810394
    2.281960     1.858112     1.053304
    1.822437     2.281960     1.858112
    1.438858     1.822437     2.281960
    2.045466     1.438858     1.822437
    2.196030     2.045466     1.438858
    2.528129     2.196030     2.045466
    2.437874     2.528129     2.196030
    3.380081     2.437874     2.528129
    3.748635     3.380081     2.437874
    4.458345     3.748635     3.380081
    4.338751     4.458345     3.748635
    5.198281     4.338751     4.458345
    4.438592     5.198281     4.338751
    4.558258     4.438592     5.198281
    4.390115     4.558258     4.438592
    2.584550     4.390115     4.558258
    2.721891     2.584550     4.390115
    4.008846     2.721891     2.584550
    3.765032     4.008846     2.721891
    2.570136     3.765032     4.008846
    3.508267     2.570136     3.765032
    4.071559     3.508267     2.570136
    2.605256     4.071559     3.508267
    1.981642     2.605256     4.071559
    2.332341     1.981642     2.605256
    2.026709     2.332341     1.981642
    3.217598     2.026709     2.332341
    1.588418     3.217598     2.026709
    0.268599     1.588418     3.217598
    2.976715     0.268599     1.588418
    3.469974     2.976715     0.268599
    3.009738     3.469974     2.976715
    2.538290     3.009738     3.469974
    3.640843     2.538290     3.009738
    3.081335     3.640843     2.538290
    3.632042     3.081335     3.640843
    3.605553     3.632042     3.081335
    4.211211     3.605553     3.632042
    2.826496     4.211211     3.605553
    4.312406     2.826496     4.211211
    3.240292     4.312406     2.826496
    4.051729     3.240292     4.312406
    3.507657     4.051729     3.240292
    4.179386     3.507657     4.051729
    2.977116     4.179386     3.507657
    4.782149     2.977116     4.179386
    4.005410     4.782149     2.977116
    3.662748     4.005410     4.782149
    4.343342     3.662748     4.005410
    3.323645     4.343342     3.662748
    5.142245     3.323645     4.343342
    4.106769     5.142245     3.323645
    3.459662     4.106769     5.142245
    4.937618     3.459662     4.106769
    3.480549     4.937618     3.459662
    2.826990     3.480549     4.937618
    4.360186     2.826990     3.480549
    2.491358     4.360186     2.826990
    3.190958     2.491358     4.360186
    3.857992     3.190958     2.491358
    2.862999     3.857992     3.190958
    3.540505     2.862999     3.857992
    3.416388     3.540505     2.862999
    3.602634     3.416388     3.540505
    5.500765     3.602634     3.416388
    4.387140     5.500765     3.602634
    3.383794     4.387140     5.500765
    3.255945     3.383794     4.387140
    3.862017     3.255945     3.383794
    3.983960     3.862017     3.255945
    3.835053     3.983960     3.862017
    2.825356     3.835053     3.983960
    0.963224     2.825356     3.835053
    2.118922     0.963224     2.825356
    2.936383     2.118922     0.963224
    3.039732     2.936383     2.118922
   -0.191404     3.039732     2.936383
    0.279859    -0.191404     3.039732
   -1.099380     0.279859    -0.191404
    2.199577    -1.099380     0.279859
    2.884209     2.199577    -1.099380
    1.812921     2.884209     2.199577
    2.923930     1.812921     2.884209
    3.742630     2.923930     1.812921
    4.689716     3.742630     2.923930
    5.458885     4.689716     3.742630
    4.498976     5.458885     4.689716
    3.161058     4.498976     5.458885
    2.363445     3.161058     4.498976
    2.729885     2.363445     3.161058
    1.993180     2.729885     2.363445
    1.794827     1.993180     2.729885
    1.243860     1.794827     1.993180
    3.132169     1.243860     1.794827
    3.578804     3.132169     1.243860
    3.044594     3.578804     3.132169
    4.935694     3.044594     3.578804
    4.163134     4.935694     3.044594
    3.007644     4.163134     4.935694
    2.618851     3.007644     4.163134
    3.658698     2.618851     3.007644
    3.492650     3.658698     2.618851
    3.326778     3.492650     3.658698
    3.147423     3.326778     3.492650
    2.919489     3.147423     3.326778
    4.239952     2.919489     3.147423
    4.121020     4.239952     2.919489
