    4.808100     4.765015     4.463825
    5.107049     4.808100     4.765015
    4.910302     5.107049     4.808100
    5.124779     4.910302     5.107049
    4.906929     5.124779     4.910302
    4.869657     4.906929     5.124779
    4.453489     4.869657     4.906929
    4.273942     4.453489     4.869657
    3.607143     4.273942     4.453489
    4.617697     3.607143     4.273942
    3.090376     4.617697     3.607143
    1.910763     3.090376     4.617697
    3.727847     1.910763     3.090376
    2.617298     3.727847     1.910763
    1.115229     2.617298     3.727847
    2.501567     1.115229     2.617298
    3.516238     2.501567     1.115229
    1.787575     3.516238     2.501567
    1.371681     1.787575     3.516238
    0.662600     1.371681     1.787575
    0.560661     0.662600     1.371681
    0.684043     0.560661     0.662600
    0.625410     0.684043     0.560661
    1.343664     0.625410     0.684043
    0.627110     1.343664     0.625410
    2.610684     0.627110     1.343664
    1.928900     2.610684     0.627110
    2.267959     1.928900     2.610684
    3.003003     2.267959     1.928900
    2.987607     3.003003     2.267959
    3.917046     2.987607     3.003003
    2.218468     3.917046     2.987607
    2.108201     2.218468     3.917046
    3.878297     2.108201     2.218468
    3.486962     3.878297     2.108201
    4.530896     3.486962     3.878297
    3.185591     4.530896     3.486962
    1.571653     3.185591     4.530896
    2.644258     1.571653     3.185591
    2.463684     2.644258     1.571653
    2.973701     2.463684     2.644258
    2.276560     2.973701     2.463684
    3.146863     2.276560     2.973701
    3.045307     3.146863     2.276560
    3.327403     3.045307     3.146863
    3.236435     3.327403     3.045307
    3.614979     3.236435     3.327403
    4.442165     3.614979     3.236435
    5.011611     4.442165     3.614979
    3.891118     5.011611     4.442165
    3.855262     3.891118     5.011611
    4.811303     3.855262     3.891118
    3.730387     4.811303     3.855262
    6.197949     3.730387     4.811303
    5.978507     6.197949     3.730387
    4.267456     5.978507     6.197949
    5.879415     4.267456     5.978507
    4.963749     5.879415     4.267456
    4.056991     4.963749     5.879415
    3.642396     4.056991     4.963749
    2.643296     3.642396     4.056991
    1.375028     2.643296     3.642396
    5.046295     1.375028     2.643296
    3.438707     5.046295     1.375028
    3.332542     3.438707     5.046295
    4.258311     3.332542     3.438707
    4.987412     4.258311     3.332542
    3.284952     4.987412     4.258311
    4.806602     3.284952     4.987412
    3.748041     4.806602     3.284952
    3.397598     3.748041     4.806602
    4.556080     3.397598     3.748041
    1.649426     4.556080     3.397598
    3.117188     1.649426     4.556080
    1.999542     3.117188     1.649426
    4.009626     1.999542     3.117188
    3.169923     4.009626     1.999542
    2.598727     3.169923     4.009626
    1.743000     2.598727     3.169923
    3.196173     1.743000     2.598727
    3.209062     3.196173     1.743000
    4.853512     3.209062     3.196173
    2.531996     4.853512     3.209062
    3.434803     2.531996     4.853512
    4.514899     3.434803     2.531996
    4.365604     4.514899     3.434803
    4.341090     4.365604     4.514899
    4.088150     4.341090     4.365604
    3.346662     4.088150     4.341090
    3.750980     3.346662     4.088150
    3.090375     3.750980     3.346662
    4.073535     3.090375     3.750980
    2.613473     4.073535     3.090375
    2.138131     2.613473     4.073535
    3.394008     2.138131     2.613473
    2.267310     3.394008     2.138131
    4.436328     2.267310     3.394008
    2.955593     4.436328     2.267310
    4.837392     2.955593     4.436328
    3.788967     4.837392     2.955593
    1.374359     3.788967     4.837392
    2.402298     1.374359     3.788967
    2.536128     2.402298     1.374359
    2.804103     2.536128     2.402298
    1.704488     2.804103     2.536128
    2.804109     1.704488     2.804103
    2.520462     2.804109     1.704488
    2.717442     2.520462     2.804109
    3.699511     2.717442     2.520462
    4.467024     3.699511     2.717442
    5.392326     4.467024     3.699511
    4.194276     5.392326     4.467024
    5.920367     4.194276     5.392326
    6.175813     5.920367     4.194276
    4.769429     6.175813     5.920367
    4.546232     4.769429     6.175813
    5.115305     4.546232     4.769429
    4.665783     5.115305     4.546232
    5.422652     4.665783     5.115305
    4.234543     5.422652     4.665783
    4.558930     4.234543     5.422652
    5.331514     4.558930     4.234543
    4.531338     5.331514     4.558930
    4.036986     4.531338     5.331514
    6.995600     4.036986     4.531338
    4.569253     6.995600     4.036986
    4.550437     4.569253     6.995600
    5.101068     4.550437     4.569253
    3.533248     5.101068     4.550437
    4.450356     3.533248     5.101068
    2.793405     4.450356     3.533248
    3.961907     2.793405     4.450356
    2.216229     3.961907     2.793405
    3.925416     2.216229     3.961907
    2.429832     3.925416     2.216229
    2.693270     2.429832     3.925416
    2.818963     2.693270     2.429832
    3.485218     2.818963     2.693270
    2.289082     3.485218     2.818963
    1.152656     2.289082     3.485218
    1.626070     1.152656     2.289082
    1.194821     1.626070     1.152656
    2.532715     1.194821     1.626070
    3.166300     2.532715     1.194821
    2.896752     3.166300     2.532715
    3.367701     2.896752     3.166300
    3.949968     3.367701     2.896752
    4.313232     3.949968     3.367701
    3.243148     4.313232     3.949968
    4.434316     3.243148     4.313232
    5.128252     4.434316     3.243148
    3.976019     5.128252     4.434316
    4.189739     3.976019     5.128252
    3.304030     4.189739     3.976019
    4.205820     3.304030     4.189739
    2.856164     4.205820     3.304030
    6.058584     2.856164     4.205820
    5.465318     6.058584     2.856164
    4.538440     5.465318     6.058584
    4.119060     4.538440     5.465318
    3.466317     4.119060     4.538440
    4.468093     3.466317     4.119060
    4.309556     4.468093     3.466317
    3.588467     4.309556     4.468093
    3.267765     3.588467     4.309556
    3.218884     3.267765     3.588467
    2.142020     3.218884     3.267765
    2.422250     2.142020     3.218884
    2.498101     2.422250     2.142020
    3.407990     2.498101     2.422250
    3.141500     3.407990     2.498101
    1.729961     3.141500     3.407990
    2.231171     1.729961     3.141500
    2.652713     2.231171     1.729961
    3.458801     2.652713     2.231171
    2.126514     3.458801     2.652713
    1.976023     2.126514     3.458801
    3.441383     1.976023     2.126514
    2.379367     3.441383     1.976023
    2.445549     2.379367     3.441383
    3.538654     2.445549     2.379367
    4.105106     3.538654     2.445549
    3.570814     4.105106     3.538654
    2.627721     3.570814     4.105106
    3.563039     2.627721     3.570814
    4.042429     3.563039     2.627721
    3.518717     4.042429     3.563039
    4.719562     3.518717     4.042429
    3.992839     4.719562     3.518717
    2.620302     3.992839     4.719562
    3.332278     2.620302     3.992839
    4.500296     3.332278     2.620302
    3.451728     4.500296     3.332278
    2.565781     3.451728     4.500296
    4.228359     2.565781     3.451728
    6.100129     4.228359     2.565781
    6.001269     6.100129     4.228359
    5.296239     6.001269     6.100129
    4.448703     5.296239     6.001269
    3.400870     4.448703     5.296239
    3.359198     3.400870     4.448703
    4.643805     3.359198     3.400870
    3.109217     4.643805     3.359198
    4.239228     3.109217     4.643805
    4.295466     4.239228     3.109217
    5.262832     4.295466     4.239228
    3.750183     5.262832     4.295466
    2.542679     3.750183     5.262832
    4.939587     2.542679     3.750183
    3.193772     4.939587     2.542679
    3.875682     3.193772     4.939587
    1.850196     3.875682     3.193772
    2.619571     1.850196     3.875682
    3.556717     2.619571     1.850196
    3.893134     3.556717     2.619571
    5.511211     3.893134     3.556717
    3.695751     5.511211     3.893134
    4.413946     3.695751     5.511211
    3.961479     4.413946     3.695751
    4.198414     3.961479     4.413946
    3.526381     4.198414     3.961479
    2.827182     3.526381     4.198414
    4.773356     2.827182     3.526381
    4.223269     4.773356     2.827182
    4.500798     4.223269     4.773356
    3.576023     4.500798     4.223269
    2.967776     3.576023     4.500798
    2.617329     2.967776     3.576023
    5.455713     2.617329     2.967776
    6.492369     5.455713     2.617329
    6.482327     6.492369     5.455713
    5.813184     6.482327     6.492369
    4.352667     5.813184     6.482327
    4.400825     4.352667     5.813184
    4.741520     4.400825     4.352667
    4.048753     4.741520     4.400825
    3.066219     4.048753     4.741520
    1.991638     3.066219     4.048753
    3.206049     1.991638     3.066219
    1.923904     3.206049     1.991638
    2.192591     1.923904     3.206049
    3.054734     2.192591     1.923904
    2.994520     3.054734     2.192591
    4.471951     2.994520     3.054734
    1.460363     4.471951     2.994520
    5.195442     1.460363     4.471951
    2.497924     5.195442     1.460363
    2.743493     2.497924     5.195442
    2.611997     2.743493     2.497924
    2.933902     2.611997     2.743493
    3.761755     2.933902     2.611997
    5.304143     3.761755     2.933902
    5.155745     5.304143     3.761755
    5.559405     5.155745     5.304143
    5.094463     5.559405     5.155745
    6.399331     5.094463     5.559405
    6.118274     6.399331     5.094463
    3.617756     6.118274     6.399331
    4.274638     3.617756     6.118274
    3.762401     4.274638     3.617756
    3.640104     3.762401     4.274638
    2.380965     3.640104     3.762401
    4.379483     2.380965     3.640104
    5.290127     4.379483     2.380965
    2.487813     5.290127     4.379483
    3.651662     2.487813     5.290127
    1.879643     3.651662     2.487813
    2.736876     1.879643     3.651662
    3.789840     2.736876     1.879643
    3.914415     3.789840     2.736876
    2.590429     3.914415     3.789840
    3.160709     2.590429     3.914415
    2.529977     3.160709     2.590429
    1.666006     2.529977     3.160709
    3.342579     1.666006     2.529977
    1.548731     3.342579     1.666006
    0.912219     1.548731     3.342579
    0.868538     0.912219     1.548731
    1.373213     0.868538     0.912219
    0.868700     1.373213     0.868538
    1.038429     0.868700     1.373213
    2.126833     1.038429     0.868700
    2.387732     2.126833     1.038429
    1.708887     2.387732     2.126833
    1.528864     1.708887     2.387732
    1.768447     1.528864     1.708887
    1.469347     1.768447     1.528864
    1.034748     1.469347     1.768447
    2.223648     1.034748     1.469347
    1.440359     2.223648     1.034748
    1.405735     1.440359     2.223648
    0.914988     1.405735     1.440359
    4.039511     0.914988     1.405735
    3.340130     4.039511     0.914988
    3.333788     3.340130     4.039511
    3.925928     3.333788     3.340130
    4.113363     3.925928     3.333788
    3.307799     4.113363     3.925928
    4.678732     3.307799     4.113363
    5.515790     4.678732     3.307799
    3.031163     5.515790     4.678732
    3.592091     3.031163     5.515790
    1.894145     3.592091     3.031163
    3.018678     1.894145     3.592091
    3.478425     3.018678     1.894145
    4.409353     3.478425     3.018678
    4.319110     4.409353     3.478425
    3.561542     4.319110     4.409353
    4.089817     3.561542     4.319110
    5.939655     4.089817     3.561542
    7.066545     5.939655     4.089817
    3.359193     7.066545     5.939655
    5.637291     3.359193     7.066545
    4.134374     5.637291     3.359193
    2.503422     4.134374     5.637291
    1.621005     2.503422     4.134374
    1.357012     1.621005     2.503422
    1.426352     1.357012     1.621005
    2.275530     1.426352     1.357012
    2.408031     2.275530     1.426352
    2.909745     2.408031     2.275530
    2.496343     2.909745     2.408031
    2.258523     2.496343     2.909745
    2.883586     2.258523     2.496343
    4.365061     2.883586     2.258523
    2.977740     4.365061     2.883586
    4.088753     2.977740     4.365061
    4.839687     4.088753     2.977740
    3.093689     4.839687     4.088753
    3.458777     3.093689     4.839687
    3.215239     3.458777     3.093689
    4.954069     3.215239     3.458777
    3.316346     4.954069     3.215239
    3.095770     3.316346     4.954069
    1.910334     3.095770     3.316346
    3.664700     1.910334     3.095770
    3.308224     3.664700     1.910334
    5.031084     3.308224     3.664700
    4.311316     5.031084     3.308224
    4.977267     4.311316     5.031084
    4.694566     4.977267     4.311316
    3.919893     4.694566     4.977267
    4.301580     3.919893     4.694566
    5.148010     4.301580     3.919893
    3.686184     5.148010     4.301580
    2.366312     3.686184     5.148010
    2.665150     2.366312     3.686184
    3.345319     2.665150     2.366312
    1.659921     3.345319     2.665150
    1.919511     1.659921     3.345319
    1.984555     1.919511     1.659921
    3.860973     1.984555     1.919511
    2.669819     3.860973     1.984555
    3.091387     2.669819     3.860973
    3.242313     3.091387     2.669819
    3.629776     3.242313     3.091387
    2.812160     3.629776     3.242313
    4.168020     2.812160     3.629776
    4.527487     4.168020     2.812160
    3.456670     4.527487     4.168020
    4.447000     3.456670     4.527487
    3.207377     4.447000     3.456670
    1.884562     3.207377     4.447000
    2.803992     1.884562     3.207377
    2.594232     2.803992     1.884562
    3.375622     2.594232     2.803992
    2.376069     3.375622     2.594232
    1.297228     2.376069     3.375622
    1.917624     1.297228     2.376069
    2.015534     1.917624     1.297228
    1.894196     2.015534     1.917624
    3.199411     1.894196     2.015534
    1.802262     3.199411     1.894196
    2.350152     1.802262     3.199411
    2.841165     2.350152     1.802262
    2.834580     2.841165     2.350152
    3.977869     2.834580     2.841165
    3.125433     3.977869     2.834580
    4.414510     3.125433     3.977869
    3.103469     4.414510     3.125433
    4.086211     3.103469     4.414510
    1.838885     4.086211     3.103469
    1.606686     1.838885     4.086211
    2.490123     1.606686     1.838885
    2.456492     2.490123     1.606686
    2.373965     2.456492     2.490123
    2.241756     2.373965     2.456492
    2.482573     2.241756     2.373965
    0.281530     2.482573     2.241756
    0.363079     0.281530     2.482573
    1.274119     0.363079     0.281530
    2.530663     1.274119     0.363079
    3.401433     2.530663     1.274119
    3.476038     3.401433     2.530663
    4.926399     3.476038     3.401433
    4.555749     4.926399     3.476038
    5.544798     4.555749     4.926399
    3.529418     5.544798     4.555749
    4.571050     3.529418     5.544798
    4.514700     4.571050     3.529418
    4.516027     4.514700     4.571050
    5.043147     4.516027     4.514700
    5.332952     5.043147     4.516027
    4.375889     5.332952     5.043147
    5.907008     4.375889     5.332952
    3.631873     5.907008     4.375889
    4.118086     3.631873     5.907008
    3.196078     4.118086     3.631873
    3.449999     3.196078     4.118086
    3.218886     3.449999     3.196078
    2.542076     3.218886     3.449999
    2.617660     2.542076     3.218886
    2.913589     2.617660     2.542076
    3.415562     2.913589     2.617660
    4.851593     3.415562     2.913589
    3.813384     4.851593     3.415562
    4.719415     3.813384     4.851593
    4.392607     4.719415     3.813384
    3.278459     4.392607     4.719415
    3.645707     3.278459     4.392607
    3.861700     3.645707     3.278459
    3.495123     3.861700     3.645707
    3.724780     3.495123     3.861700
    3.633136     3.724780     3.495123
    3.788712     3.633136     3.724780
    5.368909     3.788712     3.633136
    3.662765     5.368909     3.788712
    5.091971     3.662765     5.368909
    4.729769     5.091971     3.662765
    4.649200     4.729769     5.091971
    5.259821     4.649200     4.729769
    4.325986     5.259821     4.649200
    4.166419     4.325986     5.259821
    3.999470     4.166419     4.325986
    4.439394     3.999470     4.166419
    3.699411     4.439394     3.999470
    3.946322     3.699411     4.439394
    4.777301     3.946322     3.699411
    5.189373     4.777301     3.946322
    5.915525     5.189373     4.777301
    5.033792     5.915525     5.189373
    4.378934     5.033792     5.915525
    3.013975     4.378934     5.033792
    4.826110     3.013975     4.378934
    4.195644     4.826110     3.013975
    5.664493     4.195644     4.826110
    4.664888     5.664493     4.195644
    3.740765     4.664888     5.664493
    3.191659     3.740765     4.664888
    2.118373     3.191659     3.740765
    1.625530     2.118373     3.191659
    3.321341     1.625530     2.118373
    2.678287     3.321341     1.625530
    2.497572     2.678287     3.321341
    4.992073     2.497572     2.678287
    3.780943     4.992073     2.497572
    4.390047     3.780943     4.992073
    3.413745     4.390047     3.780943
    5.464144     3.413745     4.390047
    6.330753     5.464144     3.413745
    6.201633     6.330753     5.464144
    5.649157     6.201633     6.330753
    4.497571     5.649157     6.201633
    4.310834     4.497571     5.649157
    4.183024     4.310834     4.497571
    3.714121     4.183024     4.310834
    4.369464     3.714121     4.183024
    2.798026     4.369464     3.714121
    3.332207     2.798026     4.369464
    3.407948     3.332207     2.798026
    4.724186     3.407948     3.332207
    4.796968     4.724186     3.407948
    3.669216     4.796968     4.724186
    5.340122     3.669216     4.796968
    4.484783     5.340122     3.669216
    3.339558     4.484783     5.340122
    2.913813     3.339558     4.484783
    3.658739     2.913813     3.339558
    1.632556     3.658739     2.913813
    4.120913     1.632556     3.658739
    4.199366     4.120913     1.632556
    3.086208     4.199366     4.120913
    2.816824     3.086208     4.199366
    3.172329     2.816824     3.086208
    2.610555     3.172329     2.816824
    4.020666     2.610555     3.172329
    4.611969     4.020666     2.610555
    3.021866     4.611969     4.020666
    1.711581     3.021866     4.611969
    3.153910     1.711581     3.021866
    3.175514     3.153910     1.711581
    2.479309     3.175514     3.153910
    3.477484     2.479309     3.175514
    2.401303     3.477484     2.479309
    4.595294     2.401303     3.477484
    3.188446     4.595294     2.401303
    3.017590     3.188446     4.595294
    3.073222     3.017590     3.188446
    2.575704     3.073222     3.017590
    3.457985     2.575704     3.073222
