    2.816196     2.268684     3.147693
    3.062812     2.816196     2.268684
    3.026366     3.062812     2.816196
    4.059943     3.026366     3.062812
    3.147222     4.059943     3.026366
    4.128068     3.147222     4.059943
    3.761247     4.128068     3.147222
    3.074114     3.761247     4.128068
    3.168988     3.074114     3.761247
    3.679378     3.168988     3.074114
    5.623106     3.679378     3.168988
    3.865808     5.623106     3.679378
    4.290928     3.865808     5.623106
    2.824127     4.290928     3.865808
    2.842498     2.824127     4.290928
    1.252662     2.842498     2.824127
    2.711618     1.252662     2.842498
    3.061798     2.711618     1.252662
    1.461982     3.061798     2.711618
    2.540628     1.461982     3.061798
    1.566215     2.540628     1.461982
    2.174815     1.566215     2.540628
    1.675982     2.174815     1.566215
    4.668727     1.675982     2.174815
    5.484475     4.668727     1.675982
    2.856743     5.484475     4.668727
    5.163593     2.856743     5.484475
    2.323376     5.163593     2.856743
    5.885963     2.323376     5.163593
    3.848493     5.885963     2.323376
    2.622571     3.848493     5.885963
    0.972051     2.622571     3.848493
    2.469944     0.972051     2.622571
    2.620700     2.469944     0.972051
    0.482760     2.620700     2.469944
    1.509821     0.482760     2.620700
    1.806112     1.509821     0.482760
    2.833631     1.806112     1.509821
    3.281459     2.833631     1.806112
    2.316481     3.281459     2.833631
    4.225735     2.316481     3.281459
    3.862602     4.225735     2.316481
    3.782702     3.862602     4.225735
    3.967353     3.782702     3.862602
    2.778371     3.967353     3.782702
    2.226109     2.778371     3.967353
    2.742662     2.226109     2.778371
    1.997084     2.742662     2.226109
    3.639840     1.997084     2.742662
    3.472243     3.639840     1.997084
    3.978604     3.472243     3.639840
    1.756356     3.978604     3.472243
    3.296165     1.756356     3.978604
    2.046962     3.296165     1.756356
    2.778951     2.046962     3.296165
    3.676651     2.778951     2.046962
    4.149979     3.676651     2.778951
    4.039546     4.149979     3.676651
    3.322078     4.039546     4.149979
    1.552440     3.322078     4.039546
    3.033357     1.552440     3.322078
    4.505710     3.033357     1.552440
    3.503664     4.505710     3.033357
    3.649127     3.503664     4.505710
    2.492582     3.649127     3.503664
    3.246893     2.492582     3.649127
    2.602791     3.246893     2.492582
    4.391207     2.602791     3.246893
    3.184220     4.391207     2.602791
    2.929868     3.184220     4.391207
    3.992797     2.929868     3.184220
    4.582045     3.992797     2.929868
    5.337660     4.582045     3.992797
    5.376979     5.337660     4.582045
    4.251346     5.376979     5.337660
    6.739013     4.251346     5.376979
    4.236547     6.739013     4.251346
    4.623061     4.236547     6.739013
    3.595918     4.623061     4.236547
    3.805375     3.595918     4.623061
    4.442035     3.805375     3.595918
    3.868584     4.442035     3.805375
    3.007029     3.868584     4.442035
    4.800325     3.007029     3.868584
    3.230284     4.800325     3.007029
    3.353921     3.230284     4.800325
    4.667082     3.353921     3.230284
    3.552640     4.667082     3.353921
    3.442429     3.552640     4.667082
    4.581340     3.442429     3.552640
    4.316472     4.581340     3.442429
    4.268983     4.316472     4.581340
    1.369547     4.268983     4.316472
    1.074357     1.369547     4.268983
    1.879593     1.074357     1.369547
    0.795544     1.879593     1.074357
    1.492642     0.795544     1.879593
    2.534215     1.492642     0.795544
    1.538934     2.534215     1.492642
    1.741426     1.538934     2.534215
    1.497415     1.741426     1.538934
   -0.563973     1.497415     1.741426
    0.455903    -0.563973     1.497415
    3.269446     0.455903    -0.563973
    3.348823     3.269446     0.455903
    4.336805     3.348823     3.269446
    4.427261     4.336805     3.348823
    3.099224     4.427261     4.336805
    5.975046     3.099224     4.427261
    5.519532     5.975046     3.099224
    3.802961     5.519532     5.975046
    2.523448     3.802961     5.519532
    2.762479     2.523448     3.802961
    3.328344     2.762479     2.523448
    3.421369     3.328344     2.762479
    5.739057     3.421369     3.328344
    5.840319     5.739057     3.421369
    6.187767     5.840319     5.739057
    8.872182     6.187767     5.840319
    6.373261     8.872182     6.187767
    5.769643     6.373261     8.872182
    5.186888     5.769643     6.373261
    6.041718     5.186888     5.769643
    4.658017     6.041718     5.186888
    4.568949     4.658017     6.041718
    3.743976     4.568949     4.658017
    2.391752     3.743976     4.568949
    3.659441     2.391752     3.743976
    3.815105     3.659441     2.391752
    3.477528     3.815105     3.659441
    2.958563     3.477528     3.815105
    2.230581     2.958563     3.477528
    3.052214     2.230581     2.958563
    2.808989     3.052214     2.230581
    3.736830     2.808989     3.052214
    4.546911     3.736830     2.808989
    4.043450     4.546911     3.736830
    4.578483     4.043450     4.546911
    4.836419     4.578483     4.043450
    3.095632     4.836419     4.578483
    3.861599     3.095632     4.836419
    4.596203     3.861599     3.095632
    4.184252     4.596203     3.861599
    4.030280     4.184252     4.596203
    3.018823     4.030280     4.184252
    3.602027     3.018823     4.030280
    2.019039     3.602027     3.018823
    3.557485     2.019039     3.602027
    2.837896     3.557485     2.019039
    3.470608     2.837896     3.557485
    2.948456     3.470608     2.837896
    4.845023     2.948456     3.470608
    4.095012     4.845023     2.948456
    3.442729     4.095012     4.845023
    3.801190     3.442729     4.095012
    3.058703     3.801190     3.442729
    3.434122     3.058703     3.801190
    2.739976     3.434122     3.058703
    2.060510     2.739976     3.434122
    4.367822     2.060510     2.739976
    1.662885     4.367822     2.060510
    1.541264     1.662885     4.367822
    1.099471     1.541264     1.662885
    0.421435     1.099471     1.541264
    2.016476     0.421435     1.099471
    2.496502     2.016476     0.421435
    2.908127     2.496502     2.016476
    3.167134     2.908127     2.496502
    4.348328     3.167134     2.908127
    3.705167     4.348328     3.167134
    2.376799     3.705167     4.348328
    3.449518     2.376799     3.705167
    3.348589     3.449518     2.376799
    2.353383     3.348589     3.449518
    1.433908     2.353383     3.348589
    0.692409     1.433908     2.353383
    1.114060     0.692409     1.433908
    0.503955     1.114060     0.692409
    0.603860     0.503955     1.114060
    3.131855     0.603860     0.503955
    2.378060     3.131855     0.603860
    1.322879     2.378060     3.131855
    1.189526     1.322879     2.378060
    2.704400     1.189526     1.322879
    3.246801     2.704400     1.189526
    3.173454     3.246801     2.704400
    3.110994     3.173454     3.246801
    2.863579     3.110994     3.173454
    3.187349     2.863579     3.110994
    3.524668     3.187349     2.863579
    3.730183     3.524668     3.187349
    3.874216     3.730183     3.524668
    3.462375     3.874216     3.730183
    3.484601     3.462375     3.874216
    5.517250     3.484601     3.462375
    4.050690     5.517250     3.484601
    4.046110     4.050690     5.517250
    5.522832     4.046110     4.050690
    5.514543     5.522832     4.046110
    5.505350     5.514543     5.522832
    6.139145     5.505350     5.514543
    4.356037     6.139145     5.505350
    4.855847     4.356037     6.139145
    2.266672     4.855847     4.356037
    5.140087     2.266672     4.855847
    4.348029     5.140087     2.266672
    4.617222     4.348029     5.140087
    4.517439     4.617222     4.348029
    5.706352     4.517439     4.617222
    3.498347     5.706352     4.517439
    3.447876     3.498347     5.706352
    4.364057     3.447876     3.498347
    3.989900     4.364057     3.447876
    4.708766     3.989900     4.364057
    4.721338     4.708766     3.989900
    3.911910     4.721338     4.708766
    3.908732     3.911910     4.721338
    4.283820     3.908732     3.911910
    2.364750     4.283820     3.908732
    2.837502     2.364750     4.283820
    3.715092     2.837502     2.364750
    6.188693     3.715092     2.837502
    5.356495     6.188693     3.715092
    6.574461     5.356495     6.188693
    4.224454     6.574461     5.356495
    4.085763     4.224454     6.574461
    3.642101     4.085763     4.224454
    3.024532     3.642101     4.085763
    3.398523     3.024532     3.642101
    1.996189     3.398523     3.024532
    1.710758     1.996189     3.398523
    2.213712     1.710758     1.996189
    2.756817     2.213712     1.710758
    2.303999     2.756817     2.213712
    3.233636     2.303999     2.756817
    4.859260     3.233636     2.303999
    3.356638     4.859260     3.233636
    3.820596     3.356638     4.859260
    2.616545     3.820596     3.356638
    3.686555     2.616545     3.820596
    1.659275     3.686555     2.616545
    1.797959     1.659275     3.686555
    3.358892     1.797959     1.659275
    4.883572     3.358892     1.797959
    4.834438     4.883572     3.358892
    3.920374     4.834438     4.883572
    4.320819     3.920374     4.834438
    4.681896     4.320819     3.920374
    4.223634     4.681896     4.320819
    3.897570     4.223634     4.681896
    4.209452     3.897570     4.223634
    3.809942     4.209452     3.897570
    3.017814     3.809942     4.209452
    2.902865     3.017814     3.809942
    3.597357     2.902865     3.017814
    3.227628     3.597357     2.902865
    4.057328     3.227628     3.597357
    3.978828     4.057328     3.227628
    4.540485     3.978828     4.057328
    4.976294     4.540485     3.978828
    5.132892     4.976294     4.540485
    4.537446     5.132892     4.976294
    3.704533     4.537446     5.132892
    2.558072     3.704533     4.537446
    4.064940     2.558072     3.704533
    3.629821     4.064940     2.558072
    4.703455     3.629821     4.064940
    1.932647     4.703455     3.629821
    3.080842     1.932647     4.703455
    3.928568     3.080842     1.932647
    2.073603     3.928568     3.080842
    2.644009     2.073603     3.928568
    0.922079     2.644009     2.073603
    2.059036     0.922079     2.644009
    1.034957     2.059036     0.922079
    2.669680     1.034957     2.059036
    1.163369     2.669680     1.034957
    0.753137     1.163369     2.669680
    1.050739     0.753137     1.163369
    2.510970     1.050739     0.753137
    4.522908     2.510970     1.050739
    2.815294     4.522908     2.510970
    3.514600     2.815294     4.522908
    3.871411     3.514600     2.815294
    5.167384     3.871411     3.514600
    3.247648     5.167384     3.871411
    3.418552     3.247648     5.167384
    3.475079     3.418552     3.247648
    2.791675     3.475079     3.418552
    1.777723     2.791675     3.475079
    3.371353     1.777723     2.791675
    3.094605     3.371353     1.777723
    3.566855     3.094605     3.371353
    5.303727     3.566855     3.094605
    3.789288     5.303727     3.566855
    4.017052     3.789288     5.303727
    4.619966     4.017052     3.789288
    3.694029     4.619966     4.017052
    4.129172     3.694029     4.619966
    5.246429     4.129172     3.694029
    5.362738     5.246429     4.129172
    5.090749     5.362738     5.246429
    4.086393     5.090749     5.362738
    5.532773     4.086393     5.090749
    5.451221     5.532773     4.086393
    3.256894     5.451221     5.532773
    3.212723     3.256894     5.451221
    2.106080     3.212723     3.256894
    1.943596     2.106080     3.212723
    3.922171     1.943596     2.106080
    4.717380     3.922171     1.943596
    3.556086     4.717380     3.922171
    3.498219     3.556086     4.717380
    2.712848     3.498219     3.556086
    3.615433     2.712848     3.498219
    1.335038     3.615433     2.712848
    1.706962     1.335038     3.615433
    1.704200     1.706962     1.335038
    2.730590     1.704200     1.706962
    2.818846     2.730590     1.704200
    3.741923     2.818846     2.730590
    0.606084     3.741923     2.818846
    1.709150     0.606084     3.741923
    1.364696     1.709150     0.606084
    0.908457     1.364696     1.709150
    2.487396     0.908457     1.364696
    4.668482     2.487396     0.908457
    3.377148     4.668482     2.487396
    4.068831     3.377148     4.668482
    3.374983     4.068831     3.377148
    2.895602     3.374983     4.068831
    2.435929     2.895602     3.374983
    4.133698     2.435929     2.895602
    3.502040     4.133698     2.435929
    3.817941     3.502040     4.133698
    3.251954     3.817941     3.502040
    4.615699     3.251954     3.817941
    5.872111     4.615699     3.251954
    5.778430     5.872111     4.615699
    5.098550     5.778430     5.872111
    4.498392     5.098550     5.778430
    5.710738     4.498392     5.098550
    3.811964     5.710738     4.498392
    3.361863     3.811964     5.710738
    3.443230     3.361863     3.811964
    1.218183     3.443230     3.361863
    2.274247     1.218183     3.443230
    3.034892     2.274247     1.218183
    3.434063     3.034892     2.274247
    3.138563     3.434063     3.034892
    4.829445     3.138563     3.434063
    4.589435     4.829445     3.138563
    3.818405     4.589435     4.829445
    2.888184     3.818405     4.589435
    3.515704     2.888184     3.818405
    3.515728     3.515704     2.888184
    3.162390     3.515728     3.515704
    4.551303     3.162390     3.515728
    4.885983     4.551303     3.162390
    5.128182     4.885983     4.551303
    2.933534     5.128182     4.885983
    3.383849     2.933534     5.128182
    3.881134     3.383849     2.933534
    3.081691     3.881134     3.383849
    2.772123     3.081691     3.881134
    2.966045     2.772123     3.081691
    2.146525     2.966045     2.772123
    3.794551     2.146525     2.966045
    4.498927     3.794551     2.146525
    7.419937     4.498927     3.794551
    5.603107     7.419937     4.498927
    4.271935     5.603107     7.419937
    5.341144     4.271935     5.603107
    3.094464     5.341144     4.271935
    3.513927     3.094464     5.341144
    4.162382     3.513927     3.094464
    5.010454     4.162382     3.513927
    2.962076     5.010454     4.162382
    3.465371     2.962076     5.010454
    1.645684     3.465371     2.962076
    3.071975     1.645684     3.465371
    2.685490     3.071975     1.645684
    3.392810     2.685490     3.071975
    3.566294     3.392810     2.685490
    3.856380     3.566294     3.392810
    3.242825     3.856380     3.566294
    3.598984     3.242825     3.856380
    2.305572     3.598984     3.242825
    4.687569     2.305572     3.598984
    4.802726     4.687569     2.305572
    5.946463     4.802726     4.687569
    4.635452     5.946463     4.802726
    3.917178     4.635452     5.946463
    2.467543     3.917178     4.635452
    2.884184     2.467543     3.917178
    3.121256     2.884184     2.467543
    2.552108     3.121256     2.884184
    3.254471     2.552108     3.121256
    5.157111     3.254471     2.552108
    2.444615     5.157111     3.254471
    3.696040     2.444615     5.157111
    2.342104     3.696040     2.444615
    5.061109     2.342104     3.696040
    5.794305     5.061109     2.342104
    2.873470     5.794305     5.061109
    4.627607     2.873470     5.794305
    4.686548     4.627607     2.873470
    4.549843     4.686548     4.627607
    4.219831     4.549843     4.686548
    1.153482     4.219831     4.549843
    1.767265     1.153482     4.219831
    1.181876     1.767265     1.153482
    2.139014     1.181876     1.767265
    0.726974     2.139014     1.181876
    1.708218     0.726974     2.139014
    2.358800     1.708218     0.726974
    1.976684     2.358800     1.708218
    2.205814     1.976684     2.358800
    3.478229     2.205814     1.976684
    0.619576     3.478229     2.205814
    1.729435     0.619576     3.478229
    2.110158     1.729435     0.619576
    1.897336     2.110158     1.729435
    2.108532     1.897336     2.110158
    2.754549     2.108532     1.897336
    1.470039     2.754549     2.108532
    3.208394     1.470039     2.754549
    2.210252     3.208394     1.470039
    1.568797     2.210252     3.208394
    3.145940     1.568797     2.210252
    0.731269     3.145940     1.568797
    3.485201     0.731269     3.145940
    2.691684     3.485201     0.731269
    3.701144     2.691684     3.485201
    4.530312     3.701144     2.691684
    4.557050     4.530312     3.701144
    3.816813     4.557050     4.530312
    3.907941     3.816813     4.557050
    3.261009     3.907941     3.816813
    2.729423     3.261009     3.907941
    2.920613     2.729423     3.261009
    4.121359     2.920613     2.729423
    5.206908     4.121359     2.920613
    4.821164     5.206908     4.121359
    5.966723     4.821164     5.206908
    5.780194     5.966723     4.821164
    4.162828     5.780194     5.966723
    5.449749     4.162828     5.780194
    3.938604     5.449749     4.162828
    3.669514     3.938604     5.449749
    3.728110     3.669514     3.938604
    1.498560     3.728110     3.669514
    3.228451     1.498560     3.728110
    4.554331     3.228451     1.498560
    4.264487     4.554331     3.228451
    4.506886     4.264487     4.554331
    3.742418     4.506886     4.264487
    1.826409     3.742418     4.506886
    1.976572     1.826409     3.742418
    2.891010     1.976572     1.826409
    2.386577     2.891010     1.976572
    1.635457     2.386577     2.891010
    4.149308     1.635457     2.386577
    2.709153     4.149308     1.635457
    2.560756     2.709153     4.149308
    1.902917     2.560756     2.709153
    4.042833     1.902917     2.560756
    2.100261     4.042833     1.902917
    2.700040     2.100261     4.042833
    3.261200     2.700040     2.100261
    1.650353     3.261200     2.700040
    2.454228     1.650353     3.261200
    2.917486     2.454228     1.650353
    2.233102     2.917486     2.454228
    2.348876     2.233102     2.917486
    0.659137     2.348876     2.233102
    1.297183     0.659137     2.348876
    0.748422     1.297183     0.659137
    1.285549     0.748422     1.297183
    0.891002     1.285549     0.748422
    1.202710     0.891002     1.285549
    1.521919     1.202710     0.891002
    2.358664     1.521919     1.202710
    1.630867     2.358664     1.521919
    1.681814     1.630867     2.358664
    3.982970     1.681814     1.630867
    3.325957     3.982970     1.681814
    3.179194     3.325957     3.982970
    3.617027     3.179194     3.325957
    4.658589     3.617027     3.179194
    3.505982     4.658589     3.617027
    2.850566     3.505982     4.658589
    3.126693     2.850566     3.505982
    4.817626     3.126693     2.850566
    4.312724     4.817626     3.126693
    3.047467     4.312724     4.817626
    4.400988     3.047467     4.312724
    3.358122     4.400988     3.047467
    3.085620     3.358122     4.400988
    4.644492     3.085620     3.358122
