    5.482850     5.229649     6.465783
    3.895093     5.482850     5.229649
    2.518876     3.895093     5.482850
    1.863366     2.518876     3.895093
    2.130407     1.863366     2.518876
    2.355031     2.130407     1.863366
    2.213938     2.355031     2.130407
    2.736057     2.213938     2.355031
    2.243220     2.736057     2.213938
    4.598230     2.243220     2.736057
    2.815188     4.598230     2.243220
    3.794019     2.815188     4.598230
    3.794966     3.794019     2.815188
    4.328143     3.794966     3.794019
    3.054779     4.328143     3.794966
    2.785041     3.054779     4.328143
    3.918102     2.785041     3.054779
    2.834988     3.918102     2.785041
    4.034135     2.834988     3.918102
    3.865192     4.034135     2.834988
    5.013880     3.865192     4.034135
    5.128585     5.013880     3.865192
    3.714183     5.128585     5.013880
    3.414760     3.714183     5.128585
    3.618190     3.414760     3.714183
    3.412297     3.618190     3.414760
    2.622366     3.412297     3.618190
    1.405774     2.622366     3.412297
    1.961056     1.405774     2.622366
    1.760560     1.961056     1.405774
    2.799841     1.760560     1.961056
    2.136483     2.799841     1.760560
    2.393478     2.136483     2.799841
    1.047376     2.393478     2.136483
    1.952964     1.047376     2.393478
    1.530834     1.952964     1.047376
    2.998228     1.530834     1.952964
    2.033285     2.998228     1.530834
    3.184475     2.033285     2.998228
    2.203064     3.184475     2.033285
    2.638940     2.203064     3.184475
    3.096586     2.638940     2.203064
    2.680940     3.096586     2.638940
    2.072821     2.680940     3.096586
    3.647567     2.072821     2.680940
    1.992220     3.647567     2.072821
    3.460770     1.992220     3.647567
    4.622295     3.460770     1.992220
    4.090386     4.622295     3.460770
    3.566543     4.090386     4.622295
    3.422459     3.566543     4.090386
    2.468102     3.422459     3.566543
    2.924883     2.468102     3.422459
    3.314315     2.924883     2.468102
    4.160956     3.314315     2.924883
    4.230839     4.160956     3.314315
    4.907106     4.230839     4.160956
    3.280772     4.907106     4.230839
    3.590257     3.280772     4.907106
    2.593202     3.590257     3.280772
    3.997072     2.593202     3.590257
    4.763556     3.997072     2.593202
    5.359532     4.763556     3.997072
    4.778470     5.359532     4.763556
    5.145738     4.778470     5.359532
    3.366375     5.145738     4.778470
    5.564908     3.366375     5.145738
    3.975327     5.564908     3.366375
    4.939854     3.975327     5.564908
    4.841743     4.939854     3.975327
    3.458822     4.841743     4.939854
    4.090397     3.458822     4.841743
    3.075305     4.090397     3.458822
    2.871711     3.075305     4.090397
    2.997039     2.871711     3.075305
    1.831656     2.997039     2.871711
    2.887774     1.831656     2.997039
    3.751799     2.887774     1.831656
    5.338914     3.751799     2.887774
    5.505548     5.338914     3.751799
    4.327238     5.505548     5.338914
    4.916206     4.327238     5.505548
    4.258303     4.916206     4.327238
    4.099582     4.258303     4.916206
    3.839550     4.099582     4.258303
    3.351162     3.839550     4.099582
    4.354534     3.351162     3.839550
    3.622682     4.354534     3.351162
    2.336707     3.622682     4.354534
    3.154784     2.336707     3.622682
    3.291648     3.154784     2.336707
    3.981512     3.291648     3.154784
    5.261451     3.981512     3.291648
    4.517948     5.261451     3.981512
    3.978233     4.517948     5.261451
    4.917771     3.978233     4.517948
    4.366156     4.917771     3.978233
    3.532447     4.366156     4.917771
    6.055274     3.532447     4.366156
    5.681924     6.055274     3.532447
    4.590133     5.681924     6.055274
    5.084104     4.590133     5.681924
    2.350867     5.084104     4.590133
    5.120391     2.350867     5.084104
    3.916609     5.120391     2.350867
    1.682671     3.916609     5.120391
    0.323632     1.682671     3.916609
    2.673179     0.323632     1.682671
    3.592902     2.673179     0.323632
    3.098791     3.592902     2.673179
    2.902590     3.098791     3.592902
    2.493363     2.902590     3.098791
    2.668049     2.493363     2.902590
    1.028521     2.668049     2.493363
    0.751920     1.028521     2.668049
    1.757319     0.751920     1.028521
    2.643919     1.757319     0.751920
    3.836511     2.643919     1.757319
    3.678730     3.836511     2.643919
    4.760180     3.678730     3.836511
    3.860332     4.760180     3.678730
    4.103994     3.860332     4.760180
    3.485609     4.103994     3.860332
    4.543204     3.485609     4.103994
    3.743228     4.543204     3.485609
    5.519415     3.743228     4.543204
    5.211289     5.519415     3.743228
    3.497830     5.211289     5.519415
    3.781917     3.497830     5.211289
    2.717909     3.781917     3.497830
    4.790563     2.717909     3.781917
    3.466380     4.790563     2.717909
    4.830836     3.466380     4.790563
    4.294041     4.830836     3.466380
    3.495941     4.294041     4.830836
    4.403331     3.495941     4.294041
    3.784111     4.403331     3.495941
    3.944082     3.784111     4.403331
    4.116202     3.944082     3.784111
    3.393710     4.116202     3.944082
    2.019150     3.393710     4.116202
    3.312615     2.019150     3.393710
    2.853399     3.312615     2.019150
    4.415556     2.853399     3.312615
    4.632828     4.415556     2.853399
    4.413048     4.632828     4.415556
    4.706015     4.413048     4.632828
    4.289861     4.706015     4.413048
    5.462982     4.289861     4.706015
    3.713078     5.462982     4.289861
    4.741481     3.713078     5.462982
    3.416816     4.741481     3.713078
    4.189393     3.416816     4.741481
    5.023309     4.189393     3.416816
    4.793113     5.023309     4.189393
    4.915094     4.793113     5.023309
    5.396521     4.915094     4.793113
    4.574271     5.396521     4.915094
    5.721601     4.574271     5.396521
    2.364524     5.721601     4.574271
    3.182020     2.364524     5.721601
    3.557063     3.182020     2.364524
    1.564235     3.557063     3.182020
    1.761136     1.564235     3.557063
    2.212258     1.761136     1.564235
   -0.228339     2.212258     1.761136
    0.516637    -0.228339     2.212258
    0.799988     0.516637    -0.228339
    1.391269     0.799988     0.516637
    1.259747     1.391269     0.799988
    2.733202     1.259747     1.391269
    3.200987     2.733202     1.259747
    3.461147     3.200987     2.733202
    2.132590     3.461147     3.200987
    2.811099     2.132590     3.461147
    2.029308     2.811099     2.132590
    3.658758     2.029308     2.811099
    3.840386     3.658758     2.029308
    1.623143     3.840386     3.658758
    3.445295     1.623143     3.840386
    3.302039     3.445295     1.623143
    2.856498     3.302039     3.445295
    3.607526     2.856498     3.302039
    3.891397     3.607526     2.856498
    2.843960     3.891397     3.607526
    2.573417     2.843960     3.891397
    3.131245     2.573417     2.843960
    2.550688     3.131245     2.573417
    4.733309     2.550688     3.131245
    5.028419     4.733309     2.550688
    4.062195     5.028419     4.733309
    4.588461     4.062195     5.028419
    3.713560     4.588461     4.062195
    3.533126     3.713560     4.588461
    3.202541     3.533126     3.713560
    3.811456     3.202541     3.533126
    2.893491     3.811456     3.202541
    4.604931     2.893491     3.811456
    3.702311     4.604931     2.893491
    4.607257     3.702311     4.604931
    5.215735     4.607257     3.702311
    5.985383     5.215735     4.607257
    4.255244     5.985383     5.215735
    4.094447     4.255244     5.985383
    3.399260     4.094447     4.255244
    3.342713     3.399260     4.094447
    4.160342     3.342713     3.399260
    4.197049     4.160342     3.342713
    3.859314     4.197049     4.160342
    3.410985     3.859314     4.197049
    1.902151     3.410985     3.859314
    3.820742     1.902151     3.410985
    2.763680     3.820742     1.902151
    3.034047     2.763680     3.820742
    1.860076     3.034047     2.763680
    3.372282     1.860076     3.034047
    2.871966     3.372282     1.860076
    4.059456     2.871966     3.372282
    4.201320     4.059456     2.871966
    3.512734     4.201320     4.059456
    4.348443     3.512734     4.201320
    5.044314     4.348443     3.512734
    5.030729     5.044314     4.348443
    4.812002     5.030729     5.044314
    5.864270     4.812002     5.030729
    5.471826     5.864270     4.812002
    7.539998     5.471826     5.864270
    8.082562     7.539998     5.471826
    7.290430     8.082562     7.539998
    6.123450     7.290430     8.082562
    5.780895     6.123450     7.290430
    5.024200     5.780895     6.123450
    2.610131     5.024200     5.780895
    2.111655     2.610131     5.024200
    2.028761     2.111655     2.610131
    2.355927     2.028761     2.111655
    1.933148     2.355927     2.028761
    2.091534     1.933148     2.355927
    1.474114     2.091534     1.933148
    1.470092     1.474114     2.091534
    2.015985     1.470092     1.474114
    2.249786     2.015985     1.470092
    2.414805     2.249786     2.015985
    3.317004     2.414805     2.249786
    3.858563     3.317004     2.414805
    4.629301     3.858563     3.317004
    3.981409     4.629301     3.858563
    6.663209     3.981409     4.629301
    3.241906     6.663209     3.981409
    3.072072     3.241906     6.663209
    3.831723     3.072072     3.241906
    2.649566     3.831723     3.072072
    2.887085     2.649566     3.831723
    0.889629     2.887085     2.649566
    0.686198     0.889629     2.887085
    1.026183     0.686198     0.889629
    1.521734     1.026183     0.686198
    3.502260     1.521734     1.026183
    1.889681     3.502260     1.521734
    3.196454     1.889681     3.502260
    4.375458     3.196454     1.889681
    3.920773     4.375458     3.196454
    4.983960     3.920773     4.375458
    4.542210     4.983960     3.920773
    3.468212     4.542210     4.983960
    4.649405     3.468212     4.542210
    3.511772     4.649405     3.468212
    4.623126     3.511772     4.649405
    4.278946     4.623126     3.511772
    4.609263     4.278946     4.623126
    4.515828     4.609263     4.278946
    3.420509     4.515828     4.609263
    5.491483     3.420509     4.515828
    3.862475     5.491483     3.420509
    4.858263     3.862475     5.491483
    5.263156     4.858263     3.862475
    5.010749     5.263156     4.858263
    3.854069     5.010749     5.263156
    3.900275     3.854069     5.010749
    4.056730     3.900275     3.854069
    4.112406     4.056730     3.900275
    4.022661     4.112406     4.056730
    1.988759     4.022661     4.112406
    3.123393     1.988759     4.022661
    2.951176     3.123393     1.988759
    3.375690     2.951176     3.123393
    2.611897     3.375690     2.951176
    2.291615     2.611897     3.375690
    1.926186     2.291615     2.611897
    2.687095     1.926186     2.291615
    3.892967     2.687095     1.926186
    3.346615     3.892967     2.687095
    3.479004     3.346615     3.892967
    2.724180     3.479004     3.346615
    3.063435     2.724180     3.479004
    3.926123     3.063435     2.724180
    1.468900     3.926123     3.063435
    1.435472     1.468900     3.926123
    4.011170     1.435472     1.468900
    1.291218     4.011170     1.435472
    2.921918     1.291218     4.011170
    1.161942     2.921918     1.291218
    1.302738     1.161942     2.921918
    0.553874     1.302738     1.161942
    1.321449     0.553874     1.302738
    0.238497     1.321449     0.553874
    1.052069     0.238497     1.321449
    1.586133     1.052069     0.238497
    2.191193     1.586133     1.052069
    0.682735     2.191193     1.586133
    2.957867     0.682735     2.191193
    4.346353     2.957867     0.682735
    2.515303     4.346353     2.957867
    3.699668     2.515303     4.346353
    2.367711     3.699668     2.515303
    2.649684     2.367711     3.699668
    3.184690     2.649684     2.367711
    3.890925     3.184690     2.649684
    2.783227     3.890925     3.184690
    4.040507     2.783227     3.890925
    2.700007     4.040507     2.783227
    0.595780     2.700007     4.040507
    0.771473     0.595780     2.700007
    1.465401     0.771473     0.595780
    1.429385     1.465401     0.771473
    3.893675     1.429385     1.465401
    5.051390     3.893675     1.429385
    4.460278     5.051390     3.893675
    5.812141     4.460278     5.051390
    4.399083     5.812141     4.460278
    3.267093     4.399083     5.812141
    3.749285     3.267093     4.399083
    1.974731     3.749285     3.267093
    3.069779     1.974731     3.749285
    2.369135     3.069779     1.974731
    3.571564     2.369135     3.069779
    2.516863     3.571564     2.369135
    3.997022     2.516863     3.571564
    2.384027     3.997022     2.516863
    2.929285     2.384027     3.997022
    2.943308     2.929285     2.384027
    1.907728     2.943308     2.929285
    1.786981     1.907728     2.943308
    2.723850     1.786981     1.907728
    3.854639     2.723850     1.786981
    3.185692     3.854639     2.723850
    3.284699     3.185692     3.854639
    4.527722     3.284699     3.185692
    5.143486     4.527722     3.284699
    4.268188     5.143486     4.527722
    3.977626     4.268188     5.143486
    3.804345     3.977626     4.268188
    3.891776     3.804345     3.977626
    3.108168     3.891776     3.804345
    2.385993     3.108168     3.891776
    3.550684     2.385993     3.108168
    2.663802     3.550684     2.385993
    3.324499     2.663802     3.550684
    3.986979     3.324499     2.663802
    1.957169     3.986979     3.324499
    0.960492     1.957169     3.986979
    1.932438     0.960492     1.957169
    2.386485     1.932438     0.960492
    2.046216     2.386485     1.932438
    1.940235     2.046216     2.386485
    4.740586     1.940235     2.046216
    2.852978     4.740586     1.940235
    2.769291     2.852978     4.740586
    1.383832     2.769291     2.852978
    2.630340     1.383832     2.769291
    2.600135     2.630340     1.383832
    3.341922     2.600135     2.630340
    1.661087     3.341922     2.600135
    2.843629     1.661087     3.341922
    3.185258     2.843629     1.661087
    2.926112     3.185258     2.843629
    2.739379     2.926112     3.185258
    1.264692     2.739379     2.926112
    4.253041     1.264692     2.739379
    3.418548     4.253041     1.264692
    1.607605     3.418548     4.253041
    3.353767     1.607605     3.418548
    2.911600     3.353767     1.607605
    2.379684     2.911600     3.353767
    2.873691     2.379684     2.911600
    2.806894     2.873691     2.379684
    1.979038     2.806894     2.873691
    2.719240     1.979038     2.806894
    3.225421     2.719240     1.979038
    3.600350     3.225421     2.719240
    2.226118     3.600350     3.225421
    2.514050     2.226118     3.600350
    1.161918     2.514050     2.226118
    2.362540     1.161918     2.514050
    0.920529     2.362540     1.161918
    1.411334     0.920529     2.362540
    2.544547     1.411334     0.920529
    2.287743     2.544547     1.411334
    1.575325     2.287743     2.544547
    1.906843     1.575325     2.287743
    2.470781     1.906843     1.575325
    3.035750     2.470781     1.906843
    3.955228     3.035750     2.470781
    2.673109     3.955228     3.035750
    4.390832     2.673109     3.955228
    3.850424     4.390832     2.673109
    5.250645     3.850424     4.390832
    4.277824     5.250645     3.850424
    3.482250     4.277824     5.250645
    4.418277     3.482250     4.277824
    3.466693     4.418277     3.482250
    4.292439     3.466693     4.418277
    4.955887     4.292439     3.466693
    5.508998     4.955887     4.292439
    4.303693     5.508998     4.955887
    6.225951     4.303693     5.508998
    4.550207     6.225951     4.303693
    3.036977     4.550207     6.225951
    3.845037     3.036977     4.550207
    3.284758     3.845037     3.036977
    3.477427     3.284758     3.845037
    3.225436     3.477427     3.284758
    5.367825     3.225436     3.477427
    4.565365     5.367825     3.225436
    3.300717     4.565365     5.367825
    3.674899     3.300717     4.565365
    3.589997     3.674899     3.300717
    2.658760     3.589997     3.674899
    3.018182     2.658760     3.589997
    1.382021     3.018182     2.658760
    1.790030     1.382021     3.018182
    2.070513     1.790030     1.382021
    1.466503     2.070513     1.790030
    0.759772     1.466503     2.070513
    1.032143     0.759772     1.466503
    1.183607     1.032143     0.759772
    2.397066     1.183607     1.032143
    3.852700     2.397066     1.183607
    4.129037     3.852700     2.397066
    3.443290     4.129037     3.852700
    3.479746     3.443290     4.129037
    3.769681     3.479746     3.443290
    2.393471     3.769681     3.479746
    2.717000     2.393471     3.769681
    1.863200     2.717000     2.393471
    1.870589     1.863200     2.717000
    2.907251     1.870589     1.863200
    2.208902     2.907251     1.870589
    1.868922     2.208902     2.907251
    2.517007     1.868922     2.208902
    3.183595     2.517007     1.868922
    2.936854     3.183595     2.517007
    2.348493     2.936854     3.183595
    2.939290     2.348493     2.936854
    1.660003     2.939290     2.348493
    1.956551     1.660003     2.939290
    4.168378     1.956551     1.660003
    3.040604     4.168378     1.956551
    4.163953     3.040604     4.168378
    3.099865     4.163953     3.040604
    1.993163     3.099865     4.163953
    3.252429     1.993163     3.099865
    3.595585     3.252429     1.993163
    2.989674     3.595585     3.252429
    2.919880     2.989674     3.595585
    2.667681     2.919880     2.989674
    3.873351     2.667681     2.919880
    5.540142     3.873351     2.667681
    4.403550     5.540142     3.873351
    4.150984     4.403550     5.540142
    6.124705     4.150984     4.403550
    4.018739     6.124705     4.150984
    4.277047     4.018739     6.124705
    4.671799     4.277047     4.018739
    3.234838     4.671799     4.277047
    5.370305     3.234838     4.671799
    3.004229     5.370305     3.234838
    3.006139     3.004229     5.370305
    2.640674     3.006139     3.004229
    5.399767     2.640674     3.006139
    3.318836     5.399767     2.640674
    2.634559     3.318836     5.399767
    1.556864     2.634559     3.318836
    0.453452     1.556864     2.634559
    2.549632     0.453452     1.556864
    2.280639     2.549632     0.453452
    1.637081     2.280639     2.549632
    1.787777     1.637081     2.280639
    3.448266     1.787777     1.637081
    4.004820     3.448266     1.787777
    3.859012     4.004820     3.448266
    1.562606     3.859012     4.004820
    4.652089     1.562606     3.859012
    3.058250     4.652089     1.562606
    3.048968     3.058250     4.652089
    3.119778     3.048968     3.058250
    3.530640     3.119778     3.048968
    3.284113     3.530640     3.119778
    4.444357     3.284113     3.530640
    5.297280     4.444357     3.284113
