    4.011315     4.239132     2.634840
    5.235924     4.011315     4.239132
    2.907589     5.235924     4.011315
    2.931505     2.907589     5.235924
    3.580653     2.931505     2.907589
    4.421856     3.580653     2.931505
    3.825302     4.421856     3.580653
    4.941810     3.825302     4.421856
    4.157843     4.941810     3.825302
    3.737019     4.157843     4.941810
    2.584525     3.737019     4.157843
    4.503452     2.584525     3.737019
    4.377317     4.503452     2.584525
    6.560721     4.377317     4.503452
    5.608660     6.560721     4.377317
    4.776560     5.608660     6.560721
    4.885011     4.776560     5.608660
    4.518550     4.885011     4.776560
    4.316259     4.518550     4.885011
    2.287368     4.316259     4.518550
    3.707655     2.287368     4.316259
    3.226518     3.707655     2.287368
    3.372754     3.226518     3.707655
    3.243142     3.372754     3.226518
    4.404604     3.243142     3.372754
    3.607871     4.404604     3.243142
    4.211667     3.607871     4.404604
    2.671150     4.211667     3.607871
    2.252076     2.671150     4.211667
    2.634879     2.252076     2.671150
    3.507365     2.634879     2.252076
    2.262860     3.507365     2.634879
    3.505488     2.262860     3.507365
    2.252987     3.505488     2.262860
    2.057905     2.252987     3.505488
    1.140063     2.057905     2.252987
    2.575893     1.140063     2.057905
    3.928359     2.575893     1.140063
    4.259271     3.928359     2.575893
    2.413507     4.259271     3.928359
    3.105677     2.413507     4.259271
    3.449818     3.105677     2.413507
    1.281456     3.449818     3.105677
    1.282335     1.281456     3.449818
    3.501074     1.282335     1.281456
    3.071912     3.501074     1.282335
    2.877022     3.071912     3.501074
    3.126344     2.877022     3.071912
    4.789755     3.126344     2.877022
    5.280435     4.789755     3.126344
    4.587837     5.280435     4.789755
    5.190307     4.587837     5.280435
    3.321732     5.190307     4.587837
    4.627515     3.321732     5.190307
    2.594426     4.627515     3.321732
    2.112242     2.594426     4.627515
    1.955846     2.112242     2.594426
    1.276157     1.955846     2.112242
    2.283829     1.276157     1.955846
    3.636396     2.283829     1.276157
    2.232083     3.636396     2.283829
    0.730954     2.232083     3.636396
    2.600066     0.730954     2.232083
    1.716841     2.600066     0.730954
    3.944084     1.716841     2.600066
    4.409731     3.944084     1.716841
    4.352454     4.409731     3.944084
    5.687260     4.352454     4.409731
    5.586182     5.687260     4.352454
    5.526190     5.586182     5.687260
    3.681506     5.526190     5.586182
    4.070922     3.681506     5.526190
    5.293807     4.070922     3.681506
    4.210082     5.293807     4.070922
    4.203498     4.210082     5.293807
    4.966131     4.203498     4.210082
    2.512137     4.966131     4.203498
    3.071346     2.512137     4.966131
    2.703683     3.071346     2.512137
    2.036693     2.703683     3.071346
    1.655044     2.036693     2.703683
    3.751326     1.655044     2.036693
    5.061521     3.751326     1.655044
    2.472070     5.061521     3.751326
    3.898563     2.472070     5.061521
    1.681030     3.898563     2.472070
    4.189395     1.681030     3.898563
    5.948349     4.189395     1.681030
    3.748497     5.948349     4.189395
    4.141949     3.748497     5.948349
    6.132244     4.141949     3.748497
    4.183065     6.132244     4.141949
    5.628772     4.183065     6.132244
    3.797241     5.628772     4.183065
    4.332251     3.797241     5.628772
    4.635776     4.332251     3.797241
    1.403253     4.635776     4.332251
    2.633406     1.403253     4.635776
    5.243959     2.633406     1.403253
    4.461895     5.243959     2.633406
    4.324897     4.461895     5.243959
    3.335047     4.324897     4.461895
    3.774799     3.335047     4.324897
    4.068315     3.774799     3.335047
    4.932983     4.068315     3.774799
    6.286011     4.932983     4.068315
    8.080681     6.286011     4.932983
    6.732203     8.080681     6.286011
    7.030350     6.732203     8.080681
    5.878902     7.030350     6.732203
    4.875103     5.878902     7.030350
    5.082023     4.875103     5.878902
    6.045682     5.082023     4.875103
    4.298816     6.045682     5.082023
    4.954126     4.298816     6.045682
    6.319902     4.954126     4.298816
    5.267810     6.319902     4.954126
    5.204671     5.267810     6.319902
    4.529056     5.204671     5.267810
    6.024264     4.529056     5.204671
    4.276803     6.024264     4.529056
    4.774954     4.276803     6.024264
    5.216130     4.774954     4.276803
    4.392453     5.216130     4.774954
    5.320557     4.392453     5.216130
    4.754929     5.320557     4.392453
    3.523606     4.754929     5.320557
    3.274107     3.523606     4.754929
    4.835010     3.274107     3.523606
    4.773945     4.835010     3.274107
    4.837450     4.773945     4.835010
    6.240409     4.837450     4.773945
    6.091189     6.240409     4.837450
    4.014673     6.091189     6.240409
    6.092464     4.014673     6.091189
    5.938154     6.092464     4.014673
    4.612220     5.938154     6.092464
    4.007689     4.612220     5.938154
    5.233929     4.007689     4.612220
    5.750883     5.233929     4.007689
    6.319329     5.750883     5.233929
    6.098526     6.319329     5.750883
    5.184530     6.098526     6.319329
    5.675878     5.184530     6.098526
    3.926721     5.675878     5.184530
    2.860776     3.926721     5.675878
    3.560829     2.860776     3.926721
    2.239436     3.560829     2.860776
    3.488505     2.239436     3.560829
    1.962654     3.488505     2.239436
    3.769730     1.962654     3.488505
    4.481503     3.769730     1.962654
    5.129848     4.481503     3.769730
    4.319239     5.129848     4.481503
    5.189590     4.319239     5.129848
    4.427523     5.189590     4.319239
    4.779431     4.427523     5.189590
    5.320586     4.779431     4.427523
    4.417123     5.320586     4.779431
    3.628739     4.417123     5.320586
    4.828482     3.628739     4.417123
    4.294831     4.828482     3.628739
    5.038357     4.294831     4.828482
    5.405886     5.038357     4.294831
    4.829970     5.405886     5.038357
    6.388858     4.829970     5.405886
    3.779883     6.388858     4.829970
    4.520893     3.779883     6.388858
    3.075749     4.520893     3.779883
    2.767488     3.075749     4.520893
    1.359013     2.767488     3.075749
    3.696911     1.359013     2.767488
    3.216941     3.696911     1.359013
    4.837081     3.216941     3.696911
    4.522515     4.837081     3.216941
    6.463670     4.522515     4.837081
    4.465209     6.463670     4.522515
    7.299268     4.465209     6.463670
    6.797505     7.299268     4.465209
    5.561088     6.797505     7.299268
    6.363128     5.561088     6.797505
    5.072315     6.363128     5.561088
    3.244312     5.072315     6.363128
    3.878229     3.244312     5.072315
    2.933336     3.878229     3.244312
    3.627702     2.933336     3.878229
    2.778031     3.627702     2.933336
    2.620814     2.778031     3.627702
    4.235901     2.620814     2.778031
    3.273669     4.235901     2.620814
    4.857592     3.273669     4.235901
    5.098486     4.857592     3.273669
    4.186338     5.098486     4.857592
    1.954695     4.186338     5.098486
    2.211088     1.954695     4.186338
    2.000004     2.211088     1.954695
    2.694589     2.000004     2.211088
    2.391781     2.694589     2.000004
    3.028300     2.391781     2.694589
    3.332244     3.028300     2.391781
    2.426059     3.332244     3.028300
    4.761883     2.426059     3.332244
    5.777945     4.761883     2.426059
    6.426368     5.777945     4.761883
    3.706186     6.426368     5.777945
    3.798034     3.706186     6.426368
    3.923625     3.798034     3.706186
    3.370044     3.923625     3.798034
    5.661002     3.370044     3.923625
    5.881072     5.661002     3.370044
    6.523024     5.881072     5.661002
    5.066551     6.523024     5.881072
    3.077766     5.066551     6.523024
    2.701114     3.077766     5.066551
    1.563565     2.701114     3.077766
    1.509291     1.563565     2.701114
    2.913132     1.509291     1.563565
    2.066163     2.913132     1.509291
    4.774661     2.066163     2.913132
    2.464606     4.774661     2.066163
    2.396936     2.464606     4.774661
    2.687553     2.396936     2.464606
    2.368032     2.687553     2.396936
    5.007483     2.368032     2.687553
    4.836502     5.007483     2.368032
    5.437132     4.836502     5.007483
    4.893927     5.437132     4.836502
    4.372931     4.893927     5.437132
    4.966082     4.372931     4.893927
    2.468662     4.966082     4.372931
    3.154486     2.468662     4.966082
    2.291490     3.154486     2.468662
    2.299408     2.291490     3.154486
    1.216594     2.299408     2.291490
    3.243376     1.216594     2.299408
    2.755967     3.243376     1.216594
    2.789226     2.755967     3.243376
    2.620679     2.789226     2.755967
    3.798919     2.620679     2.789226
    4.140327     3.798919     2.620679
    4.441730     4.140327     3.798919
    5.254901     4.441730     4.140327
    3.806431     5.254901     4.441730
    2.998042     3.806431     5.254901
    5.506985     2.998042     3.806431
    3.390335     5.506985     2.998042
    4.621814     3.390335     5.506985
    3.455235     4.621814     3.390335
    4.017675     3.455235     4.621814
    4.191859     4.017675     3.455235
    4.118797     4.191859     4.017675
    5.471273     4.118797     4.191859
    3.686290     5.471273     4.118797
    4.386110     3.686290     5.471273
    3.934829     4.386110     3.686290
    5.450717     3.934829     4.386110
    5.809066     5.450717     3.934829
    4.909767     5.809066     5.450717
    3.678310     4.909767     5.809066
    2.567580     3.678310     4.909767
    2.413238     2.567580     3.678310
    1.180142     2.413238     2.567580
    2.266455     1.180142     2.413238
    3.267583     2.266455     1.180142
    3.173482     3.267583     2.266455
    1.872404     3.173482     3.267583
    4.125918     1.872404     3.173482
    3.150247     4.125918     1.872404
    5.190237     3.150247     4.125918
    4.370028     5.190237     3.150247
    3.257090     4.370028     5.190237
    3.423175     3.257090     4.370028
    3.171249     3.423175     3.257090
    4.027357     3.171249     3.423175
    3.834536     4.027357     3.171249
    3.675495     3.834536     4.027357
    2.170902     3.675495     3.834536
    4.142844     2.170902     3.675495
    3.390454     4.142844     2.170902
    3.486569     3.390454     4.142844
    3.076200     3.486569     3.390454
    3.081335     3.076200     3.486569
    2.987706     3.081335     3.076200
    0.312662     2.987706     3.081335
    0.936299     0.312662     2.987706
    2.109269     0.936299     0.312662
    4.022440     2.109269     0.936299
    3.795398     4.022440     2.109269
    2.471185     3.795398     4.022440
    2.714267     2.471185     3.795398
    2.891046     2.714267     2.471185
    1.911007     2.891046     2.714267
    1.083087     1.911007     2.891046
    1.902205     1.083087     1.911007
    2.432667     1.902205     1.083087
    0.321515     2.432667     1.902205
    1.891738     0.321515     2.432667
    2.446326     1.891738     0.321515
    2.473018     2.446326     1.891738
    2.856902     2.473018     2.446326
    5.478569     2.856902     2.473018
    3.879122     5.478569     2.856902
    3.737620     3.879122     5.478569
    4.481049     3.737620     3.879122
    4.473977     4.481049     3.737620
    4.327024     4.473977     4.481049
    4.718944     4.327024     4.473977
    3.957349     4.718944     4.327024
    3.274056     3.957349     4.718944
    3.545641     3.274056     3.957349
    3.383827     3.545641     3.274056
    3.484528     3.383827     3.545641
    4.690427     3.484528     3.383827
    1.981962     4.690427     3.484528
    2.387204     1.981962     4.690427
    2.027962     2.387204     1.981962
    2.256192     2.027962     2.387204
    2.917729     2.256192     2.027962
    3.130164     2.917729     2.256192
    3.629638     3.130164     2.917729
    3.691955     3.629638     3.130164
    0.888344     3.691955     3.629638
    4.913901     0.888344     3.691955
    2.275992     4.913901     0.888344
    2.407615     2.275992     4.913901
    1.410756     2.407615     2.275992
    2.384005     1.410756     2.407615
    4.747435     2.384005     1.410756
    4.519430     4.747435     2.384005
    5.235436     4.519430     4.747435
    5.483138     5.235436     4.519430
    4.280001     5.483138     5.235436
    5.323134     4.280001     5.483138
    2.346804     5.323134     4.280001
    1.868273     2.346804     5.323134
    1.485822     1.868273     2.346804
   -0.217453     1.485822     1.868273
    2.153461    -0.217453     1.485822
    0.863175     2.153461    -0.217453
    3.899598     0.863175     2.153461
    4.047804     3.899598     0.863175
    4.436207     4.047804     3.899598
    4.203855     4.436207     4.047804
    4.060158     4.203855     4.436207
    3.011898     4.060158     4.203855
    1.983041     3.011898     4.060158
    3.709773     1.983041     3.011898
    3.127203     3.709773     1.983041
    2.297786     3.127203     3.709773
    3.357650     2.297786     3.127203
    4.373781     3.357650     2.297786
    3.501059     4.373781     3.357650
    4.038334     3.501059     4.373781
    2.845514     4.038334     3.501059
    3.998709     2.845514     4.038334
    3.416372     3.998709     2.845514
    3.082727     3.416372     3.998709
    2.648128     3.082727     3.416372
    2.567935     2.648128     3.082727
    2.427578     2.567935     2.648128
    4.896651     2.427578     2.567935
    4.129165     4.896651     2.427578
    3.475002     4.129165     4.896651
    5.340568     3.475002     4.129165
    4.538258     5.340568     3.475002
    4.188453     4.538258     5.340568
    3.155468     4.188453     4.538258
    2.407651     3.155468     4.188453
    1.835398     2.407651     3.155468
    3.037720     1.835398     2.407651
    3.434541     3.037720     1.835398
    2.836413     3.434541     3.037720
    0.570390     2.836413     3.434541
    1.051548     0.570390     2.836413
    2.039758     1.051548     0.570390
    2.108385     2.039758     1.051548
    2.152102     2.108385     2.039758
    2.229985     2.152102     2.108385
    1.676062     2.229985     2.152102
    2.151272     1.676062     2.229985
    3.037739     2.151272     1.676062
    2.704332     3.037739     2.151272
    3.247293     2.704332     3.037739
    1.547458     3.247293     2.704332
    3.823451     1.547458     3.247293
    2.913918     3.823451     1.547458
    2.890268     2.913918     3.823451
    5.160655     2.890268     2.913918
    3.426256     5.160655     2.890268
    3.311244     3.426256     5.160655
    4.262232     3.311244     3.426256
    3.257802     4.262232     3.311244
    2.643003     3.257802     4.262232
    4.071309     2.643003     3.257802
    4.056215     4.071309     2.643003
    5.183050     4.056215     4.071309
    4.180726     5.183050     4.056215
    3.421661     4.180726     5.183050
    4.980451     3.421661     4.180726
    3.556236     4.980451     3.421661
    4.144386     3.556236     4.980451
    3.381066     4.144386     3.556236
    4.827743     3.381066     4.144386
    3.466279     4.827743     3.381066
    2.624767     3.466279     4.827743
    2.467385     2.624767     3.466279
    1.944786     2.467385     2.624767
    3.243567     1.944786     2.467385
    3.873134     3.243567     1.944786
    3.981562     3.873134     3.243567
    6.071848     3.981562     3.873134
    5.287411     6.071848     3.981562
    4.736294     5.287411     6.071848
    4.793389     4.736294     5.287411
    4.391369     4.793389     4.736294
    3.253331     4.391369     4.793389
    4.065606     3.253331     4.391369
    4.193193     4.065606     3.253331
    3.286774     4.193193     4.065606
    3.308080     3.286774     4.193193
    4.721425     3.308080     3.286774
    2.734412     4.721425     3.308080
    4.378480     2.734412     4.721425
    4.334338     4.378480     2.734412
    3.816038     4.334338     4.378480
    3.822335     3.816038     4.334338
    2.331374     3.822335     3.816038
    2.141886     2.331374     3.822335
    2.591733     2.141886     2.331374
    1.994361     2.591733     2.141886
    2.715475     1.994361     2.591733
    2.344228     2.715475     1.994361
    3.455255     2.344228     2.715475
    2.602197     3.455255     2.344228
    2.766227     2.602197     3.455255
    3.180344     2.766227     2.602197
    3.564699     3.180344     2.766227
    4.089188     3.564699     3.180344
    4.203161     4.089188     3.564699
    4.100168     4.203161     4.089188
    3.245875     4.100168     4.203161
    2.766692     3.245875     4.100168
    2.031295     2.766692     3.245875
    3.423962     2.031295     2.766692
    3.691124     3.423962     2.031295
    2.924461     3.691124     3.423962
    3.621012     2.924461     3.691124
    3.033173     3.621012     2.924461
    1.114717     3.033173     3.621012
    2.649916     1.114717     3.033173
    3.562280     2.649916     1.114717
    3.602470     3.562280     2.649916
    3.558307     3.602470     3.562280
    2.849985     3.558307     3.602470
    3.772475     2.849985     3.558307
    4.112112     3.772475     2.849985
    4.232563     4.112112     3.772475
    4.626114     4.232563     4.112112
    6.315432     4.626114     4.232563
    4.446873     6.315432     4.626114
    3.650572     4.446873     6.315432
    1.543777     3.650572     4.446873
    0.521663     1.543777     3.650572
    1.372945     0.521663     1.543777
    0.827002     1.372945     0.521663
    3.299598     0.827002     1.372945
    4.913053     3.299598     0.827002
    5.342395     4.913053     3.299598
    4.095844     5.342395     4.913053
    4.211693     4.095844     5.342395
    3.688756     4.211693     4.095844
    5.728771     3.688756     4.211693
    4.223651     5.728771     3.688756
    4.976499     4.223651     5.728771
    5.567625     4.976499     4.223651
    3.351062     5.567625     4.976499
    4.535726     3.351062     5.567625
    2.639867     4.535726     3.351062
    4.266833     2.639867     4.535726
    3.917938     4.266833     2.639867
    3.170430     3.917938     4.266833
    1.952902     3.170430     3.917938
    2.185061     1.952902     3.170430
    2.053254     2.185061     1.952902
    1.789579     2.053254     2.185061
    2.531918     1.789579     2.053254
    1.471684     2.531918     1.789579
    2.490232     1.471684     2.531918
    2.158030     2.490232     1.471684
    1.598847     2.158030     2.490232
    0.615087     1.598847     2.158030
    1.607569     0.615087     1.598847
    0.159017     1.607569     0.615087
    2.144372     0.159017     1.607569
    0.434975     2.144372     0.159017
    2.094312     0.434975     2.144372
    1.329983     2.094312     0.434975
    1.351838     1.329983     2.094312
    1.727951     1.351838     1.329983
    1.997128     1.727951     1.351838
