    3.128497     2.587434     1.040347
    2.823876     3.128497     2.587434
    3.578079     2.823876     3.128497
    3.875117     3.578079     2.823876
    3.948922     3.875117     3.578079
    3.292269     3.948922     3.875117
    5.033093     3.292269     3.948922
    4.531677     5.033093     3.292269
    4.617801     4.531677     5.033093
    5.883584     4.617801     4.531677
    4.877308     5.883584     4.617801
    5.705297     4.877308     5.883584
    3.367901     5.705297     4.877308
    2.935590     3.367901     5.705297
    0.470678     2.935590     3.367901
    4.478443     0.470678     2.935590
    3.044338     4.478443     0.470678
    4.061151     3.044338     4.478443
    3.488940     4.061151     3.044338
    4.668708     3.488940     4.061151
    2.583648     4.668708     3.488940
    3.381470     2.583648     4.668708
    1.351279     3.381470     2.583648
    1.129552     1.351279     3.381470
    1.265456     1.129552     1.351279
    2.470172     1.265456     1.129552
    2.440871     2.470172     1.265456
    4.568872     2.440871     2.470172
    3.737782     4.568872     2.440871
    5.070034     3.737782     4.568872
    6.307493     5.070034     3.737782
    5.508781     6.307493     5.070034
    5.273803     5.508781     6.307493
    3.266917     5.273803     5.508781
    3.927663     3.266917     5.273803
    3.029321     3.927663     3.266917
    3.088524     3.029321     3.927663
    2.595367     3.088524     3.029321
    3.810537     2.595367     3.088524
    1.773929     3.810537     2.595367
    3.387690     1.773929     3.810537
    3.757832     3.387690     1.773929
    5.529814     3.757832     3.387690
    3.889724     5.529814     3.757832
    3.380310     3.889724     5.529814
    6.275490     3.380310     3.889724
    2.610754     6.275490     3.380310
    4.000553     2.610754     6.275490
    3.718310     4.000553     2.610754
    2.501963     3.718310     4.000553
    2.244080     2.501963     3.718310
    2.457366     2.244080     2.501963
    1.550291     2.457366     2.244080
    0.975818     1.550291     2.457366
    1.462465     0.975818     1.550291
    1.585239     1.462465     0.975818
    1.032787     1.585239     1.462465
    2.418139     1.032787     1.585239
    1.932887     2.418139     1.032787
    2.910694     1.932887     2.418139
    2.267555     2.910694     1.932887
    2.436556     2.267555     2.910694
    1.636178     2.436556     2.267555
    1.278990     1.636178     2.436556
    1.276590     1.278990     1.636178
    1.332974     1.276590     1.278990
    3.452284     1.332974     1.276590
    1.730843     3.452284     1.332974
    2.916630     1.730843     3.452284
    2.496743     2.916630     1.730843
    4.766700     2.496743     2.916630
    3.370506     4.766700     2.496743
    2.837354     3.370506     4.766700
    2.191951     2.837354     3.370506
    2.179981     2.191951     2.837354
    2.438811     2.179981     2.191951
    1.592800     2.438811     2.179981
    2.627264     1.592800     2.438811
    3.005770     2.627264     1.592800
    2.617785     3.005770     2.627264
    2.390334     2.617785     3.005770
    3.355348     2.390334     2.617785
    3.391795     3.355348     2.390334
    3.216712     3.391795     3.355348
    3.677422     3.216712     3.391795
    3.559234     3.677422     3.216712
    3.583457     3.559234     3.677422
    2.503593     3.583457     3.559234
    2.198163     2.503593     3.583457
    1.359894     2.198163     2.503593
    2.980690     1.359894     2.198163
    3.496994     2.980690     1.359894
    2.081140     3.496994     2.980690
    1.128568     2.081140     3.496994
    3.407280     1.128568     2.081140
    1.401039     3.407280     1.128568
    3.259474     1.401039     3.407280
    2.706685     3.259474     1.401039
    4.080445     2.706685     3.259474
    3.065826     4.080445     2.706685
    4.136952     3.065826     4.080445
    3.814201     4.136952     3.065826
    3.183646     3.814201     4.136952
    3.957325     3.183646     3.814201
    3.413525     3.957325     3.183646
    2.765071     3.413525     3.957325
    2.353092     2.765071     3.413525
    3.455263     2.353092     2.765071
    4.400429     3.455263     2.353092
    4.058940     4.400429     3.455263
    2.786260     4.058940     4.400429
    1.752068     2.786260     4.058940
    3.665408     1.752068     2.786260
    3.935428     3.665408     1.752068
    3.754813     3.935428     3.665408
    3.049970     3.754813     3.935428
    2.860560     3.049970     3.754813
    3.696476     2.860560     3.049970
    2.659149     3.696476     2.860560
    1.151659     2.659149     3.696476
    3.394443     1.151659     2.659149
    5.148021     3.394443     1.151659
    5.306307     5.148021     3.394443
    3.596880     5.306307     5.148021
    2.109286     3.596880     5.306307
    3.074670     2.109286     3.596880
    3.454566     3.074670     2.109286
    2.826295     3.454566     3.074670
    3.764589     2.826295     3.454566
    2.684045     3.764589     2.826295
    4.352013     2.684045     3.764589
    2.244687     4.352013     2.684045
    4.294442     2.244687     4.352013
    2.332269     4.294442     2.244687
    3.090287     2.332269     4.294442
    2.301844     3.090287     2.332269
    2.263747     2.301844     3.090287
    3.102356     2.263747     2.301844
    4.360608     3.102356     2.263747
    3.882635     4.360608     3.102356
    3.090429     3.882635     4.360608
    3.643441     3.090429     3.882635
    3.095622     3.643441     3.090429
    3.144428     3.095622     3.643441
    3.691376     3.144428     3.095622
    3.463838     3.691376     3.144428
    4.434991     3.463838     3.691376
    2.856394     4.434991     3.463838
    3.282477     2.856394     4.434991
    2.000487     3.282477     2.856394
    2.627229     2.000487     3.282477
    3.906723     2.627229     2.000487
    3.537061     3.906723     2.627229
    3.073143     3.537061     3.906723
    3.203619     3.073143     3.537061
    2.587570     3.203619     3.073143
    3.106631     2.587570     3.203619
    2.225395     3.106631     2.587570
    4.199848     2.225395     3.106631
    2.792924     4.199848     2.225395
    3.025175     2.792924     4.199848
    2.537274     3.025175     2.792924
    1.617802     2.537274     3.025175
    3.007236     1.617802     2.537274
    0.365451     3.007236     1.617802
    1.117681     0.365451     3.007236
    0.819621     1.117681     0.365451
    0.329911     0.819621     1.117681
    1.408225     0.329911     0.819621
    1.391627     1.408225     0.329911
    1.096838     1.391627     1.408225
    3.038856     1.096838     1.391627
    2.557533     3.038856     1.096838
    2.451616     2.557533     3.038856
    2.018869     2.451616     2.557533
    2.906541     2.018869     2.451616
    2.460877     2.906541     2.018869
    2.658161     2.460877     2.906541
    2.970914     2.658161     2.460877
    3.564298     2.970914     2.658161
    3.935993     3.564298     2.970914
    4.456614     3.935993     3.564298
    4.044335     4.456614     3.935993
    3.046266     4.044335     4.456614
    2.988716     3.046266     4.044335
    4.000860     2.988716     3.046266
    2.926084     4.000860     2.988716
    4.318378     2.926084     4.000860
    4.308085     4.318378     2.926084
    3.117580     4.308085     4.318378
    3.430844     3.117580     4.308085
    3.850046     3.430844     3.117580
    1.339848     3.850046     3.430844
    1.612367     1.339848     3.850046
    2.941779     1.612367     1.339848
    3.700555     2.941779     1.612367
    1.439311     3.700555     2.941779
    1.020241     1.439311     3.700555
    1.372544     1.020241     1.439311
    1.542310     1.372544     1.020241
   -0.108148     1.542310     1.372544
    2.072196    -0.108148     1.542310
    1.474035     2.072196    -0.108148
    1.820525     1.474035     2.072196
    2.641706     1.820525     1.474035
    4.240672     2.641706     1.820525
    3.056962     4.240672     2.641706
    3.134687     3.056962     4.240672
    2.013817     3.134687     3.056962
    2.023029     2.013817     3.134687
    0.599536     2.023029     2.013817
    2.263766     0.599536     2.023029
    2.912163     2.263766     0.599536
    2.825141     2.912163     2.263766
    2.176013     2.825141     2.912163
    0.880202     2.176013     2.825141
    0.241363     0.880202     2.176013
    1.759485     0.241363     0.880202
    1.722347     1.759485     0.241363
    0.376110     1.722347     1.759485
    1.598028     0.376110     1.722347
    0.403995     1.598028     0.376110
    2.252819     0.403995     1.598028
    3.359763     2.252819     0.403995
    2.262990     3.359763     2.252819
    3.643962     2.262990     3.359763
    3.398108     3.643962     2.262990
    2.549481     3.398108     3.643962
    2.422926     2.549481     3.398108
    0.564699     2.422926     2.549481
    1.601695     0.564699     2.422926
    2.444203     1.601695     0.564699
    2.534586     2.444203     1.601695
    1.752930     2.534586     2.444203
    2.018202     1.752930     2.534586
    1.785569     2.018202     1.752930
    2.864872     1.785569     2.018202
    2.760464     2.864872     1.785569
    2.425497     2.760464     2.864872
    1.033088     2.425497     2.760464
    2.540597     1.033088     2.425497
    2.377634     2.540597     1.033088
    2.547233     2.377634     2.540597
    2.831454     2.547233     2.377634
    4.577005     2.831454     2.547233
    3.884568     4.577005     2.831454
    4.078882     3.884568     4.577005
    3.395084     4.078882     3.884568
    4.402305     3.395084     4.078882
    2.384330     4.402305     3.395084
    1.921668     2.384330     4.402305
    3.767912     1.921668     2.384330
    2.744579     3.767912     1.921668
    0.398692     2.744579     3.767912
    1.868581     0.398692     2.744579
    2.313792     1.868581     0.398692
    3.852900     2.313792     1.868581
    3.203861     3.852900     2.313792
    3.287649     3.203861     3.852900
    3.617453     3.287649     3.203861
    3.444745     3.617453     3.287649
    2.353477     3.444745     3.617453
    3.175385     2.353477     3.444745
    2.328514     3.175385     2.353477
    2.699043     2.328514     3.175385
    1.276604     2.699043     2.328514
    3.175754     1.276604     2.699043
    2.347895     3.175754     1.276604
    2.681068     2.347895     3.175754
    4.024770     2.681068     2.347895
    4.615717     4.024770     2.681068
    2.936322     4.615717     4.024770
    2.143474     2.936322     4.615717
    1.658219     2.143474     2.936322
    3.294939     1.658219     2.143474
    1.924766     3.294939     1.658219
    1.942568     1.924766     3.294939
    2.336472     1.942568     1.924766
    3.314763     2.336472     1.942568
    4.182840     3.314763     2.336472
    3.041663     4.182840     3.314763
    4.656019     3.041663     4.182840
    3.420575     4.656019     3.041663
    4.537083     3.420575     4.656019
    5.449445     4.537083     3.420575
    5.022484     5.449445     4.537083
    4.568842     5.022484     5.449445
    4.195855     4.568842     5.022484
    5.351727     4.195855     4.568842
    3.979245     5.351727     4.195855
    3.277134     3.979245     5.351727
    4.505137     3.277134     3.979245
    4.154696     4.505137     3.277134
    2.668477     4.154696     4.505137
    4.026008     2.668477     4.154696
    2.768912     4.026008     2.668477
    4.441301     2.768912     4.026008
    6.077294     4.441301     2.768912
    6.249426     6.077294     4.441301
    5.680585     6.249426     6.077294
    6.848964     5.680585     6.249426
    3.251939     6.848964     5.680585
    4.258598     3.251939     6.848964
    2.809658     4.258598     3.251939
    2.227493     2.809658     4.258598
    3.678014     2.227493     2.809658
    4.132630     3.678014     2.227493
    4.764776     4.132630     3.678014
    5.829337     4.764776     4.132630
    5.470913     5.829337     4.764776
    6.403439     5.470913     5.829337
    6.021347     6.403439     5.470913
    3.602163     6.021347     6.403439
    3.878060     3.602163     6.021347
    2.992043     3.878060     3.602163
    2.205798     2.992043     3.878060
   -0.386248     2.205798     2.992043
    2.265352    -0.386248     2.205798
    1.371107     2.265352    -0.386248
    3.023684     1.371107     2.265352
    1.722413     3.023684     1.371107
    1.926881     1.722413     3.023684
    1.226231     1.926881     1.722413
    1.178562     1.226231     1.926881
    1.637940     1.178562     1.226231
    2.198344     1.637940     1.178562
    3.382080     2.198344     1.637940
    2.167256     3.382080     2.198344
    1.936583     2.167256     3.382080
    2.114743     1.936583     2.167256
    1.746132     2.114743     1.936583
    1.209771     1.746132     2.114743
    1.769136     1.209771     1.746132
    2.287307     1.769136     1.209771
    3.050397     2.287307     1.769136
    2.564909     3.050397     2.287307
    0.351950     2.564909     3.050397
    0.077054     0.351950     2.564909
    1.062324     0.077054     0.351950
    1.509358     1.062324     0.077054
    1.697584     1.509358     1.062324
    3.901696     1.697584     1.509358
    2.188494     3.901696     1.697584
    5.115372     2.188494     3.901696
    5.104172     5.115372     2.188494
    6.044954     5.104172     5.115372
    4.987156     6.044954     5.104172
    5.512668     4.987156     6.044954
    3.251951     5.512668     4.987156
    5.004147     3.251951     5.512668
    4.082815     5.004147     3.251951
    4.297511     4.082815     5.004147
    4.579368     4.297511     4.082815
    3.920855     4.579368     4.297511
    3.641753     3.920855     4.579368
    4.858746     3.641753     3.920855
    3.686442     4.858746     3.641753
    2.257283     3.686442     4.858746
    2.246444     2.257283     3.686442
    2.511918     2.246444     2.257283
    2.316495     2.511918     2.246444
    2.081470     2.316495     2.511918
    1.986348     2.081470     2.316495
    3.721555     1.986348     2.081470
    1.745384     3.721555     1.986348
    3.171336     1.745384     3.721555
    3.873565     3.171336     1.745384
    3.924771     3.873565     3.171336
    0.334893     3.924771     3.873565
    3.186917     0.334893     3.924771
    3.240626     3.186917     0.334893
    4.335503     3.240626     3.186917
    2.176707     4.335503     3.240626
    4.298831     2.176707     4.335503
    3.626805     4.298831     2.176707
    4.217767     3.626805     4.298831
    3.151475     4.217767     3.626805
    3.480281     3.151475     4.217767
    2.201554     3.480281     3.151475
    2.555977     2.201554     3.480281
    3.283171     2.555977     2.201554
    2.763496     3.283171     2.555977
    3.236943     2.763496     3.283171
    2.308121     3.236943     2.763496
    2.137176     2.308121     3.236943
    3.255457     2.137176     2.308121
    3.557699     3.255457     2.137176
    4.682544     3.557699     3.255457
    3.083412     4.682544     3.557699
    3.560394     3.083412     4.682544
    3.442578     3.560394     3.083412
    4.298727     3.442578     3.560394
    2.898247     4.298727     3.442578
    4.618881     2.898247     4.298727
    3.939933     4.618881     2.898247
    3.083695     3.939933     4.618881
    2.838319     3.083695     3.939933
    2.875792     2.838319     3.083695
    2.220624     2.875792     2.838319
    2.010034     2.220624     2.875792
    1.907961     2.010034     2.220624
    2.656150     1.907961     2.010034
    2.720473     2.656150     1.907961
    2.352293     2.720473     2.656150
    1.903360     2.352293     2.720473
    3.398163     1.903360     2.352293
    3.942430     3.398163     1.903360
    3.517107     3.942430     3.398163
    3.044529     3.517107     3.942430
    2.048555     3.044529     3.517107
    3.617999     2.048555     3.044529
    3.873345     3.617999     2.048555
    3.064941     3.873345     3.617999
    4.627500     3.064941     3.873345
    4.661198     4.627500     3.064941
    5.047539     4.661198     4.627500
    5.814669     5.047539     4.661198
    6.154030     5.814669     5.047539
    4.929099     6.154030     5.814669
    6.101823     4.929099     6.154030
    4.280498     6.101823     4.929099
    2.604438     4.280498     6.101823
    2.719689     2.604438     4.280498
    3.078695     2.719689     2.604438
    3.470663     3.078695     2.719689
    3.796214     3.470663     3.078695
    5.375655     3.796214     3.470663
    3.446207     5.375655     3.796214
    4.784054     3.446207     5.375655
    3.396318     4.784054     3.446207
    2.795166     3.396318     4.784054
    1.788453     2.795166     3.396318
    1.648627     1.788453     2.795166
    2.962869     1.648627     1.788453
    3.273336     2.962869     1.648627
    2.091533     3.273336     2.962869
    3.571817     2.091533     3.273336
    1.818312     3.571817     2.091533
    2.774982     1.818312     3.571817
    2.416733     2.774982     1.818312
    2.866211     2.416733     2.774982
    2.418350     2.866211     2.416733
    2.134495     2.418350     2.866211
    1.163548     2.134495     2.418350
    2.516754     1.163548     2.134495
    2.237772     2.516754     1.163548
    3.329777     2.237772     2.516754
    3.321683     3.329777     2.237772
    3.408525     3.321683     3.329777
    3.123699     3.408525     3.321683
    3.389385     3.123699     3.408525
    3.914488     3.389385     3.123699
    5.028628     3.914488     3.389385
    3.465194     5.028628     3.914488
    1.717118     3.465194     5.028628
    2.337918     1.717118     3.465194
    1.808685     2.337918     1.717118
    1.099406     1.808685     2.337918
    2.707394     1.099406     1.808685
    2.473535     2.707394     1.099406
    2.726826     2.473535     2.707394
    1.970729     2.726826     2.473535
    2.939024     1.970729     2.726826
    3.136352     2.939024     1.970729
    3.098215     3.136352     2.939024
    2.720268     3.098215     3.136352
    3.634667     2.720268     3.098215
    1.511795     3.634667     2.720268
    0.884611     1.511795     3.634667
    3.589654     0.884611     1.511795
    2.110705     3.589654     0.884611
    2.244610     2.110705     3.589654
    1.547989     2.244610     2.110705
    3.025398     1.547989     2.244610
    3.406268     3.025398     1.547989
    2.820465     3.406268     3.025398
    3.139498     2.820465     3.406268
    1.893338     3.139498     2.820465
    2.156240     1.893338     3.139498
    0.588744     2.156240     1.893338
    2.860803     0.588744     2.156240
    1.934066     2.860803     0.588744
    0.688128     1.934066     2.860803
   -0.603116     0.688128     1.934066
    2.102929    -0.603116     0.688128
    2.075693     2.102929    -0.603116
    1.507795     2.075693     2.102929
    2.932653     1.507795     2.075693
    2.639984     2.932653     1.507795
    3.704437     2.639984     2.932653
    4.232521     3.704437     2.639984
    4.507270     4.232521     3.704437
    4.771539     4.507270     4.232521
    3.368178     4.771539     4.507270
    2.145900     3.368178     4.771539
    2.180058     2.145900     3.368178
    2.779850     2.180058     2.145900
    2.804321     2.779850     2.180058
    2.919215     2.804321     2.779850
    3.117459     2.919215     2.804321
