    2.749615     1.552994     4.918197
    2.081403     2.749615     1.552994
    2.808276     2.081403     2.749615
    1.892841     2.808276     2.081403
    2.708444     1.892841     2.808276
    3.100727     2.708444     1.892841
    5.113719     3.100727     2.708444
    5.115735     5.113719     3.100727
    4.472285     5.115735     5.113719
    5.736036     4.472285     5.115735
    6.296975     5.736036     4.472285
    6.123925     6.296975     5.736036
    6.730425     6.123925     6.296975
    6.539096     6.730425     6.123925
    4.645321     6.539096     6.730425
    3.475792     4.645321     6.539096
    3.262968     3.475792     4.645321
    1.998287     3.262968     3.475792
    1.601415     1.998287     3.262968
    2.886450     1.601415     1.998287
    3.478442     2.886450     1.601415
    3.289033     3.478442     2.886450
    3.876784     3.289033     3.478442
    2.717548     3.876784     3.289033
    3.073638     2.717548     3.876784
    3.140097     3.073638     2.717548
    3.731317     3.140097     3.073638
    3.474767     3.731317     3.140097
    4.857495     3.474767     3.731317
    4.437671     4.857495     3.474767
    3.172598     4.437671     4.857495
    3.914937     3.172598     4.437671
    3.327746     3.914937     3.172598
    1.782906     3.327746     3.914937
    3.665591     1.782906     3.327746
    2.894642     3.665591     1.782906
    4.082174     2.894642     3.665591
    4.911371     4.082174     2.894642
    5.819155     4.911371     4.082174
    5.495043     5.819155     4.911371
    5.974835     5.495043     5.819155
    4.360475     5.974835     5.495043
    3.794624     4.360475     5.974835
    5.845772     3.794624     4.360475
    4.080048     5.845772     3.794624
    3.113229     4.080048     5.845772
    3.623662     3.113229     4.080048
    2.263050     3.623662     3.113229
    3.647455     2.263050     3.623662
    4.093088     3.647455     2.263050
    0.748715     4.093088     3.647455
    1.913751     0.748715     4.093088
    2.589433     1.913751     0.748715
    1.968033     2.589433     1.913751
    1.668238     1.968033     2.589433
    1.939777     1.668238     1.968033
    1.971747     1.939777     1.668238
    0.688202     1.971747     1.939777
    1.615141     0.688202     1.971747
    1.262283     1.615141     0.688202
    2.103680     1.262283     1.615141
    3.895804     2.103680     1.262283
    5.194299     3.895804     2.103680
    4.035492     5.194299     3.895804
    6.247100     4.035492     5.194299
    4.154109     6.247100     4.035492
    3.821822     4.154109     6.247100
    4.673163     3.821822     4.154109
    4.527014     4.673163     3.821822
    2.377354     4.527014     4.673163
    1.663578     2.377354     4.527014
    1.177056     1.663578     2.377354
    3.757339     1.177056     1.663578
    2.898582     3.757339     1.177056
    4.219964     2.898582     3.757339
    4.430686     4.219964     2.898582
    3.360191     4.430686     4.219964
    4.634514     3.360191     4.430686
    4.314639     4.634514     3.360191
    4.861071     4.314639     4.634514
    3.065307     4.861071     4.314639
    4.290063     3.065307     4.861071
    3.753886     4.290063     3.065307
    2.708318     3.753886     4.290063
    1.748811     2.708318     3.753886
    1.664947     1.748811     2.708318
    2.929199     1.664947     1.748811
    1.818109     2.929199     1.664947
    2.024343     1.818109     2.929199
    1.212688     2.024343     1.818109
    2.440830     1.212688     2.024343
    2.270941     2.440830     1.212688
    2.753997     2.270941     2.440830
    3.284520     2.753997     2.270941
    3.390432     3.284520     2.753997
    2.471934     3.390432     3.284520
    3.471240     2.471934     3.390432
    1.658692     3.471240     2.471934
    2.718578     1.658692     3.471240
    2.173710     2.718578     1.658692
    3.998922     2.173710     2.718578
    3.769972     3.998922     2.173710
    2.291046     3.769972     3.998922
    3.610759     2.291046     3.769972
    2.952118     3.610759     2.291046
    0.968690     2.952118     3.610759
    1.778767     0.968690     2.952118
    1.447097     1.778767     0.968690
    0.612195     1.447097     1.778767
    2.899518     0.612195     1.447097
    2.658578     2.899518     0.612195
    2.939993     2.658578     2.899518
    3.933362     2.939993     2.658578
    4.647493     3.933362     2.939993
    3.252710     4.647493     3.933362
    5.036928     3.252710     4.647493
    3.157467     5.036928     3.252710
    2.612062     3.157467     5.036928
    3.111287     2.612062     3.157467
    0.939359     3.111287     2.612062
    2.307510     0.939359     3.111287
    2.022181     2.307510     0.939359
    2.487009     2.022181     2.307510
    2.158769     2.487009     2.022181
    2.039855     2.158769     2.487009
    1.841928     2.039855     2.158769
    1.462574     1.841928     2.039855
    0.725401     1.462574     1.841928
    1.584870     0.725401     1.462574
    2.793824     1.584870     0.725401
    1.839911     2.793824     1.584870
    2.347413     1.839911     2.793824
    3.170506     2.347413     1.839911
    1.720264     3.170506     2.347413
    2.613800     1.720264     3.170506
    2.163130     2.613800     1.720264
    1.830176     2.163130     2.613800
    3.072600     1.830176     2.163130
    3.256377     3.072600     1.830176
    3.822188     3.256377     3.072600
    4.431228     3.822188     3.256377
    3.555361     4.431228     3.822188
    2.620851     3.555361     4.431228
    1.631706     2.620851     3.555361
    3.887606     1.631706     2.620851
    4.197709     3.887606     1.631706
    2.383074     4.197709     3.887606
    3.375516     2.383074     4.197709
    2.224313     3.375516     2.383074
    2.749922     2.224313     3.375516
    2.672728     2.749922     2.224313
    1.969994     2.672728     2.749922
    2.595605     1.969994     2.672728
    3.069493     2.595605     1.969994
    4.295819     3.069493     2.595605
    4.129458     4.295819     3.069493
    5.055360     4.129458     4.295819
    2.807264     5.055360     4.129458
    3.239396     2.807264     5.055360
    3.364377     3.239396     2.807264
    3.488149     3.364377     3.239396
    2.966105     3.488149     3.364377
    4.093290     2.966105     3.488149
    1.885479     4.093290     2.966105
    2.933655     1.885479     4.093290
    3.885525     2.933655     1.885479
    2.941590     3.885525     2.933655
    2.594381     2.941590     3.885525
    1.788507     2.594381     2.941590
    1.923910     1.788507     2.594381
    2.538265     1.923910     1.788507
    4.813181     2.538265     1.923910
    4.176166     4.813181     2.538265
    2.379346     4.176166     4.813181
    3.655614     2.379346     4.176166
    3.945186     3.655614     2.379346
    3.244770     3.945186     3.655614
    3.161633     3.244770     3.945186
    3.627752     3.161633     3.244770
    2.727689     3.627752     3.161633
    3.582011     2.727689     3.627752
    1.561056     3.582011     2.727689
    2.170794     1.561056     3.582011
    2.067265     2.170794     1.561056
    2.979934     2.067265     2.170794
    3.395542     2.979934     2.067265
    4.311497     3.395542     2.979934
    3.446928     4.311497     3.395542
    4.270838     3.446928     4.311497
    2.345712     4.270838     3.446928
    0.855073     2.345712     4.270838
    2.369685     0.855073     2.345712
    3.751042     2.369685     0.855073
    2.993191     3.751042     2.369685
    3.405915     2.993191     3.751042
    3.347515     3.405915     2.993191
    3.494960     3.347515     3.405915
    3.862339     3.494960     3.347515
    3.616956     3.862339     3.494960
    4.304955     3.616956     3.862339
    3.399682     4.304955     3.616956
    1.690274     3.399682     4.304955
    1.423094     1.690274     3.399682
    2.352882     1.423094     1.690274
    0.730436     2.352882     1.423094
    1.311434     0.730436     2.352882
    0.327086     1.311434     0.730436
    1.078441     0.327086     1.311434
    1.021205     1.078441     0.327086
    1.920196     1.021205     1.078441
    2.732805     1.920196     1.021205
    3.189293     2.732805     1.920196
    2.812122     3.189293     2.732805
    4.695404     2.812122     3.189293
    5.015540     4.695404     2.812122
    5.815394     5.015540     4.695404
    6.387617     5.815394     5.015540
    5.452687     6.387617     5.815394
    6.443006     5.452687     6.387617
    4.062346     6.443006     5.452687
    4.182949     4.062346     6.443006
    5.426848     4.182949     4.062346
    5.522058     5.426848     4.182949
    5.700041     5.522058     5.426848
    3.734961     5.700041     5.522058
    3.774491     3.734961     5.700041
    2.390940     3.774491     3.734961
    3.895123     2.390940     3.774491
    3.185767     3.895123     2.390940
    2.876929     3.185767     3.895123
    4.037253     2.876929     3.185767
    2.919319     4.037253     2.876929
    4.068692     2.919319     4.037253
    4.652021     4.068692     2.919319
    3.059426     4.652021     4.068692
    3.968079     3.059426     4.652021
    5.703071     3.968079     3.059426
    4.769539     5.703071     3.968079
    5.851933     4.769539     5.703071
    6.045171     5.851933     4.769539
    3.742953     6.045171     5.851933
    1.648397     3.742953     6.045171
    3.268379     1.648397     3.742953
    2.658831     3.268379     1.648397
    2.488956     2.658831     3.268379
    1.893897     2.488956     2.658831
    3.077384     1.893897     2.488956
    2.426053     3.077384     1.893897
    2.816432     2.426053     3.077384
    3.143513     2.816432     2.426053
    2.358130     3.143513     2.816432
    2.672950     2.358130     3.143513
    5.616084     2.672950     2.358130
    3.175927     5.616084     2.672950
    4.416717     3.175927     5.616084
    2.383135     4.416717     3.175927
    1.967800     2.383135     4.416717
    2.619090     1.967800     2.383135
    2.876844     2.619090     1.967800
    1.794268     2.876844     2.619090
    2.723476     1.794268     2.876844
    3.223329     2.723476     1.794268
    2.175273     3.223329     2.723476
    1.285405     2.175273     3.223329
    2.970648     1.285405     2.175273
    3.008999     2.970648     1.285405
    3.811607     3.008999     2.970648
    3.737558     3.811607     3.008999
    3.613757     3.737558     3.811607
    2.604948     3.613757     3.737558
    2.644518     2.604948     3.613757
    3.730849     2.644518     2.604948
    2.854647     3.730849     2.644518
    3.455696     2.854647     3.730849
    1.951728     3.455696     2.854647
    1.903335     1.951728     3.455696
    3.881525     1.903335     1.951728
    2.039766     3.881525     1.903335
    2.054217     2.039766     3.881525
    2.806630     2.054217     2.039766
    2.023394     2.806630     2.054217
    0.960685     2.023394     2.806630
   -0.205458     0.960685     2.023394
    1.497184    -0.205458     0.960685
    1.120128     1.497184    -0.205458
    1.951022     1.120128     1.497184
    2.927200     1.951022     1.120128
    1.290903     2.927200     1.951022
    2.468524     1.290903     2.927200
    3.268710     2.468524     1.290903
    2.207426     3.268710     2.468524
    3.326780     2.207426     3.268710
    3.468024     3.326780     2.207426
    2.668691     3.468024     3.326780
    3.016775     2.668691     3.468024
    4.087938     3.016775     2.668691
    4.229070     4.087938     3.016775
    4.933873     4.229070     4.087938
    4.720370     4.933873     4.229070
    4.901661     4.720370     4.933873
    3.241887     4.901661     4.720370
    3.918518     3.241887     4.901661
    2.001134     3.918518     3.241887
    5.372944     2.001134     3.918518
    3.346301     5.372944     2.001134
    3.578411     3.346301     5.372944
    2.719854     3.578411     3.346301
    1.422383     2.719854     3.578411
    1.624933     1.422383     2.719854
    0.917011     1.624933     1.422383
    2.742447     0.917011     1.624933
    3.621480     2.742447     0.917011
    3.394870     3.621480     2.742447
    3.589168     3.394870     3.621480
    4.399379     3.589168     3.394870
    4.629269     4.399379     3.589168
    4.699044     4.629269     4.399379
    4.484919     4.699044     4.629269
    2.328970     4.484919     4.699044
    5.165656     2.328970     4.484919
    5.492844     5.165656     2.328970
    5.668799     5.492844     5.165656
    3.599711     5.668799     5.492844
    3.661007     3.599711     5.668799
    3.335797     3.661007     3.599711
    3.548070     3.335797     3.661007
    4.495497     3.548070     3.335797
    2.412318     4.495497     3.548070
    1.114745     2.412318     4.495497
    3.189715     1.114745     2.412318
    0.653223     3.189715     1.114745
   -0.089280     0.653223     3.189715
    0.377230    -0.089280     0.653223
   -0.374907     0.377230    -0.089280
    1.612071    -0.374907     0.377230
   -0.003826     1.612071    -0.374907
    1.335032    -0.003826     1.612071
    1.632153     1.335032    -0.003826
    0.970497     1.632153     1.335032
    1.231377     0.970497     1.632153
    0.458126     1.231377     0.970497
    1.316293     0.458126     1.231377
    1.367889     1.316293     0.458126
    2.147406     1.367889     1.316293
    2.636735     2.147406     1.367889
    3.537964     2.636735     2.147406
    4.417950     3.537964     2.636735
    5.227209     4.417950     3.537964
    6.232165     5.227209     4.417950
    4.488188     6.232165     5.227209
    4.187342     4.488188     6.232165
    2.873611     4.187342     4.488188
    1.952823     2.873611     4.187342
    2.465415     1.952823     2.873611
    2.070521     2.465415     1.952823
   -0.104423     2.070521     2.465415
   -0.251206    -0.104423     2.070521
    2.061370    -0.251206    -0.104423
    1.247344     2.061370    -0.251206
    0.732143     1.247344     2.061370
    0.774089     0.732143     1.247344
    1.739503     0.774089     0.732143
    3.738014     1.739503     0.774089
    2.134351     3.738014     1.739503
    1.893022     2.134351     3.738014
    1.014582     1.893022     2.134351
    0.602913     1.014582     1.893022
    3.281892     0.602913     1.014582
    1.705979     3.281892     0.602913
    2.237718     1.705979     3.281892
    1.218111     2.237718     1.705979
    2.685420     1.218111     2.237718
    2.608348     2.685420     1.218111
    3.264452     2.608348     2.685420
    3.078284     3.264452     2.608348
    2.072268     3.078284     3.264452
    2.809503     2.072268     3.078284
    2.771316     2.809503     2.072268
    1.064566     2.771316     2.809503
    2.436608     1.064566     2.771316
    2.707088     2.436608     1.064566
    3.076736     2.707088     2.436608
    2.538286     3.076736     2.707088
    0.724186     2.538286     3.076736
    1.284654     0.724186     2.538286
    2.596669     1.284654     0.724186
    1.907282     2.596669     1.284654
    3.307911     1.907282     2.596669
    2.575631     3.307911     1.907282
    2.825058     2.575631     3.307911
    3.296440     2.825058     2.575631
    3.527911     3.296440     2.825058
    3.737133     3.527911     3.296440
    2.658742     3.737133     3.527911
    1.862039     2.658742     3.737133
    3.828020     1.862039     2.658742
    4.586678     3.828020     1.862039
    3.198005     4.586678     3.828020
    5.562629     3.198005     4.586678
    4.453339     5.562629     3.198005
    6.713048     4.453339     5.562629
    6.962460     6.713048     4.453339
    6.132855     6.962460     6.713048
    5.004355     6.132855     6.962460
    3.249573     5.004355     6.132855
    4.497651     3.249573     5.004355
    3.806634     4.497651     3.249573
    3.755406     3.806634     4.497651
    3.765220     3.755406     3.806634
    3.411153     3.765220     3.755406
    4.111015     3.411153     3.765220
    4.047168     4.111015     3.411153
    3.984128     4.047168     4.111015
    4.209858     3.984128     4.047168
    4.537710     4.209858     3.984128
    6.593301     4.537710     4.209858
    6.355808     6.593301     4.537710
    6.100757     6.355808     6.593301
    6.920778     6.100757     6.355808
    4.969697     6.920778     6.100757
    4.368159     4.969697     6.920778
    6.180249     4.368159     4.969697
    2.546592     6.180249     4.368159
    3.124294     2.546592     6.180249
    3.827899     3.124294     2.546592
    3.458551     3.827899     3.124294
    2.489112     3.458551     3.827899
    3.766828     2.489112     3.458551
    2.176240     3.766828     2.489112
    2.597931     2.176240     3.766828
    2.841653     2.597931     2.176240
    4.858047     2.841653     2.597931
    2.846335     4.858047     2.841653
    3.399739     2.846335     4.858047
    4.276110     3.399739     2.846335
    2.360044     4.276110     3.399739
    3.769118     2.360044     4.276110
    4.181678     3.769118     2.360044
    3.343725     4.181678     3.769118
    2.789108     3.343725     4.181678
    3.431658     2.789108     3.343725
    2.040054     3.431658     2.789108
    2.591669     2.040054     3.431658
    2.327286     2.591669     2.040054
    2.566892     2.327286     2.591669
    3.088040     2.566892     2.327286
    4.311441     3.088040     2.566892
    3.195350     4.311441     3.088040
    4.281563     3.195350     4.311441
    3.745077     4.281563     3.195350
    4.983540     3.745077     4.281563
    6.335861     4.983540     3.745077
    5.417918     6.335861     4.983540
    3.394358     5.417918     6.335861
    2.592485     3.394358     5.417918
    3.359717     2.592485     3.394358
    2.281539     3.359717     2.592485
    2.250828     2.281539     3.359717
    2.597458     2.250828     2.281539
    2.893867     2.597458     2.250828
    3.064110     2.893867     2.597458
    4.458049     3.064110     2.893867
    2.910459     4.458049     3.064110
    5.277159     2.910459     4.458049
    1.230605     5.277159     2.910459
    0.948886     1.230605     5.277159
    2.613504     0.948886     1.230605
    1.546978     2.613504     0.948886
    2.695266     1.546978     2.613504
    2.394871     2.695266     1.546978
    3.163094     2.394871     2.695266
    2.726350     3.163094     2.394871
    3.002438     2.726350     3.163094
    3.800699     3.002438     2.726350
    4.114802     3.800699     3.002438
    2.908881     4.114802     3.800699
    1.820087     2.908881     4.114802
    0.616172     1.820087     2.908881
    0.694350     0.616172     1.820087
    0.453274     0.694350     0.616172
    1.741396     0.453274     0.694350
    2.179915     1.741396     0.453274
    3.012953     2.179915     1.741396
    2.381383     3.012953     2.179915
    2.706156     2.381383     3.012953
    0.704379     2.706156     2.381383
    2.784991     0.704379     2.706156
    1.666977     2.784991     0.704379
    1.928339     1.666977     2.784991
    2.903470     1.928339     1.666977
    2.203267     2.903470     1.928339
    3.453550     2.203267     2.903470
    3.260828     3.453550     2.203267
    3.672031     3.260828     3.453550
    3.272328     3.672031     3.260828
    2.437933     3.272328     3.672031
    5.218664     2.437933     3.272328
    5.380877     5.218664     2.437933
    5.220174     5.380877     5.218664
    4.716952     5.220174     5.380877
