    2.290459     2.198308     1.916716
    2.572074     2.290459     2.198308
    3.831573     2.572074     2.290459
    3.294757     3.831573     2.572074
    3.511279     3.294757     3.831573
    3.586728     3.511279     3.294757
    2.313601     3.586728     3.511279
    2.896558     2.313601     3.586728
    2.924712     2.896558     2.313601
    2.759609     2.924712     2.896558
    3.126156     2.759609     2.924712
    2.386293     3.126156     2.759609
    2.311904     2.386293     3.126156
    1.791885     2.311904     2.386293
   -0.730522     1.791885     2.311904
    1.258461    -0.730522     1.791885
    1.863757     1.258461    -0.730522
    2.208137     1.863757     1.258461
    1.227005     2.208137     1.863757
    2.422623     1.227005     2.208137
    3.541786     2.422623     1.227005
    0.919079     3.541786     2.422623
    1.538797     0.919079     3.541786
    2.784427     1.538797     0.919079
    2.779163     2.784427     1.538797
    1.598378     2.779163     2.784427
    2.607942     1.598378     2.779163
    2.825038     2.607942     1.598378
    2.948183     2.825038     2.607942
    3.205862     2.948183     2.825038
    2.738768     3.205862     2.948183
    5.328993     2.738768     3.205862
    3.573250     5.328993     2.738768
    3.502315     3.573250     5.328993
    1.093470     3.502315     3.573250
    5.197144     1.093470     3.502315
    3.893728     5.197144     1.093470
    5.164257     3.893728     5.197144
    3.996889     5.164257     3.893728
    4.279885     3.996889     5.164257
    4.465208     4.279885     3.996889
    4.317598     4.465208     4.279885
    4.642978     4.317598     4.465208
    2.188293     4.642978     4.317598
    2.850580     2.188293     4.642978
    2.632580     2.850580     2.188293
    2.028381     2.632580     2.850580
    4.213396     2.028381     2.632580
    3.999611     4.213396     2.028381
    4.923145     3.999611     4.213396
    5.370834     4.923145     3.999611
    5.113126     5.370834     4.923145
    4.934046     5.113126     5.370834
    5.649931     4.934046     5.113126
    3.806831     5.649931     4.934046
    2.681380     3.806831     5.649931
    2.990160     2.681380     3.806831
    2.735612     2.990160     2.681380
    4.627601     2.735612     2.990160
    5.027820     4.627601     2.735612
    3.951278     5.027820     4.627601
    5.792582     3.951278     5.027820
    3.494886     5.792582     3.951278
    2.433762     3.494886     5.792582
    3.997568     2.433762     3.494886
    3.792588     3.997568     2.433762
    3.013623     3.792588     3.997568
    3.953858     3.013623     3.792588
    1.999499     3.953858     3.013623
    1.042333     1.999499     3.953858
    0.571195     1.042333     1.999499
    0.005042     0.571195     1.042333
    1.685235     0.005042     0.571195
   -0.015160     1.685235     0.005042
    0.427595    -0.015160     1.685235
    0.546015     0.427595    -0.015160
    1.536338     0.546015     0.427595
    2.909237     1.536338     0.546015
    2.903885     2.909237     1.536338
    2.804331     2.903885     2.909237
    2.281236     2.804331     2.903885
    3.845085     2.281236     2.804331
    2.557760     3.845085     2.281236
    4.213140     2.557760     3.845085
    3.982578     4.213140     2.557760
    3.066878     3.982578     4.213140
    2.568297     3.066878     3.982578
    2.805268     2.568297     3.066878
    4.232487     2.805268     2.568297
    3.702396     4.232487     2.805268
    3.573966     3.702396     4.232487
    3.583488     3.573966     3.702396
    3.840798     3.583488     3.573966
    3.867433     3.840798     3.583488
    3.453107     3.867433     3.840798
    1.424990     3.453107     3.867433
    2.915833     1.424990     3.453107
    3.825452     2.915833     1.424990
    3.188273     3.825452     2.915833
    4.753235     3.188273     3.825452
    3.897726     4.753235     3.188273
    2.877293     3.897726     4.753235
    4.206403     2.877293     3.897726
    4.289653     4.206403     2.877293
    4.146612     4.289653     4.206403
    5.461808     4.146612     4.289653
    3.151371     5.461808     4.146612
    4.187936     3.151371     5.461808
    3.679832     4.187936     3.151371
    1.910592     3.679832     4.187936
    4.006170     1.910592     3.679832
    2.705594     4.006170     1.910592
    3.563042     2.705594     4.006170
    3.882611     3.563042     2.705594
    3.280783     3.882611     3.563042
    1.773694     3.280783     3.882611
    2.676354     1.773694     3.280783
    3.180163     2.676354     1.773694
    2.791824     3.180163     2.676354
    3.121816     2.791824     3.180163
    4.250244     3.121816     2.791824
    2.697607     4.250244     3.121816
    2.688921     2.697607     4.250244
    2.884617     2.688921     2.697607
    4.513048     2.884617     2.688921
    4.375089     4.513048     2.884617
    1.761545     4.375089     4.513048
    2.197845     1.761545     4.375089
    2.687565     2.197845     1.761545
    3.030162     2.687565     2.197845
    3.364978     3.030162     2.687565
    4.178376     3.364978     3.030162
    4.060661     4.178376     3.364978
    4.059632     4.060661     4.178376
    1.827147     4.059632     4.060661
    1.580458     1.827147     4.059632
    2.617737     1.580458     1.827147
    2.464748     2.617737     1.580458
    2.937230     2.464748     2.617737
    2.657025     2.937230     2.464748
    2.109318     2.657025     2.937230
    4.657211     2.109318     2.657025
    5.178774     4.657211     2.109318
    6.061644     5.178774     4.657211
    5.012772     6.061644     5.178774
    3.698858     5.012772     6.061644
    2.596683     3.698858     5.012772
    2.251718     2.596683     3.698858
    2.990828     2.251718     2.596683
    2.681248     2.990828     2.251718
    5.066365     2.681248     2.990828
    3.556034     5.066365     2.681248
    3.408617     3.556034     5.066365
    5.563488     3.408617     3.556034
    3.136152     5.563488     3.408617
    2.836539     3.136152     5.563488
    2.557020     2.836539     3.136152
    2.930715     2.557020     2.836539
    3.034400     2.930715     2.557020
    4.176473     3.034400     2.930715
    2.776535     4.176473     3.034400
    3.760653     2.776535     4.176473
    4.028848     3.760653     2.776535
    2.961709     4.028848     3.760653
    1.737862     2.961709     4.028848
    2.458914     1.737862     2.961709
    2.092290     2.458914     1.737862
    1.579579     2.092290     2.458914
    4.255458     1.579579     2.092290
    2.233642     4.255458     1.579579
    3.217292     2.233642     4.255458
    2.629921     3.217292     2.233642
    2.753315     2.629921     3.217292
    3.174416     2.753315     2.629921
    1.865115     3.174416     2.753315
    3.306008     1.865115     3.174416
    2.019712     3.306008     1.865115
    3.840914     2.019712     3.306008
    4.042197     3.840914     2.019712
    2.518106     4.042197     3.840914
    1.447335     2.518106     4.042197
    1.761025     1.447335     2.518106
    1.623160     1.761025     1.447335
    2.367743     1.623160     1.761025
    3.903962     2.367743     1.623160
    4.035370     3.903962     2.367743
    2.008389     4.035370     3.903962
    2.901277     2.008389     4.035370
    3.319011     2.901277     2.008389
    2.854630     3.319011     2.901277
    3.978223     2.854630     3.319011
    3.947386     3.978223     2.854630
    5.035039     3.947386     3.978223
    4.016974     5.035039     3.947386
    4.545718     4.016974     5.035039
    6.071727     4.545718     4.016974
    4.970749     6.071727     4.545718
    5.190981     4.970749     6.071727
    4.130255     5.190981     4.970749
    5.684952     4.130255     5.190981
    4.399677     5.684952     4.130255
    5.975214     4.399677     5.684952
    5.569385     5.975214     4.399677
    5.683308     5.569385     5.975214
    3.585440     5.683308     5.569385
    4.488788     3.585440     5.683308
    5.026708     4.488788     3.585440
    3.806465     5.026708     4.488788
    5.000262     3.806465     5.026708
    4.913488     5.000262     3.806465
    0.527538     4.913488     5.000262
    2.492251     0.527538     4.913488
    2.614437     2.492251     0.527538
    4.906737     2.614437     2.492251
    2.448057     4.906737     2.614437
    1.264412     2.448057     4.906737
    1.674425     1.264412     2.448057
    3.831409     1.674425     1.264412
    3.233219     3.831409     1.674425
    3.167277     3.233219     3.831409
    3.393219     3.167277     3.233219
    2.434960     3.393219     3.167277
    2.459125     2.434960     3.393219
    1.341854     2.459125     2.434960
    2.674882     1.341854     2.459125
    2.944005     2.674882     1.341854
    4.425582     2.944005     2.674882
    2.617678     4.425582     2.944005
    4.007379     2.617678     4.425582
    2.350261     4.007379     2.617678
    3.605899     2.350261     4.007379
    2.272146     3.605899     2.350261
    3.226211     2.272146     3.605899
    3.011431     3.226211     2.272146
    2.410019     3.011431     3.226211
    2.000583     2.410019     3.011431
    2.229777     2.000583     2.410019
    0.698254     2.229777     2.000583
    1.046533     0.698254     2.229777
    1.123979     1.046533     0.698254
    2.223458     1.123979     1.046533
    2.202593     2.223458     1.123979
    3.621672     2.202593     2.223458
    4.362707     3.621672     2.202593
    5.629958     4.362707     3.621672
    2.971797     5.629958     4.362707
    4.944047     2.971797     5.629958
    6.413500     4.944047     2.971797
    6.287267     6.413500     4.944047
    4.759965     6.287267     6.413500
    6.629638     4.759965     6.287267
    5.850706     6.629638     4.759965
    3.740410     5.850706     6.629638
    4.086971     3.740410     5.850706
    4.680574     4.086971     3.740410
    5.397261     4.680574     4.086971
    5.550228     5.397261     4.680574
    3.516862     5.550228     5.397261
    3.885200     3.516862     5.550228
    3.394740     3.885200     3.516862
    3.528453     3.394740     3.885200
    5.210537     3.528453     3.394740
    5.912964     5.210537     3.528453
    5.028379     5.912964     5.210537
    4.190747     5.028379     5.912964
    4.251738     4.190747     5.028379
    3.538875     4.251738     4.190747
    3.615264     3.538875     4.251738
    4.116174     3.615264     3.538875
    4.428739     4.116174     3.615264
    3.461136     4.428739     4.116174
    2.703941     3.461136     4.428739
    2.205220     2.703941     3.461136
    1.385856     2.205220     2.703941
    1.692260     1.385856     2.205220
    1.258433     1.692260     1.385856
   -0.026996     1.258433     1.692260
    0.763930    -0.026996     1.258433
    0.018388     0.763930    -0.026996
    1.658528     0.018388     0.763930
    3.045094     1.658528     0.018388
    1.810788     3.045094     1.658528
    4.840423     1.810788     3.045094
    4.557781     4.840423     1.810788
    6.034438     4.557781     4.840423
    3.498121     6.034438     4.557781
    3.828358     3.498121     6.034438
    2.970978     3.828358     3.498121
    4.467112     2.970978     3.828358
    4.901581     4.467112     2.970978
    3.037705     4.901581     4.467112
    2.054870     3.037705     4.901581
    3.311094     2.054870     3.037705
    2.228480     3.311094     2.054870
    2.414007     2.228480     3.311094
    4.548576     2.414007     2.228480
    4.683879     4.548576     2.414007
    4.528241     4.683879     4.548576
    4.843753     4.528241     4.683879
    4.530238     4.843753     4.528241
    4.503790     4.530238     4.843753
    2.923089     4.503790     4.530238
    4.081209     2.923089     4.503790
    4.900824     4.081209     2.923089
    4.961800     4.900824     4.081209
    4.179074     4.961800     4.900824
    3.394833     4.179074     4.961800
    3.548682     3.394833     4.179074
    4.510280     3.548682     3.394833
    3.783574     4.510280     3.548682
    4.575430     3.783574     4.510280
    4.229016     4.575430     3.783574
    4.003986     4.229016     4.575430
    3.697387     4.003986     4.229016
    2.340859     3.697387     4.003986
    2.114905     2.340859     3.697387
    1.880611     2.114905     2.340859
    2.514943     1.880611     2.114905
    1.515249     2.514943     1.880611
    1.443759     1.515249     2.514943
    3.913690     1.443759     1.515249
    3.096123     3.913690     1.443759
    3.530351     3.096123     3.913690
    1.820035     3.530351     3.096123
    1.907230     1.820035     3.530351
    1.609407     1.907230     1.820035
    4.604087     1.609407     1.907230
    3.789887     4.604087     1.609407
    2.177836     3.789887     4.604087
    4.033571     2.177836     3.789887
    2.705507     4.033571     2.177836
    3.219412     2.705507     4.033571
    2.788807     3.219412     2.705507
    4.320632     2.788807     3.219412
    2.791980     4.320632     2.788807
    5.338055     2.791980     4.320632
    4.486162     5.338055     2.791980
    4.379734     4.486162     5.338055
    2.511525     4.379734     4.486162
    3.816825     2.511525     4.379734
    4.065436     3.816825     2.511525
    4.485703     4.065436     3.816825
    5.038491     4.485703     4.065436
    5.702779     5.038491     4.485703
    3.541435     5.702779     5.038491
    4.374855     3.541435     5.702779
    3.589885     4.374855     3.541435
    4.511320     3.589885     4.374855
    5.049497     4.511320     3.589885
    3.913185     5.049497     4.511320
    4.647202     3.913185     5.049497
    2.846979     4.647202     3.913185
    3.982297     2.846979     4.647202
    4.218118     3.982297     2.846979
    4.985768     4.218118     3.982297
    5.930333     4.985768     4.218118
    4.424920     5.930333     4.985768
    3.695307     4.424920     5.930333
    3.319513     3.695307     4.424920
    3.430184     3.319513     3.695307
    4.679519     3.430184     3.319513
    5.049557     4.679519     3.430184
    2.654913     5.049557     4.679519
    1.683102     2.654913     5.049557
    3.304426     1.683102     2.654913
    2.817787     3.304426     1.683102
    3.582975     2.817787     3.304426
    2.694254     3.582975     2.817787
    4.748169     2.694254     3.582975
    4.781002     4.748169     2.694254
    2.582980     4.781002     4.748169
    3.695923     2.582980     4.781002
    3.815985     3.695923     2.582980
    1.968872     3.815985     3.695923
    1.516157     1.968872     3.815985
    2.900891     1.516157     1.968872
    3.240525     2.900891     1.516157
    2.993671     3.240525     2.900891
    2.776352     2.993671     3.240525
    2.850112     2.776352     2.993671
    2.461660     2.850112     2.776352
    3.994005     2.461660     2.850112
    4.838696     3.994005     2.461660
    2.694406     4.838696     3.994005
    3.588688     2.694406     4.838696
    3.330839     3.588688     2.694406
    1.747286     3.330839     3.588688
    1.428894     1.747286     3.330839
    1.204520     1.428894     1.747286
    2.022744     1.204520     1.428894
    2.708000     2.022744     1.204520
    3.898196     2.708000     2.022744
    2.632999     3.898196     2.708000
    2.532117     2.632999     3.898196
    2.183570     2.532117     2.632999
    4.868448     2.183570     2.532117
    3.118062     4.868448     2.183570
    3.193215     3.118062     4.868448
    4.618639     3.193215     3.118062
    5.163170     4.618639     3.193215
    3.781605     5.163170     4.618639
    5.626275     3.781605     5.163170
    4.376502     5.626275     3.781605
    4.273017     4.376502     5.626275
    5.738637     4.273017     4.376502
    4.290392     5.738637     4.273017
    5.384133     4.290392     5.738637
    6.688187     5.384133     4.290392
    7.134596     6.688187     5.384133
    6.396961     7.134596     6.688187
    5.960144     6.396961     7.134596
    6.303265     5.960144     6.396961
    4.176349     6.303265     5.960144
    4.141782     4.176349     6.303265
    4.009549     4.141782     4.176349
    4.244333     4.009549     4.141782
    3.679569     4.244333     4.009549
    3.086441     3.679569     4.244333
    3.168800     3.086441     3.679569
    2.531604     3.168800     3.086441
    2.663020     2.531604     3.168800
    1.827073     2.663020     2.531604
    3.398835     1.827073     2.663020
    3.201379     3.398835     1.827073
    5.071121     3.201379     3.398835
    2.042488     5.071121     3.201379
    0.749297     2.042488     5.071121
    1.728251     0.749297     2.042488
    2.455527     1.728251     0.749297
    2.525719     2.455527     1.728251
    3.052818     2.525719     2.455527
    2.396463     3.052818     2.525719
    1.777796     2.396463     3.052818
    1.080947     1.777796     2.396463
    4.331709     1.080947     1.777796
    4.511959     4.331709     1.080947
    3.846876     4.511959     4.331709
    4.765923     3.846876     4.511959
    3.574847     4.765923     3.846876
    3.795859     3.574847     4.765923
    5.152783     3.795859     3.574847
    4.966195     5.152783     3.795859
    4.688986     4.966195     5.152783
    3.382364     4.688986     4.966195
    2.424000     3.382364     4.688986
    2.756756     2.424000     3.382364
    2.646311     2.756756     2.424000
    0.950632     2.646311     2.756756
    1.582621     0.950632     2.646311
    2.118010     1.582621     0.950632
    2.570061     2.118010     1.582621
    0.599071     2.570061     2.118010
    1.047040     0.599071     2.570061
    3.440633     1.047040     0.599071
    2.896914     3.440633     1.047040
    2.028339     2.896914     3.440633
    3.047652     2.028339     2.896914
    3.268173     3.047652     2.028339
    2.800964     3.268173     3.047652
    5.383209     2.800964     3.268173
    4.506266     5.383209     2.800964
    4.311571     4.506266     5.383209
    3.934149     4.311571     4.506266
    1.918974     3.934149     4.311571
    2.929109     1.918974     3.934149
    2.551662     2.929109     1.918974
    2.759749     2.551662     2.929109
    2.373426     2.759749     2.551662
    3.999317     2.373426     2.759749
    2.603298     3.999317     2.373426
    2.560351     2.603298     3.999317
    1.688916     2.560351     2.603298
    1.992802     1.688916     2.560351
    3.127623     1.992802     1.688916
    3.462561     3.127623     1.992802
    1.985281     3.462561     3.127623
    2.095620     1.985281     3.462561
    3.088417     2.095620     1.985281
    2.867790     3.088417     2.095620
    4.650001     2.867790     3.088417
    3.147367     4.650001     2.867790
    3.954127     3.147367     4.650001
    3.487619     3.954127     3.147367
    5.762805     3.487619     3.954127
    5.026021     5.762805     3.487619
    4.292265     5.026021     5.762805
    3.304737     4.292265     5.026021
    2.750909     3.304737     4.292265
    2.865254     2.750909     3.304737
    3.084512     2.865254     2.750909
    4.481656     3.084512     2.865254
    1.621238     4.481656     3.084512
    4.671210     1.621238     4.481656
    4.356452     4.671210     1.621238
    2.364431     4.356452     4.671210
    1.230836     2.364431     4.356452
    3.870408     1.230836     2.364431
    3.020832     3.870408     1.230836
    1.430043     3.020832     3.870408
    2.355576     1.430043     3.020832
