    2.399197     1.266693     2.504145
    2.091755     2.399197     1.266693
    2.777243     2.091755     2.399197
    2.941873     2.777243     2.091755
    4.199568     2.941873     2.777243
    2.654201     4.199568     2.941873
    2.152022     2.654201     4.199568
    2.562514     2.152022     2.654201
    2.568886     2.562514     2.152022
    3.633738     2.568886     2.562514
    3.233945     3.633738     2.568886
    2.201899     3.233945     3.633738
    2.530784     2.201899     3.233945
    4.404383     2.530784     2.201899
    2.325682     4.404383     2.530784
    3.273950     2.325682     4.404383
    2.563342     3.273950     2.325682
    3.728725     2.563342     3.273950
    3.204576     3.728725     2.563342
    3.942653     3.204576     3.728725
    4.474549     3.942653     3.204576
    5.747124     4.474549     3.942653
    3.845706     5.747124     4.474549
    3.051502     3.845706     5.747124
    3.059370     3.051502     3.845706
    4.435669     3.059370     3.051502
    4.116983     4.435669     3.059370
    4.178710     4.116983     4.435669
    4.449035     4.178710     4.116983
    3.178081     4.449035     4.178710
    3.118644     3.178081     4.449035
    3.394905     3.118644     3.178081
    3.161462     3.394905     3.118644
    2.089014     3.161462     3.394905
    3.579451     2.089014     3.161462
    2.057571     3.579451     2.089014
    1.958406     2.057571     3.579451
    0.913770     1.958406     2.057571
    2.542405     0.913770     1.958406
    2.746777     2.542405     0.913770
    1.628228     2.746777     2.542405
   -0.329655     1.628228     2.746777
    1.392381    -0.329655     1.628228
    2.094918     1.392381    -0.329655
    0.999928     2.094918     1.392381
    1.075665     0.999928     2.094918
    1.040164     1.075665     0.999928
    1.098355     1.040164     1.075665
    2.825485     1.098355     1.040164
    4.315555     2.825485     1.098355
    3.362278     4.315555     2.825485
    3.767667     3.362278     4.315555
    2.587117     3.767667     3.362278
    3.298602     2.587117     3.767667
    2.798179     3.298602     2.587117
    2.741160     2.798179     3.298602
    3.879401     2.741160     2.798179
    3.714784     3.879401     2.741160
    2.265131     3.714784     3.879401
    2.538727     2.265131     3.714784
    3.624855     2.538727     2.265131
    2.476460     3.624855     2.538727
    2.375828     2.476460     3.624855
    3.507580     2.375828     2.476460
    5.506362     3.507580     2.375828
    3.107319     5.506362     3.507580
    4.791076     3.107319     5.506362
    4.085735     4.791076     3.107319
    5.037803     4.085735     4.791076
    3.152398     5.037803     4.085735
    3.182122     3.152398     5.037803
    2.760834     3.182122     3.152398
    1.459075     2.760834     3.182122
    1.399968     1.459075     2.760834
    1.757386     1.399968     1.459075
    2.508282     1.757386     1.399968
    3.557479     2.508282     1.757386
    3.549704     3.557479     2.508282
    0.822478     3.549704     3.557479
    2.236766     0.822478     3.549704
    3.019239     2.236766     0.822478
    1.475553     3.019239     2.236766
    2.864189     1.475553     3.019239
    2.192166     2.864189     1.475553
    1.831909     2.192166     2.864189
    2.290546     1.831909     2.192166
    3.810052     2.290546     1.831909
    2.996466     3.810052     2.290546
    4.437204     2.996466     3.810052
    5.007438     4.437204     2.996466
    3.339840     5.007438     4.437204
    3.225413     3.339840     5.007438
    2.832254     3.225413     3.339840
    2.733240     2.832254     3.225413
    2.006423     2.733240     2.832254
    1.653069     2.006423     2.733240
    2.253369     1.653069     2.006423
    3.964308     2.253369     1.653069
    3.013172     3.964308     2.253369
    3.427901     3.013172     3.964308
    4.234566     3.427901     3.013172
    4.429082     4.234566     3.427901
    5.090629     4.429082     4.234566
    4.042722     5.090629     4.429082
    4.570093     4.042722     5.090629
    5.565747     4.570093     4.042722
    3.459456     5.565747     4.570093
    3.701130     3.459456     5.565747
    3.919791     3.701130     3.459456
    2.346993     3.919791     3.701130
    2.218091     2.346993     3.919791
    2.762570     2.218091     2.346993
    2.505028     2.762570     2.218091
    2.370529     2.505028     2.762570
    3.313071     2.370529     2.505028
    3.336117     3.313071     2.370529
    0.660815     3.336117     3.313071
    0.657240     0.660815     3.336117
    1.830180     0.657240     0.660815
    1.952647     1.830180     0.657240
    2.597283     1.952647     1.830180
    1.335672     2.597283     1.952647
    2.118265     1.335672     2.597283
    3.076189     2.118265     1.335672
    3.182450     3.076189     2.118265
    3.122188     3.182450     3.076189
    1.705150     3.122188     3.182450
    1.674679     1.705150     3.122188
    0.750008     1.674679     1.705150
    2.368834     0.750008     1.674679
    3.678315     2.368834     0.750008
    4.765100     3.678315     2.368834
    3.989179     4.765100     3.678315
    4.435486     3.989179     4.765100
    3.090561     4.435486     3.989179
    3.953588     3.090561     4.435486
    3.674747     3.953588     3.090561
    4.501508     3.674747     3.953588
    3.657356     4.501508     3.674747
    3.291427     3.657356     4.501508
    4.619718     3.291427     3.657356
    3.281486     4.619718     3.291427
    2.592265     3.281486     4.619718
    3.530634     2.592265     3.281486
    3.987860     3.530634     2.592265
    4.698204     3.987860     3.530634
    3.789764     4.698204     3.987860
    1.938326     3.789764     4.698204
    2.516308     1.938326     3.789764
    2.560678     2.516308     1.938326
    1.606525     2.560678     2.516308
    2.466566     1.606525     2.560678
    3.102110     2.466566     1.606525
    2.447295     3.102110     2.466566
    2.094792     2.447295     3.102110
    3.031959     2.094792     2.447295
    4.465099     3.031959     2.094792
    3.569526     4.465099     3.031959
    4.048607     3.569526     4.465099
    3.560583     4.048607     3.569526
    2.081413     3.560583     4.048607
    0.878711     2.081413     3.560583
    2.257357     0.878711     2.081413
    1.472330     2.257357     0.878711
    1.485051     1.472330     2.257357
    2.187500     1.485051     1.472330
    1.834661     2.187500     1.485051
    1.375377     1.834661     2.187500
    3.691733     1.375377     1.834661
    3.013800     3.691733     1.375377
    3.232100     3.013800     3.691733
    5.893333     3.232100     3.013800
    5.005529     5.893333     3.232100
    4.213273     5.005529     5.893333
    3.019485     4.213273     5.005529
    2.825217     3.019485     4.213273
    2.509415     2.825217     3.019485
    4.159793     2.509415     2.825217
    4.107435     4.159793     2.509415
    4.135238     4.107435     4.159793
    3.200101     4.135238     4.107435
    2.840533     3.200101     4.135238
    3.289137     2.840533     3.200101
    3.586081     3.289137     2.840533
    5.772630     3.586081     3.289137
    3.815559     5.772630     3.586081
    4.200732     3.815559     5.772630
    5.184264     4.200732     3.815559
    5.542011     5.184264     4.200732
    4.650623     5.542011     5.184264
    3.622664     4.650623     5.542011
    5.772074     3.622664     4.650623
    2.727416     5.772074     3.622664
    4.624502     2.727416     5.772074
    4.778365     4.624502     2.727416
    3.555314     4.778365     4.624502
    4.016950     3.555314     4.778365
    4.430936     4.016950     3.555314
    4.735975     4.430936     4.016950
    4.616111     4.735975     4.430936
    3.940964     4.616111     4.735975
    3.111929     3.940964     4.616111
    2.434296     3.111929     3.940964
    2.318670     2.434296     3.111929
    2.202343     2.318670     2.434296
    1.824733     2.202343     2.318670
   -0.067940     1.824733     2.202343
    0.821120    -0.067940     1.824733
    2.282274     0.821120    -0.067940
    2.003202     2.282274     0.821120
    3.230743     2.003202     2.282274
    2.756964     3.230743     2.003202
    3.530872     2.756964     3.230743
    2.464375     3.530872     2.756964
    2.740327     2.464375     3.530872
    3.276607     2.740327     2.464375
    2.506742     3.276607     2.740327
    4.017257     2.506742     3.276607
    4.142873     4.017257     2.506742
    6.193585     4.142873     4.017257
    3.606096     6.193585     4.142873
    4.330852     3.606096     6.193585
    5.106164     4.330852     3.606096
    4.382359     5.106164     4.330852
    5.000890     4.382359     5.106164
    4.248387     5.000890     4.382359
    4.151221     4.248387     5.000890
    4.291869     4.151221     4.248387
    3.394870     4.291869     4.151221
    2.091595     3.394870     4.291869
    4.168824     2.091595     3.394870
    4.127665     4.168824     2.091595
    2.875875     4.127665     4.168824
    3.283149     2.875875     4.127665
    2.715928     3.283149     2.875875
    3.956931     2.715928     3.283149
    1.353755     3.956931     2.715928
    3.490024     1.353755     3.956931
    3.404217     3.490024     1.353755
    3.669332     3.404217     3.490024
    4.034108     3.669332     3.404217
    2.127010     4.034108     3.669332
    3.555199     2.127010     4.034108
    5.582392     3.555199     2.127010
    4.079456     5.582392     3.555199
    5.237541     4.079456     5.582392
    5.571302     5.237541     4.079456
    3.558863     5.571302     5.237541
    5.865574     3.558863     5.571302
    5.540425     5.865574     3.558863
    4.286823     5.540425     5.865574
    4.981190     4.286823     5.540425
    3.654637     4.981190     4.286823
    5.412747     3.654637     4.981190
    4.320718     5.412747     3.654637
    4.556528     4.320718     5.412747
    4.050658     4.556528     4.320718
    4.061817     4.050658     4.556528
    1.995933     4.061817     4.050658
    2.643484     1.995933     4.061817
    0.906944     2.643484     1.995933
    2.305871     0.906944     2.643484
    2.762552     2.305871     0.906944
    3.579369     2.762552     2.305871
    1.808889     3.579369     2.762552
    3.068405     1.808889     3.579369
    3.320702     3.068405     1.808889
    2.606700     3.320702     3.068405
    3.923007     2.606700     3.320702
    3.380567     3.923007     2.606700
    4.323406     3.380567     3.923007
    3.383489     4.323406     3.380567
    4.737741     3.383489     4.323406
    3.519947     4.737741     3.383489
    3.961868     3.519947     4.737741
    5.019482     3.961868     3.519947
    3.709826     5.019482     3.961868
    3.180075     3.709826     5.019482
    3.994797     3.180075     3.709826
    1.933814     3.994797     3.180075
    0.983195     1.933814     3.994797
    2.897304     0.983195     1.933814
    3.164537     2.897304     0.983195
    5.246675     3.164537     2.897304
    4.014115     5.246675     3.164537
    3.705026     4.014115     5.246675
    3.040142     3.705026     4.014115
    3.894223     3.040142     3.705026
    3.571209     3.894223     3.040142
    2.275160     3.571209     3.894223
    3.253249     2.275160     3.571209
    2.356630     3.253249     2.275160
    2.025226     2.356630     3.253249
    2.240555     2.025226     2.356630
    4.088703     2.240555     2.025226
    3.197333     4.088703     2.240555
    3.116922     3.197333     4.088703
    2.217089     3.116922     3.197333
    3.503690     2.217089     3.116922
    2.886738     3.503690     2.217089
    2.311614     2.886738     3.503690
    1.212658     2.311614     2.886738
    2.233825     1.212658     2.311614
    2.452557     2.233825     1.212658
    3.451222     2.452557     2.233825
    2.869016     3.451222     2.452557
    3.094494     2.869016     3.451222
    3.501275     3.094494     2.869016
    5.940056     3.501275     3.094494
    5.652700     5.940056     3.501275
    4.543182     5.652700     5.940056
    3.329784     4.543182     5.652700
    2.660360     3.329784     4.543182
    3.379576     2.660360     3.329784
    2.890269     3.379576     2.660360
    0.274598     2.890269     3.379576
    2.710451     0.274598     2.890269
    1.756410     2.710451     0.274598
    1.254008     1.756410     2.710451
    2.881503     1.254008     1.756410
    1.054143     2.881503     1.254008
    1.027256     1.054143     2.881503
    1.463564     1.027256     1.054143
    0.112624     1.463564     1.027256
    1.113593     0.112624     1.463564
    4.045376     1.113593     0.112624
    1.571799     4.045376     1.113593
    1.923497     1.571799     4.045376
    2.187832     1.923497     1.571799
    0.697593     2.187832     1.923497
    1.010130     0.697593     2.187832
    3.634883     1.010130     0.697593
    1.744111     3.634883     1.010130
    2.061651     1.744111     3.634883
    2.036283     2.061651     1.744111
    5.112010     2.036283     2.061651
    4.530391     5.112010     2.036283
    4.246412     4.530391     5.112010
    4.760085     4.246412     4.530391
    3.976146     4.760085     4.246412
    4.275164     3.976146     4.760085
    4.724984     4.275164     3.976146
    4.266135     4.724984     4.275164
    4.646458     4.266135     4.724984
    3.592689     4.646458     4.266135
    5.450085     3.592689     4.646458
    4.444004     5.450085     3.592689
    3.835192     4.444004     5.450085
    2.772014     3.835192     4.444004
    2.951881     2.772014     3.835192
    2.520506     2.951881     2.772014
    1.707331     2.520506     2.951881
    4.662232     1.707331     2.520506
    3.567335     4.662232     1.707331
    2.148150     3.567335     4.662232
    2.561979     2.148150     3.567335
    2.726644     2.561979     2.148150
    4.404514     2.726644     2.561979
    3.503419     4.404514     2.726644
    3.901263     3.503419     4.404514
    2.688218     3.901263     3.503419
    1.277561     2.688218     3.901263
    3.010433     1.277561     2.688218
    2.466897     3.010433     1.277561
    2.433550     2.466897     3.010433
    2.975779     2.433550     2.466897
    3.004240     2.975779     2.433550
    4.381704     3.004240     2.975779
    4.227442     4.381704     3.004240
    2.631646     4.227442     4.381704
    3.031159     2.631646     4.227442
    2.772607     3.031159     2.631646
    3.877479     2.772607     3.031159
    1.795417     3.877479     2.772607
    1.328087     1.795417     3.877479
    2.491464     1.328087     1.795417
    3.116410     2.491464     1.328087
    3.237956     3.116410     2.491464
    5.265465     3.237956     3.116410
    3.504705     5.265465     3.237956
    3.888176     3.504705     5.265465
    4.001430     3.888176     3.504705
    4.132028     4.001430     3.888176
    5.298196     4.132028     4.001430
    6.476900     5.298196     4.132028
    5.078891     6.476900     5.298196
    7.471686     5.078891     6.476900
    5.807501     7.471686     5.078891
    6.426663     5.807501     7.471686
    7.429341     6.426663     5.807501
    7.933704     7.429341     6.426663
    5.362346     7.933704     7.429341
    4.325803     5.362346     7.933704
    4.464955     4.325803     5.362346
    5.388141     4.464955     4.325803
    4.265226     5.388141     4.464955
    4.324243     4.265226     5.388141
    2.829428     4.324243     4.265226
    1.782611     2.829428     4.324243
    3.870799     1.782611     2.829428
    3.032265     3.870799     1.782611
    3.837798     3.032265     3.870799
    1.833141     3.837798     3.032265
    1.800447     1.833141     3.837798
    2.547023     1.800447     1.833141
    2.634424     2.547023     1.800447
    2.986748     2.634424     2.547023
    3.677975     2.986748     2.634424
    3.913929     3.677975     2.986748
    4.176968     3.913929     3.677975
    3.975859     4.176968     3.913929
    4.011812     3.975859     4.176968
    3.777132     4.011812     3.975859
    2.571272     3.777132     4.011812
    2.244124     2.571272     3.777132
    4.041757     2.244124     2.571272
    4.889665     4.041757     2.244124
    2.732187     4.889665     4.041757
    3.935162     2.732187     4.889665
    3.075199     3.935162     2.732187
    3.281396     3.075199     3.935162
    3.009409     3.281396     3.075199
    4.136257     3.009409     3.281396
    2.012985     4.136257     3.009409
    4.511887     2.012985     4.136257
    3.545682     4.511887     2.012985
    4.316124     3.545682     4.511887
    4.504569     4.316124     3.545682
    4.010681     4.504569     4.316124
    2.361602     4.010681     4.504569
    4.612243     2.361602     4.010681
    2.073278     4.612243     2.361602
    2.191406     2.073278     4.612243
    2.848766     2.191406     2.073278
    1.143826     2.848766     2.191406
    2.372572     1.143826     2.848766
    2.284752     2.372572     1.143826
    2.451356     2.284752     2.372572
    3.986658     2.451356     2.284752
    3.686595     3.986658     2.451356
    3.846795     3.686595     3.986658
    3.586009     3.846795     3.686595
    1.904717     3.586009     3.846795
    2.572092     1.904717     3.586009
    1.908721     2.572092     1.904717
    2.013058     1.908721     2.572092
    2.642487     2.013058     1.908721
    2.904829     2.642487     2.013058
    2.278022     2.904829     2.642487
    4.146309     2.278022     2.904829
    2.517006     4.146309     2.278022
    1.718170     2.517006     4.146309
    2.733294     1.718170     2.517006
    3.387157     2.733294     1.718170
    4.523458     3.387157     2.733294
    3.707828     4.523458     3.387157
    1.377285     3.707828     4.523458
    3.375665     1.377285     3.707828
    4.467952     3.375665     1.377285
    3.936205     4.467952     3.375665
    2.250587     3.936205     4.467952
    2.512221     2.250587     3.936205
    1.950581     2.512221     2.250587
    3.692342     1.950581     2.512221
    4.551187     3.692342     1.950581
    4.285020     4.551187     3.692342
    6.001952     4.285020     4.551187
    4.051823     6.001952     4.285020
    3.932107     4.051823     6.001952
    3.850682     3.932107     4.051823
    3.026454     3.850682     3.932107
    2.382635     3.026454     3.850682
    3.544372     2.382635     3.026454
    4.487799     3.544372     2.382635
    4.330195     4.487799     3.544372
    4.056974     4.330195     4.487799
    3.661410     4.056974     4.330195
    4.605198     3.661410     4.056974
    4.499289     4.605198     3.661410
    3.318871     4.499289     4.605198
    3.017695     3.318871     4.499289
    3.084069     3.017695     3.318871
    4.551358     3.084069     3.017695
    3.527643     4.551358     3.084069
    3.612777     3.527643     4.551358
    4.674003     3.612777     3.527643
    4.856108     4.674003     3.612777
    4.216679     4.856108     4.674003
    5.846741     4.216679     4.856108
    5.376467     5.846741     4.216679
    4.970408     5.376467     5.846741
    6.119965     4.970408     5.376467
    3.486119     6.119965     4.970408
    3.347081     3.486119     6.119965
    4.476311     3.347081     3.486119
    3.955503     4.476311     3.347081
    4.928459     3.955503     4.476311
    3.900819     4.928459     3.955503
    4.098554     3.900819     4.928459
    4.837717     4.098554     3.900819
