    4.291228     4.557390     4.151768
    4.049601     4.291228     4.557390
    5.894104     4.049601     4.291228
    3.681367     5.894104     4.049601
    2.741025     3.681367     5.894104
    4.142903     2.741025     3.681367
    5.105354     4.142903     2.741025
    4.153082     5.105354     4.142903
    5.080571     4.153082     5.105354
    4.102119     5.080571     4.153082
    5.212423     4.102119     5.080571
    5.811184     5.212423     4.102119
    3.711812     5.811184     5.212423
    4.778097     3.711812     5.811184
    4.080137     4.778097     3.711812
    4.637412     4.080137     4.778097
    4.149946     4.637412     4.080137
    4.534734     4.149946     4.637412
    3.079996     4.534734     4.149946
    1.606797     3.079996     4.534734
    3.284836     1.606797     3.079996
    4.031972     3.284836     1.606797
    4.744013     4.031972     3.284836
    2.967662     4.744013     4.031972
    5.072000     2.967662     4.744013
    4.839758     5.072000     2.967662
    4.755378     4.839758     5.072000
    2.659125     4.755378     4.839758
    3.078322     2.659125     4.755378
    3.901286     3.078322     2.659125
    5.010426     3.901286     3.078322
    4.445870     5.010426     3.901286
    5.515483     4.445870     5.010426
    4.679208     5.515483     4.445870
    4.618218     4.679208     5.515483
    3.106995     4.618218     4.679208
    2.434501     3.106995     4.618218
    3.062117     2.434501     3.106995
    2.484823     3.062117     2.434501
    3.707894     2.484823     3.062117
    4.589950     3.707894     2.484823
    4.703033     4.589950     3.707894
    1.942515     4.703033     4.589950
    1.939185     1.942515     4.703033
    1.801939     1.939185     1.942515
    2.705615     1.801939     1.939185
    3.189258     2.705615     1.801939
    3.658476     3.189258     2.705615
    2.839358     3.658476     3.189258
    0.372795     2.839358     3.658476
    1.058165     0.372795     2.839358
    1.535141     1.058165     0.372795
    1.578460     1.535141     1.058165
    2.555941     1.578460     1.535141
    2.659446     2.555941     1.578460
    0.806743     2.659446     2.555941
    2.052883     0.806743     2.659446
    2.143166     2.052883     0.806743
    1.969335     2.143166     2.052883
    0.607480     1.969335     2.143166
    2.057502     0.607480     1.969335
    2.583047     2.057502     0.607480
    1.908130     2.583047     2.057502
    3.183386     1.908130     2.583047
    3.462920     3.183386     1.908130
    2.900567     3.462920     3.183386
    3.582968     2.900567     3.462920
    2.958794     3.582968     2.900567
    3.779598     2.958794     3.582968
    4.538062     3.779598     2.958794
    4.423347     4.538062     3.779598
    4.949424     4.423347     4.538062
    5.156979     4.949424     4.423347
    3.811434     5.156979     4.949424
    4.542296     3.811434     5.156979
    5.430632     4.542296     3.811434
    4.077925     5.430632     4.542296
    6.003594     4.077925     5.430632
    6.248142     6.003594     4.077925
    6.265658     6.248142     6.003594
    5.439700     6.265658     6.248142
    3.492484     5.439700     6.265658
    4.761368     3.492484     5.439700
    4.757501     4.761368     3.492484
    7.282473     4.757501     4.761368
    4.520602     7.282473     4.757501
    6.243985     4.520602     7.282473
    3.974326     6.243985     4.520602
    4.166324     3.974326     6.243985
    3.737643     4.166324     3.974326
    2.450142     3.737643     4.166324
    4.253971     2.450142     3.737643
    3.121636     4.253971     2.450142
    0.418528     3.121636     4.253971
    3.059367     0.418528     3.121636
    4.510907     3.059367     0.418528
    2.707305     4.510907     3.059367
    4.168185     2.707305     4.510907
    3.502102     4.168185     2.707305
    4.206864     3.502102     4.168185
    2.307323     4.206864     3.502102
    3.836216     2.307323     4.206864
    1.584191     3.836216     2.307323
    2.574612     1.584191     3.836216
    3.098265     2.574612     1.584191
    3.941914     3.098265     2.574612
    3.874062     3.941914     3.098265
    2.477134     3.874062     3.941914
    2.599238     2.477134     3.874062
    2.765582     2.599238     2.477134
    2.687698     2.765582     2.599238
    2.563702     2.687698     2.765582
    2.729222     2.563702     2.687698
    2.237205     2.729222     2.563702
    4.786603     2.237205     2.729222
    3.258667     4.786603     2.237205
    3.434624     3.258667     4.786603
    2.693105     3.434624     3.258667
    2.064878     2.693105     3.434624
    2.568854     2.064878     2.693105
    2.440501     2.568854     2.064878
    2.750669     2.440501     2.568854
    1.201505     2.750669     2.440501
    1.892590     1.201505     2.750669
    1.351244     1.892590     1.201505
    2.677468     1.351244     1.892590
    2.584964     2.677468     1.351244
    3.689287     2.584964     2.677468
    2.326471     3.689287     2.584964
    3.695522     2.326471     3.689287
    3.236855     3.695522     2.326471
    3.237696     3.236855     3.695522
    1.336829     3.237696     3.236855
    2.915038     1.336829     3.237696
    3.121862     2.915038     1.336829
    2.564022     3.121862     2.915038
    4.436619     2.564022     3.121862
    2.236852     4.436619     2.564022
    2.064513     2.236852     4.436619
    2.997666     2.064513     2.236852
    3.149890     2.997666     2.064513
    2.996265     3.149890     2.997666
    4.675715     2.996265     3.149890
    2.708568     4.675715     2.996265
    2.662037     2.708568     4.675715
    2.847876     2.662037     2.708568
    3.572151     2.847876     2.662037
    1.347713     3.572151     2.847876
    3.229497     1.347713     3.572151
    4.024001     3.229497     1.347713
    3.042327     4.024001     3.229497
    3.983428     3.042327     4.024001
    2.703363     3.983428     3.042327
    4.019277     2.703363     3.983428
    3.276603     4.019277     2.703363
    4.291332     3.276603     4.019277
    2.530766     4.291332     3.276603
    3.902330     2.530766     4.291332
    4.067842     3.902330     2.530766
    3.840796     4.067842     3.902330
    5.558593     3.840796     4.067842
    5.562154     5.558593     3.840796
    4.360505     5.562154     5.558593
    4.972514     4.360505     5.562154
    3.769155     4.972514     4.360505
    3.086416     3.769155     4.972514
    2.656798     3.086416     3.769155
    0.431801     2.656798     3.086416
   -0.217436     0.431801     2.656798
    2.121897    -0.217436     0.431801
    1.440843     2.121897    -0.217436
    3.374132     1.440843     2.121897
    2.949612     3.374132     1.440843
    4.402711     2.949612     3.374132
    3.458431     4.402711     2.949612
    4.128976     3.458431     4.402711
    3.551749     4.128976     3.458431
    4.075274     3.551749     4.128976
    4.347245     4.075274     3.551749
    3.377840     4.347245     4.075274
    2.894780     3.377840     4.347245
    4.112396     2.894780     3.377840
    3.088679     4.112396     2.894780
    4.063410     3.088679     4.112396
    5.237464     4.063410     3.088679
    5.015061     5.237464     4.063410
    5.310202     5.015061     5.237464
    4.091365     5.310202     5.015061
    5.079781     4.091365     5.310202
    4.240878     5.079781     4.091365
    4.307904     4.240878     5.079781
    3.674794     4.307904     4.240878
    3.105691     3.674794     4.307904
    3.080060     3.105691     3.674794
    2.086155     3.080060     3.105691
    2.437864     2.086155     3.080060
    1.434361     2.437864     2.086155
    2.865187     1.434361     2.437864
    3.029666     2.865187     1.434361
    2.024845     3.029666     2.865187
    3.316035     2.024845     3.029666
    1.429840     3.316035     2.024845
    1.631521     1.429840     3.316035
    2.436399     1.631521     1.429840
    3.043596     2.436399     1.631521
    1.281895     3.043596     2.436399
    2.120744     1.281895     3.043596
    2.013015     2.120744     1.281895
    2.112794     2.013015     2.120744
    4.275039     2.112794     2.013015
    4.979701     4.275039     2.112794
    5.233742     4.979701     4.275039
    2.688204     5.233742     4.979701
    1.781870     2.688204     5.233742
    3.399198     1.781870     2.688204
    3.279409     3.399198     1.781870
    2.888848     3.279409     3.399198
    3.689314     2.888848     3.279409
    2.887705     3.689314     2.888848
    2.856746     2.887705     3.689314
    2.785059     2.856746     2.887705
    4.132273     2.785059     2.856746
    3.143451     4.132273     2.785059
    2.849119     3.143451     4.132273
    3.342334     2.849119     3.143451
    2.154124     3.342334     2.849119
    4.041398     2.154124     3.342334
    2.961720     4.041398     2.154124
    4.211947     2.961720     4.041398
    4.257628     4.211947     2.961720
    6.223712     4.257628     4.211947
    6.299120     6.223712     4.257628
    4.404195     6.299120     6.223712
    4.206346     4.404195     6.299120
    6.587144     4.206346     4.404195
    5.608873     6.587144     4.206346
    3.956904     5.608873     6.587144
    4.766188     3.956904     5.608873
    3.745658     4.766188     3.956904
    2.828461     3.745658     4.766188
    4.464448     2.828461     3.745658
    4.113874     4.464448     2.828461
    4.686052     4.113874     4.464448
    2.306023     4.686052     4.113874
    3.555528     2.306023     4.686052
    2.437160     3.555528     2.306023
    3.510882     2.437160     3.555528
    2.317175     3.510882     2.437160
    3.319459     2.317175     3.510882
    3.716376     3.319459     2.317175
    4.709568     3.716376     3.319459
    3.393439     4.709568     3.716376
    4.657785     3.393439     4.709568
    5.331614     4.657785     3.393439
    5.510845     5.331614     4.657785
    5.045984     5.510845     5.331614
    3.887401     5.045984     5.510845
    4.356670     3.887401     5.045984
    4.315877     4.356670     3.887401
    4.319068     4.315877     4.356670
    5.786710     4.319068     4.315877
    6.452350     5.786710     4.319068
    5.544134     6.452350     5.786710
    5.472393     5.544134     6.452350
    6.448848     5.472393     5.544134
    5.937534     6.448848     5.472393
    5.821899     5.937534     6.448848
    5.302726     5.821899     5.937534
    4.384675     5.302726     5.821899
    4.888664     4.384675     5.302726
    5.049572     4.888664     4.384675
    3.870526     5.049572     4.888664
    4.677055     3.870526     5.049572
    5.061280     4.677055     3.870526
    5.495391     5.061280     4.677055
    5.893602     5.495391     5.061280
    5.968572     5.893602     5.495391
    5.407588     5.968572     5.893602
    4.796469     5.407588     5.968572
    3.356046     4.796469     5.407588
    4.252496     3.356046     4.796469
    4.217571     4.252496     3.356046
    4.714360     4.217571     4.252496
    5.335424     4.714360     4.217571
    2.662888     5.335424     4.714360
    5.162395     2.662888     5.335424
    5.742053     5.162395     2.662888
    5.390154     5.742053     5.162395
    5.909137     5.390154     5.742053
    5.724203     5.909137     5.390154
    5.691821     5.724203     5.909137
    7.287790     5.691821     5.724203
    7.678157     7.287790     5.691821
    5.582780     7.678157     7.287790
    3.453217     5.582780     7.678157
    4.841750     3.453217     5.582780
    3.011125     4.841750     3.453217
    2.648366     3.011125     4.841750
    4.198771     2.648366     3.011125
    3.355224     4.198771     2.648366
    2.540471     3.355224     4.198771
    2.854205     2.540471     3.355224
    3.083501     2.854205     2.540471
    2.465598     3.083501     2.854205
    3.623335     2.465598     3.083501
    2.907161     3.623335     2.465598
    3.097666     2.907161     3.623335
    4.094743     3.097666     2.907161
    4.106501     4.094743     3.097666
    5.102257     4.106501     4.094743
    3.178975     5.102257     4.106501
    5.558157     3.178975     5.102257
    3.681147     5.558157     3.178975
    1.760806     3.681147     5.558157
    3.518118     1.760806     3.681147
    4.092805     3.518118     1.760806
    3.708333     4.092805     3.518118
    3.801162     3.708333     4.092805
    2.693001     3.801162     3.708333
    4.797658     2.693001     3.801162
    2.581868     4.797658     2.693001
    3.352365     2.581868     4.797658
    3.325309     3.352365     2.581868
    2.462932     3.325309     3.352365
    1.212714     2.462932     3.325309
    1.141423     1.212714     2.462932
   -0.044899     1.141423     1.212714
    0.756020    -0.044899     1.141423
    1.494941     0.756020    -0.044899
    0.150061     1.494941     0.756020
    2.397135     0.150061     1.494941
    1.749743     2.397135     0.150061
    2.506919     1.749743     2.397135
    2.106260     2.506919     1.749743
    1.489184     2.106260     2.506919
    1.387623     1.489184     2.106260
    1.582303     1.387623     1.489184
    1.974995     1.582303     1.387623
    3.569554     1.974995     1.582303
    3.080656     3.569554     1.974995
    3.048405     3.080656     3.569554
    3.094673     3.048405     3.080656
    4.009141     3.094673     3.048405
    2.490676     4.009141     3.094673
    4.497448     2.490676     4.009141
    5.463699     4.497448     2.490676
    3.255478     5.463699     4.497448
    2.636528     3.255478     5.463699
    2.958534     2.636528     3.255478
    2.939634     2.958534     2.636528
    3.221580     2.939634     2.958534
    3.632423     3.221580     2.939634
    1.856583     3.632423     3.221580
    3.066268     1.856583     3.632423
    0.389960     3.066268     1.856583
    2.883741     0.389960     3.066268
    1.786734     2.883741     0.389960
    2.087813     1.786734     2.883741
    2.356675     2.087813     1.786734
    0.834549     2.356675     2.087813
    1.338279     0.834549     2.356675
    3.041047     1.338279     0.834549
    0.697749     3.041047     1.338279
    2.438312     0.697749     3.041047
    3.126175     2.438312     0.697749
    4.513714     3.126175     2.438312
    4.654274     4.513714     3.126175
    5.031235     4.654274     4.513714
    4.249982     5.031235     4.654274
    3.722045     4.249982     5.031235
    3.191439     3.722045     4.249982
    4.367443     3.191439     3.722045
    3.805496     4.367443     3.191439
    4.987622     3.805496     4.367443
    3.938861     4.987622     3.805496
    3.561969     3.938861     4.987622
    3.476928     3.561969     3.938861
    1.502795     3.476928     3.561969
    2.881694     1.502795     3.476928
    1.805057     2.881694     1.502795
    3.148367     1.805057     2.881694
    1.025085     3.148367     1.805057
    2.471576     1.025085     3.148367
    2.827551     2.471576     1.025085
    4.522271     2.827551     2.471576
    3.087681     4.522271     2.827551
    3.964098     3.087681     4.522271
    4.478932     3.964098     3.087681
    3.449762     4.478932     3.964098
    5.070721     3.449762     4.478932
    5.053047     5.070721     3.449762
    3.217104     5.053047     5.070721
    2.844337     3.217104     5.053047
    2.434564     2.844337     3.217104
    4.275274     2.434564     2.844337
    5.508156     4.275274     2.434564
    3.954396     5.508156     4.275274
    4.723493     3.954396     5.508156
    4.596104     4.723493     3.954396
    5.673050     4.596104     4.723493
    5.141579     5.673050     4.596104
    4.264540     5.141579     5.673050
    4.123622     4.264540     5.141579
    3.697821     4.123622     4.264540
    4.594922     3.697821     4.123622
    4.655106     4.594922     3.697821
    5.265298     4.655106     4.594922
    5.900375     5.265298     4.655106
    5.813300     5.900375     5.265298
    4.129305     5.813300     5.900375
    5.336563     4.129305     5.813300
    4.768828     5.336563     4.129305
    4.088011     4.768828     5.336563
    4.235662     4.088011     4.768828
    3.987174     4.235662     4.088011
    2.686037     3.987174     4.235662
    2.337064     2.686037     3.987174
    3.682024     2.337064     2.686037
    3.025659     3.682024     2.337064
    4.244604     3.025659     3.682024
    4.808688     4.244604     3.025659
    5.129711     4.808688     4.244604
    4.518121     5.129711     4.808688
    3.419263     4.518121     5.129711
    3.337542     3.419263     4.518121
    4.433404     3.337542     3.419263
    4.450782     4.433404     3.337542
    4.528909     4.450782     4.433404
    4.568041     4.528909     4.450782
    3.385463     4.568041     4.528909
    4.108964     3.385463     4.568041
    5.568207     4.108964     3.385463
    3.032894     5.568207     4.108964
    4.798584     3.032894     5.568207
    5.176789     4.798584     3.032894
    4.197299     5.176789     4.798584
    3.963147     4.197299     5.176789
    1.693792     3.963147     4.197299
    1.694257     1.693792     3.963147
    1.364892     1.694257     1.693792
    2.419094     1.364892     1.694257
    3.582851     2.419094     1.364892
    3.847702     3.582851     2.419094
    3.810155     3.847702     3.582851
    4.122633     3.810155     3.847702
    2.257205     4.122633     3.810155
    3.372836     2.257205     4.122633
    3.054486     3.372836     2.257205
    3.203987     3.054486     3.372836
    1.844773     3.203987     3.054486
    3.590321     1.844773     3.203987
    3.768949     3.590321     1.844773
    2.400430     3.768949     3.590321
    2.365216     2.400430     3.768949
    2.120443     2.365216     2.400430
    4.551451     2.120443     2.365216
    4.400531     4.551451     2.120443
    4.350194     4.400531     4.551451
    4.695707     4.350194     4.400531
    5.217785     4.695707     4.350194
    5.592183     5.217785     4.695707
    5.509332     5.592183     5.217785
    5.208803     5.509332     5.592183
    5.944324     5.208803     5.509332
    4.614047     5.944324     5.208803
    5.007853     4.614047     5.944324
    4.829348     5.007853     4.614047
    4.493693     4.829348     5.007853
    4.205357     4.493693     4.829348
    5.481051     4.205357     4.493693
    5.383824     5.481051     4.205357
    5.670855     5.383824     5.481051
    4.558202     5.670855     5.383824
    3.683563     4.558202     5.670855
    3.304740     3.683563     4.558202
    3.570066     3.304740     3.683563
    2.271378     3.570066     3.304740
    3.301610     2.271378     3.570066
    2.765398     3.301610     2.271378
    3.348978     2.765398     3.301610
    2.715653     3.348978     2.765398
    2.887596     2.715653     3.348978
    3.013927     2.887596     2.715653
    2.468655     3.013927     2.887596
    2.745086     2.468655     3.013927
    1.827689     2.745086     2.468655
    3.891046     1.827689     2.745086
    2.228363     3.891046     1.827689
    1.169894     2.228363     3.891046
    2.088459     1.169894     2.228363
    1.794760     2.088459     1.169894
    3.076040     1.794760     2.088459
    3.591356     3.076040     1.794760
    2.733738     3.591356     3.076040
    2.047120     2.733738     3.591356
    1.894682     2.047120     2.733738
    2.587689     1.894682     2.047120
    1.231634     2.587689     1.894682
    1.075262     1.231634     2.587689
    1.918865     1.075262     1.231634
