    3.338026     2.451663     1.610473
    3.941758     3.338026     2.451663
    3.424691     3.941758     3.338026
    4.830824     3.424691     3.941758
    2.878375     4.830824     3.424691
    3.815333     2.878375     4.830824
    3.321631     3.815333     2.878375
    3.808651     3.321631     3.815333
    4.187592     3.808651     3.321631
    4.136576     4.187592     3.808651
    2.014426     4.136576     4.187592
    3.649564     2.014426     4.136576
    4.356593     3.649564     2.014426
    4.342615     4.356593     3.649564
    5.442836     4.342615     4.356593
    3.897564     5.442836     4.342615
    4.032029     3.897564     5.442836
    3.458526     4.032029     3.897564
    4.710481     3.458526     4.032029
    5.010748     4.710481     3.458526
    5.707981     5.010748     4.710481
    3.957596     5.707981     5.010748
    3.764333     3.957596     5.707981
    2.014359     3.764333     3.957596
    1.995690     2.014359     3.764333
    3.991901     1.995690     2.014359
    4.097915     3.991901     1.995690
    4.879552     4.097915     3.991901
    3.852547     4.879552     4.097915
    4.219118     3.852547     4.879552
    2.086120     4.219118     3.852547
    2.706244     2.086120     4.219118
    3.249930     2.706244     2.086120
    3.050856     3.249930     2.706244
    4.089486     3.050856     3.249930
    3.199560     4.089486     3.050856
    3.121577     3.199560     4.089486
    4.087650     3.121577     3.199560
    3.127094     4.087650     3.121577
    4.115548     3.127094     4.087650
    3.176289     4.115548     3.127094
    4.706662     3.176289     4.115548
    3.914850     4.706662     3.176289
    3.920307     3.914850     4.706662
    4.340323     3.920307     3.914850
    4.437789     4.340323     3.920307
    4.234456     4.437789     4.340323
    4.062439     4.234456     4.437789
    5.560688     4.062439     4.234456
    4.163894     5.560688     4.062439
    4.115921     4.163894     5.560688
    4.562561     4.115921     4.163894
    4.335104     4.562561     4.115921
    3.702876     4.335104     4.562561
    3.928288     3.702876     4.335104
    4.191375     3.928288     3.702876
    4.781645     4.191375     3.928288
    4.675141     4.781645     4.191375
    5.164194     4.675141     4.781645
    4.596752     5.164194     4.675141
    3.545054     4.596752     5.164194
    3.947544     3.545054     4.596752
    4.358357     3.947544     3.545054
    5.338142     4.358357     3.947544
    4.535359     5.338142     4.358357
    4.152530     4.535359     5.338142
    3.642524     4.152530     4.535359
    3.603433     3.642524     4.152530
    3.306071     3.603433     3.642524
    3.883386     3.306071     3.603433
    5.351859     3.883386     3.306071
    3.983719     5.351859     3.883386
    4.254647     3.983719     5.351859
    2.507009     4.254647     3.983719
    3.370932     2.507009     4.254647
    2.722206     3.370932     2.507009
    3.681957     2.722206     3.370932
    1.997654     3.681957     2.722206
    3.076586     1.997654     3.681957
    2.636877     3.076586     1.997654
    2.501507     2.636877     3.076586
    2.930429     2.501507     2.636877
    5.287329     2.930429     2.501507
    2.580367     5.287329     2.930429
    4.523789     2.580367     5.287329
    5.335660     4.523789     2.580367
    5.604298     5.335660     4.523789
    5.322347     5.604298     5.335660
    3.551831     5.322347     5.604298
    3.566301     3.551831     5.322347
    4.112859     3.566301     3.551831
    2.997229     4.112859     3.566301
    4.079573     2.997229     4.112859
    4.492342     4.079573     2.997229
    5.021699     4.492342     4.079573
    5.048505     5.021699     4.492342
    4.930159     5.048505     5.021699
    5.325873     4.930159     5.048505
    3.434760     5.325873     4.930159
    3.650580     3.434760     5.325873
    3.318899     3.650580     3.434760
    1.846058     3.318899     3.650580
    3.361772     1.846058     3.318899
    3.506766     3.361772     1.846058
    1.114510     3.506766     3.361772
    1.552180     1.114510     3.506766
    3.067497     1.552180     1.114510
    3.374371     3.067497     1.552180
    1.429018     3.374371     3.067497
    1.247883     1.429018     3.374371
    1.181373     1.247883     1.429018
    1.821441     1.181373     1.247883
    2.832134     1.821441     1.181373
    3.971994     2.832134     1.821441
    3.382722     3.971994     2.832134
    2.796238     3.382722     3.971994
    2.572563     2.796238     3.382722
    1.687179     2.572563     2.796238
    3.996132     1.687179     2.572563
    3.783269     3.996132     1.687179
    3.756186     3.783269     3.996132
    2.569649     3.756186     3.783269
    2.518489     2.569649     3.756186
    3.725406     2.518489     2.569649
    2.477549     3.725406     2.518489
    3.942837     2.477549     3.725406
    3.812708     3.942837     2.477549
    3.182519     3.812708     3.942837
    3.091793     3.182519     3.812708
    2.762389     3.091793     3.182519
    3.692934     2.762389     3.091793
    4.060098     3.692934     2.762389
    2.344509     4.060098     3.692934
    4.180047     2.344509     4.060098
    3.572216     4.180047     2.344509
    5.473545     3.572216     4.180047
    5.005236     5.473545     3.572216
    4.525211     5.005236     5.473545
    5.152392     4.525211     5.005236
    3.465462     5.152392     4.525211
    2.880395     3.465462     5.152392
    4.194081     2.880395     3.465462
    4.708238     4.194081     2.880395
    4.920193     4.708238     4.194081
    3.184651     4.920193     4.708238
    4.607456     3.184651     4.920193
    4.073019     4.607456     3.184651
    3.234352     4.073019     4.607456
    2.835439     3.234352     4.073019
    1.924012     2.835439     3.234352
    4.418431     1.924012     2.835439
    3.683367     4.418431     1.924012
    5.117453     3.683367     4.418431
    5.115184     5.117453     3.683367
    3.063522     5.115184     5.117453
    3.242456     3.063522     5.115184
    3.041044     3.242456     3.063522
    2.613347     3.041044     3.242456
    2.304703     2.613347     3.041044
    2.262251     2.304703     2.613347
    2.955786     2.262251     2.304703
    1.434700     2.955786     2.262251
    3.039878     1.434700     2.955786
    4.413590     3.039878     1.434700
    5.284826     4.413590     3.039878
    5.314332     5.284826     4.413590
    5.055352     5.314332     5.284826
    4.618470     5.055352     5.314332
    3.385680     4.618470     5.055352
    2.263142     3.385680     4.618470
    2.474285     2.263142     3.385680
    3.007007     2.474285     2.263142
    2.310227     3.007007     2.474285
    3.235099     2.310227     3.007007
    3.690675     3.235099     2.310227
    3.107743     3.690675     3.235099
    4.126512     3.107743     3.690675
    2.486746     4.126512     3.107743
    2.846426     2.486746     4.126512
    3.071285     2.846426     2.486746
    2.603324     3.071285     2.846426
    2.078514     2.603324     3.071285
    2.450764     2.078514     2.603324
    3.443437     2.450764     2.078514
    4.335109     3.443437     2.450764
    3.013324     4.335109     3.443437
    3.213173     3.013324     4.335109
    4.148275     3.213173     3.013324
    3.813227     4.148275     3.213173
    1.759301     3.813227     4.148275
    4.034936     1.759301     3.813227
    3.852938     4.034936     1.759301
    5.271524     3.852938     4.034936
    4.066535     5.271524     3.852938
    4.326452     4.066535     5.271524
    3.611352     4.326452     4.066535
    1.110136     3.611352     4.326452
    0.928153     1.110136     3.611352
    3.063171     0.928153     1.110136
    3.453002     3.063171     0.928153
    3.433629     3.453002     3.063171
    4.459649     3.433629     3.453002
    4.999670     4.459649     3.433629
    4.142914     4.999670     4.459649
    3.803582     4.142914     4.999670
    4.691996     3.803582     4.142914
    4.641948     4.691996     3.803582
    3.328269     4.641948     4.691996
    3.529797     3.328269     4.641948
    3.326231     3.529797     3.328269
    3.800678     3.326231     3.529797
    3.764701     3.800678     3.326231
    4.151059     3.764701     3.800678
    3.588205     4.151059     3.764701
    3.811778     3.588205     4.151059
    3.479205     3.811778     3.588205
    3.201155     3.479205     3.811778
    2.547131     3.201155     3.479205
    1.135175     2.547131     3.201155
    2.332086     1.135175     2.547131
    1.241451     2.332086     1.135175
    2.621111     1.241451     2.332086
    2.615188     2.621111     1.241451
    3.785279     2.615188     2.621111
    3.468264     3.785279     2.615188
    3.807389     3.468264     3.785279
    4.214302     3.807389     3.468264
    3.067750     4.214302     3.807389
    3.849574     3.067750     4.214302
    3.270204     3.849574     3.067750
    2.550240     3.270204     3.849574
    2.584699     2.550240     3.270204
    3.013740     2.584699     2.550240
    4.913714     3.013740     2.584699
    3.730303     4.913714     3.013740
    3.868370     3.730303     4.913714
    3.294149     3.868370     3.730303
    4.157013     3.294149     3.868370
    4.453374     4.157013     3.294149
    5.791467     4.453374     4.157013
    6.908627     5.791467     4.453374
    5.177182     6.908627     5.791467
    4.496055     5.177182     6.908627
    3.583941     4.496055     5.177182
    3.920355     3.583941     4.496055
    3.982712     3.920355     3.583941
    3.325899     3.982712     3.920355
    2.890251     3.325899     3.982712
    2.521915     2.890251     3.325899
    3.486220     2.521915     2.890251
    3.358040     3.486220     2.521915
    2.655518     3.358040     3.486220
    3.336767     2.655518     3.358040
    3.836510     3.336767     2.655518
    4.563061     3.836510     3.336767
    3.356009     4.563061     3.836510
    3.078826     3.356009     4.563061
    1.933796     3.078826     3.356009
    1.200390     1.933796     3.078826
    0.553871     1.200390     1.933796
    2.306833     0.553871     1.200390
    2.616542     2.306833     0.553871
    3.425823     2.616542     2.306833
    3.814142     3.425823     2.616542
    3.247740     3.814142     3.425823
    4.930789     3.247740     3.814142
    2.868939     4.930789     3.247740
    3.702462     2.868939     4.930789
    3.947260     3.702462     2.868939
    4.306226     3.947260     3.702462
    3.711168     4.306226     3.947260
    2.708691     3.711168     4.306226
    3.875315     2.708691     3.711168
    2.616917     3.875315     2.708691
    3.694294     2.616917     3.875315
    4.135508     3.694294     2.616917
    3.201883     4.135508     3.694294
    2.991421     3.201883     4.135508
    3.029684     2.991421     3.201883
    1.688650     3.029684     2.991421
    1.841713     1.688650     3.029684
    2.520526     1.841713     1.688650
    3.033146     2.520526     1.841713
    3.632606     3.033146     2.520526
    3.944629     3.632606     3.033146
    3.402455     3.944629     3.632606
    3.291105     3.402455     3.944629
    1.523930     3.291105     3.402455
    2.474758     1.523930     3.291105
    1.022093     2.474758     1.523930
    1.268709     1.022093     2.474758
    1.023673     1.268709     1.022093
    1.322892     1.023673     1.268709
    1.740900     1.322892     1.023673
    1.414135     1.740900     1.322892
    3.084437     1.414135     1.740900
    3.393950     3.084437     1.414135
    2.108332     3.393950     3.084437
    2.393108     2.108332     3.393950
    1.495518     2.393108     2.108332
    2.945498     1.495518     2.393108
    2.581149     2.945498     1.495518
    2.576522     2.581149     2.945498
    2.761975     2.576522     2.581149
    2.627492     2.761975     2.576522
    2.511570     2.627492     2.761975
    1.040471     2.511570     2.627492
    0.945353     1.040471     2.511570
    2.768256     0.945353     1.040471
    3.386391     2.768256     0.945353
    3.121884     3.386391     2.768256
    3.317932     3.121884     3.386391
    5.232221     3.317932     3.121884
    2.628157     5.232221     3.317932
    3.649937     2.628157     5.232221
    3.759374     3.649937     2.628157
    2.860406     3.759374     3.649937
    3.680655     2.860406     3.759374
    1.582475     3.680655     2.860406
    3.990847     1.582475     3.680655
    2.076316     3.990847     1.582475
    1.184647     2.076316     3.990847
    2.137277     1.184647     2.076316
    3.791403     2.137277     1.184647
    2.065882     3.791403     2.137277
    3.100368     2.065882     3.791403
    2.813335     3.100368     2.065882
    2.217818     2.813335     3.100368
    1.856558     2.217818     2.813335
    2.885295     1.856558     2.217818
    1.503074     2.885295     1.856558
    1.806869     1.503074     2.885295
    1.081516     1.806869     1.503074
    2.033027     1.081516     1.806869
    0.139655     2.033027     1.081516
    1.364937     0.139655     2.033027
    1.173157     1.364937     0.139655
    0.359056     1.173157     1.364937
    1.043730     0.359056     1.173157
    1.071779     1.043730     0.359056
    1.789111     1.071779     1.043730
    2.341135     1.789111     1.071779
    2.112086     2.341135     1.789111
    3.639823     2.112086     2.341135
    2.701565     3.639823     2.112086
    2.340124     2.701565     3.639823
    2.858317     2.340124     2.701565
    3.657678     2.858317     2.340124
    4.867891     3.657678     2.858317
    6.393336     4.867891     3.657678
    3.859400     6.393336     4.867891
    3.954691     3.859400     6.393336
    2.986153     3.954691     3.859400
    1.576755     2.986153     3.954691
    2.138099     1.576755     2.986153
    2.547265     2.138099     1.576755
    3.078615     2.547265     2.138099
    2.603357     3.078615     2.547265
    3.376118     2.603357     3.078615
    3.629358     3.376118     2.603357
    3.034598     3.629358     3.376118
    2.838243     3.034598     3.629358
    2.817652     2.838243     3.034598
    0.410590     2.817652     2.838243
    1.631973     0.410590     2.817652
    2.243555     1.631973     0.410590
    4.098042     2.243555     1.631973
    3.911812     4.098042     2.243555
    3.471048     3.911812     4.098042
    3.984457     3.471048     3.911812
    1.961439     3.984457     3.471048
    4.416437     1.961439     3.984457
    3.038621     4.416437     1.961439
    3.643055     3.038621     4.416437
    1.739786     3.643055     3.038621
    3.544268     1.739786     3.643055
    2.815004     3.544268     1.739786
    2.615213     2.815004     3.544268
    2.918022     2.615213     2.815004
    3.190987     2.918022     2.615213
    2.321172     3.190987     2.918022
    1.733119     2.321172     3.190987
    1.141380     1.733119     2.321172
   -0.644858     1.141380     1.733119
    0.531439    -0.644858     1.141380
    2.518481     0.531439    -0.644858
    3.311695     2.518481     0.531439
    4.076498     3.311695     2.518481
    3.797145     4.076498     3.311695
    1.736353     3.797145     4.076498
    2.491647     1.736353     3.797145
    1.806448     2.491647     1.736353
    2.182401     1.806448     2.491647
    2.338862     2.182401     1.806448
    2.924930     2.338862     2.182401
    2.818596     2.924930     2.338862
    5.165483     2.818596     2.924930
    5.893884     5.165483     2.818596
    6.768153     5.893884     5.165483
    6.038984     6.768153     5.893884
    6.622149     6.038984     6.768153
    4.581951     6.622149     6.038984
    4.108277     4.581951     6.622149
    3.151966     4.108277     4.581951
    4.273637     3.151966     4.108277
    4.554141     4.273637     3.151966
    5.248940     4.554141     4.273637
    3.973258     5.248940     4.554141
    3.898652     3.973258     5.248940
    1.728840     3.898652     3.973258
    2.500657     1.728840     3.898652
    3.279738     2.500657     1.728840
    4.091589     3.279738     2.500657
    3.892637     4.091589     3.279738
    2.700275     3.892637     4.091589
    2.696748     2.700275     3.892637
    3.722267     2.696748     2.700275
    3.264974     3.722267     2.696748
    4.856258     3.264974     3.722267
    3.317748     4.856258     3.264974
    2.630221     3.317748     4.856258
    2.566591     2.630221     3.317748
    2.173582     2.566591     2.630221
    3.253505     2.173582     2.566591
    2.107997     3.253505     2.173582
    3.726815     2.107997     3.253505
    1.693856     3.726815     2.107997
    2.417509     1.693856     3.726815
    2.278148     2.417509     1.693856
    1.651753     2.278148     2.417509
    3.536634     1.651753     2.278148
    2.431580     3.536634     1.651753
    2.642951     2.431580     3.536634
    1.506122     2.642951     2.431580
    1.617722     1.506122     2.642951
    3.058369     1.617722     1.506122
    4.166150     3.058369     1.617722
    5.500704     4.166150     3.058369
    3.485811     5.500704     4.166150
    4.321942     3.485811     5.500704
    4.541190     4.321942     3.485811
    4.510759     4.541190     4.321942
    4.601941     4.510759     4.541190
    4.977275     4.601941     4.510759
    4.763809     4.977275     4.601941
    4.335852     4.763809     4.977275
    5.433782     4.335852     4.763809
    5.246323     5.433782     4.335852
    3.729553     5.246323     5.433782
    5.007673     3.729553     5.246323
    3.704320     5.007673     3.729553
    4.427763     3.704320     5.007673
    2.048666     4.427763     3.704320
    3.541972     2.048666     4.427763
    4.093089     3.541972     2.048666
    4.292584     4.093089     3.541972
    3.976890     4.292584     4.093089
    5.000389     3.976890     4.292584
    5.667975     5.000389     3.976890
    5.131718     5.667975     5.000389
    5.418980     5.131718     5.667975
    5.434909     5.418980     5.131718
    5.509721     5.434909     5.418980
    4.179348     5.509721     5.434909
    4.127527     4.179348     5.509721
    3.994222     4.127527     4.179348
    5.290131     3.994222     4.127527
    4.901130     5.290131     3.994222
    4.120740     4.901130     5.290131
    3.466588     4.120740     4.901130
    2.396772     3.466588     4.120740
    2.433574     2.396772     3.466588
    1.344075     2.433574     2.396772
    4.419768     1.344075     2.433574
    4.275092     4.419768     1.344075
    2.928513     4.275092     4.419768
    4.228170     2.928513     4.275092
    3.323567     4.228170     2.928513
    3.123049     3.323567     4.228170
    4.279389     3.123049     3.323567
    3.142759     4.279389     3.123049
    3.589718     3.142759     4.279389
    3.405648     3.589718     3.142759
    2.801231     3.405648     3.589718
    3.098367     2.801231     3.405648
    2.157971     3.098367     2.801231
    1.955459     2.157971     3.098367
    1.690146     1.955459     2.157971
    1.614374     1.690146     1.955459
    2.380804     1.614374     1.690146
    1.269904     2.380804     1.614374
    2.623614     1.269904     2.380804
    2.682288     2.623614     1.269904
    1.814580     2.682288     2.623614
    1.828307     1.814580     2.682288
    0.447839     1.828307     1.814580
    2.139438     0.447839     1.828307
    1.023676     2.139438     0.447839
    1.613290     1.023676     2.139438
    1.995014     1.613290     1.023676
