    2.890488     2.186826     2.889581
    2.202763     2.890488     2.186826
    2.033447     2.202763     2.890488
    2.862695     2.033447     2.202763
    4.546998     2.862695     2.033447
    3.861824     4.546998     2.862695
    3.098721     3.861824     4.546998
    4.725519     3.098721     3.861824
    4.259287     4.725519     3.098721
    5.098554     4.259287     4.725519
    5.446673     5.098554     4.259287
    3.201665     5.446673     5.098554
    3.165963     3.201665     5.446673
    3.931617     3.165963     3.201665
    2.704779     3.931617     3.165963
    4.742509     2.704779     3.931617
    5.554817     4.742509     2.704779
    2.742090     5.554817     4.742509
    4.196269     2.742090     5.554817
    3.108177     4.196269     2.742090
    1.343586     3.108177     4.196269
    2.948229     1.343586     3.108177
    3.882813     2.948229     1.343586
    4.214436     3.882813     2.948229
    4.055793     4.214436     3.882813
    2.894187     4.055793     4.214436
    1.771264     2.894187     4.055793
    3.902944     1.771264     2.894187
    4.643591     3.902944     1.771264
    4.234549     4.643591     3.902944
    3.950429     4.234549     4.643591
    3.837127     3.950429     4.234549
    4.908454     3.837127     3.950429
    4.110374     4.908454     3.837127
    5.092338     4.110374     4.908454
    3.620240     5.092338     4.110374
    5.433582     3.620240     5.092338
    4.599913     5.433582     3.620240
    6.240168     4.599913     5.433582
    4.595175     6.240168     4.599913
    3.870707     4.595175     6.240168
    3.784361     3.870707     4.595175
    3.326355     3.784361     3.870707
    3.248478     3.326355     3.784361
    2.908957     3.248478     3.326355
    3.639068     2.908957     3.248478
    2.811904     3.639068     2.908957
    2.451829     2.811904     3.639068
    1.781088     2.451829     2.811904
    2.749166     1.781088     2.451829
    3.203093     2.749166     1.781088
    2.813268     3.203093     2.749166
    4.454994     2.813268     3.203093
    4.690731     4.454994     2.813268
    3.305274     4.690731     4.454994
    3.591238     3.305274     4.690731
    2.476567     3.591238     3.305274
    3.837430     2.476567     3.591238
    4.835780     3.837430     2.476567
    5.756616     4.835780     3.837430
    4.677707     5.756616     4.835780
    3.833565     4.677707     5.756616
    2.701172     3.833565     4.677707
    1.294403     2.701172     3.833565
    3.430015     1.294403     2.701172
    2.573177     3.430015     1.294403
    2.389316     2.573177     3.430015
    1.242367     2.389316     2.573177
    3.250631     1.242367     2.389316
    4.780667     3.250631     1.242367
    4.542659     4.780667     3.250631
    2.312770     4.542659     4.780667
    1.726643     2.312770     4.542659
    2.033404     1.726643     2.312770
    2.695113     2.033404     1.726643
    1.789028     2.695113     2.033404
    1.798339     1.789028     2.695113
    3.473736     1.798339     1.789028
    2.602856     3.473736     1.798339
    0.548282     2.602856     3.473736
    2.652905     0.548282     2.602856
    1.341413     2.652905     0.548282
    4.064474     1.341413     2.652905
    4.118511     4.064474     1.341413
    4.885420     4.118511     4.064474
    2.874487     4.885420     4.118511
    2.808484     2.874487     4.885420
    4.387546     2.808484     2.874487
    3.548196     4.387546     2.808484
    3.532984     3.548196     4.387546
    3.535585     3.532984     3.548196
    3.447446     3.535585     3.532984
    4.047345     3.447446     3.535585
    4.620977     4.047345     3.447446
    4.022869     4.620977     4.047345
    3.918424     4.022869     4.620977
    4.057013     3.918424     4.022869
    2.270882     4.057013     3.918424
    2.242782     2.270882     4.057013
    4.388096     2.242782     2.270882
    4.547439     4.388096     2.242782
    3.274926     4.547439     4.388096
    2.811685     3.274926     4.547439
    3.245466     2.811685     3.274926
    2.174954     3.245466     2.811685
    4.840573     2.174954     3.245466
    2.838350     4.840573     2.174954
    2.328835     2.838350     4.840573
    0.887531     2.328835     2.838350
    2.290765     0.887531     2.328835
    2.599162     2.290765     0.887531
    2.685072     2.599162     2.290765
    3.205582     2.685072     2.599162
    2.829860     3.205582     2.685072
    2.429597     2.829860     3.205582
    1.936495     2.429597     2.829860
    2.846484     1.936495     2.429597
    2.541191     2.846484     1.936495
    1.000017     2.541191     2.846484
    1.514253     1.000017     2.541191
    1.863336     1.514253     1.000017
    0.726247     1.863336     1.514253
    2.203392     0.726247     1.863336
    3.894284     2.203392     0.726247
    2.605889     3.894284     2.203392
    3.849127     2.605889     3.894284
    3.486576     3.849127     2.605889
    4.106268     3.486576     3.849127
    2.914531     4.106268     3.486576
    2.628310     2.914531     4.106268
    3.700269     2.628310     2.914531
    3.022395     3.700269     2.628310
    3.601801     3.022395     3.700269
    3.289324     3.601801     3.022395
    3.362688     3.289324     3.601801
    4.017422     3.362688     3.289324
    4.467664     4.017422     3.362688
    5.062592     4.467664     4.017422
    5.590878     5.062592     4.467664
    5.081665     5.590878     5.062592
    5.579101     5.081665     5.590878
    5.022467     5.579101     5.081665
    4.362296     5.022467     5.579101
    3.345171     4.362296     5.022467
    3.838437     3.345171     4.362296
    4.350468     3.838437     3.345171
    5.083168     4.350468     3.838437
    2.465076     5.083168     4.350468
    3.354739     2.465076     5.083168
    3.844635     3.354739     2.465076
    4.186734     3.844635     3.354739
    3.173530     4.186734     3.844635
    3.044407     3.173530     4.186734
    3.359480     3.044407     3.173530
    4.521326     3.359480     3.044407
    3.455905     4.521326     3.359480
    4.988002     3.455905     4.521326
    3.598623     4.988002     3.455905
    4.438382     3.598623     4.988002
    1.344638     4.438382     3.598623
    3.868390     1.344638     4.438382
    2.949840     3.868390     1.344638
    3.414182     2.949840     3.868390
    3.421202     3.414182     2.949840
    2.941485     3.421202     3.414182
    2.706984     2.941485     3.421202
    2.732384     2.706984     2.941485
    2.918775     2.732384     2.706984
    4.793688     2.918775     2.732384
    2.307150     4.793688     2.918775
    2.714548     2.307150     4.793688
    0.957848     2.714548     2.307150
    1.017120     0.957848     2.714548
    2.380764     1.017120     0.957848
    1.936415     2.380764     1.017120
    3.894870     1.936415     2.380764
    2.832560     3.894870     1.936415
    4.810578     2.832560     3.894870
    4.340412     4.810578     2.832560
    5.575113     4.340412     4.810578
    5.821700     5.575113     4.340412
    4.456461     5.821700     5.575113
    4.239139     4.456461     5.821700
    3.237651     4.239139     4.456461
    3.035670     3.237651     4.239139
    3.595363     3.035670     3.237651
    3.787838     3.595363     3.035670
    1.800889     3.787838     3.595363
    3.104869     1.800889     3.787838
    2.287537     3.104869     1.800889
    2.924567     2.287537     3.104869
    5.207833     2.924567     2.287537
    3.994837     5.207833     2.924567
    3.650934     3.994837     5.207833
    1.571180     3.650934     3.994837
    2.040862     1.571180     3.650934
    3.748978     2.040862     1.571180
    3.594463     3.748978     2.040862
    2.092655     3.594463     3.748978
    2.302233     2.092655     3.594463
    2.733004     2.302233     2.092655
    2.004981     2.733004     2.302233
    1.830502     2.004981     2.733004
    4.260936     1.830502     2.004981
    5.332121     4.260936     1.830502
    3.023114     5.332121     4.260936
    4.560829     3.023114     5.332121
    5.219474     4.560829     3.023114
    6.496651     5.219474     4.560829
    5.288050     6.496651     5.219474
    5.952678     5.288050     6.496651
    4.299894     5.952678     5.288050
    4.533087     4.299894     5.952678
    4.780868     4.533087     4.299894
    2.889410     4.780868     4.533087
    3.383470     2.889410     4.780868
    3.290127     3.383470     2.889410
    2.681111     3.290127     3.383470
    3.092868     2.681111     3.290127
    4.301294     3.092868     2.681111
    3.253687     4.301294     3.092868
    2.210032     3.253687     4.301294
    1.080159     2.210032     3.253687
    1.771175     1.080159     2.210032
    2.264322     1.771175     1.080159
    2.314251     2.264322     1.771175
    2.157171     2.314251     2.264322
    2.976526     2.157171     2.314251
    4.621515     2.976526     2.157171
    4.452683     4.621515     2.976526
    4.130706     4.452683     4.621515
    3.282335     4.130706     4.452683
    2.507036     3.282335     4.130706
    2.186739     2.507036     3.282335
    2.769793     2.186739     2.507036
    1.384528     2.769793     2.186739
    2.348404     1.384528     2.769793
    2.567966     2.348404     1.384528
    2.354746     2.567966     2.348404
    1.567651     2.354746     2.567966
    2.358305     1.567651     2.354746
    3.415795     2.358305     1.567651
    3.750332     3.415795     2.358305
    3.507329     3.750332     3.415795
    4.853694     3.507329     3.750332
    3.439136     4.853694     3.507329
    2.053222     3.439136     4.853694
    2.316037     2.053222     3.439136
    1.341034     2.316037     2.053222
    2.212931     1.341034     2.316037
    2.485623     2.212931     1.341034
    2.108431     2.485623     2.212931
    1.082338     2.108431     2.485623
    2.026217     1.082338     2.108431
    0.354834     2.026217     1.082338
    1.276072     0.354834     2.026217
    2.218552     1.276072     0.354834
    1.470450     2.218552     1.276072
    2.868120     1.470450     2.218552
    2.901697     2.868120     1.470450
    1.479415     2.901697     2.868120
    1.582669     1.479415     2.901697
    2.384768     1.582669     1.479415
    3.183048     2.384768     1.582669
    4.124871     3.183048     2.384768
    5.457124     4.124871     3.183048
    5.062165     5.457124     4.124871
    3.997360     5.062165     5.457124
    4.802419     3.997360     5.062165
    4.656714     4.802419     3.997360
    5.884604     4.656714     4.802419
    7.290192     5.884604     4.656714
    5.667147     7.290192     5.884604
    5.008645     5.667147     7.290192
    3.655995     5.008645     5.667147
    4.197412     3.655995     5.008645
    4.931172     4.197412     3.655995
    3.735530     4.931172     4.197412
    3.956417     3.735530     4.931172
    4.729299     3.956417     3.735530
    4.013428     4.729299     3.956417
    2.805747     4.013428     4.729299
    3.783155     2.805747     4.013428
    2.626597     3.783155     2.805747
    2.159799     2.626597     3.783155
    0.866386     2.159799     2.626597
    3.427120     0.866386     2.159799
    2.358390     3.427120     0.866386
    0.580233     2.358390     3.427120
    2.054901     0.580233     2.358390
    1.909794     2.054901     0.580233
    1.634868     1.909794     2.054901
    0.564844     1.634868     1.909794
    1.726394     0.564844     1.634868
    2.349573     1.726394     0.564844
    3.107601     2.349573     1.726394
    2.326320     3.107601     2.349573
    3.867086     2.326320     3.107601
    3.417986     3.867086     2.326320
    2.957985     3.417986     3.867086
    1.302660     2.957985     3.417986
    3.469471     1.302660     2.957985
    3.627743     3.469471     1.302660
    1.860858     3.627743     3.469471
    1.672780     1.860858     3.627743
    2.169655     1.672780     1.860858
    2.924368     2.169655     1.672780
    2.537498     2.924368     2.169655
    3.777692     2.537498     2.924368
    4.821038     3.777692     2.537498
    4.836868     4.821038     3.777692
    3.803735     4.836868     4.821038
    4.676331     3.803735     4.836868
    3.991771     4.676331     3.803735
    3.182886     3.991771     4.676331
    3.605293     3.182886     3.991771
    2.985205     3.605293     3.182886
    2.013883     2.985205     3.605293
    3.789295     2.013883     2.985205
    3.244399     3.789295     2.013883
    3.129768     3.244399     3.789295
    4.806655     3.129768     3.244399
    3.191506     4.806655     3.129768
    4.191659     3.191506     4.806655
    2.763318     4.191659     3.191506
    3.392574     2.763318     4.191659
    3.391110     3.392574     2.763318
    3.605268     3.391110     3.392574
    2.841892     3.605268     3.391110
    4.056486     2.841892     3.605268
    2.957724     4.056486     2.841892
    4.887192     2.957724     4.056486
    3.729928     4.887192     2.957724
    0.764080     3.729928     4.887192
    1.542500     0.764080     3.729928
    1.429180     1.542500     0.764080
    2.249140     1.429180     1.542500
    2.305370     2.249140     1.429180
    1.546545     2.305370     2.249140
    2.603408     1.546545     2.305370
    3.515087     2.603408     1.546545
    4.006181     3.515087     2.603408
    3.912920     4.006181     3.515087
    1.926624     3.912920     4.006181
    4.131087     1.926624     3.912920
    2.531876     4.131087     1.926624
    3.083193     2.531876     4.131087
    2.059060     3.083193     2.531876
    1.877388     2.059060     3.083193
    2.358111     1.877388     2.059060
    2.725857     2.358111     1.877388
    1.811212     2.725857     2.358111
    3.138290     1.811212     2.725857
    3.550990     3.138290     1.811212
    3.582038     3.550990     3.138290
    3.724090     3.582038     3.550990
    4.774889     3.724090     3.582038
    3.153565     4.774889     3.724090
    6.928060     3.153565     4.774889
    5.159949     6.928060     3.153565
    6.039057     5.159949     6.928060
    5.264862     6.039057     5.159949
    4.444884     5.264862     6.039057
    4.302631     4.444884     5.264862
    3.777489     4.302631     4.444884
    2.753721     3.777489     4.302631
    1.477809     2.753721     3.777489
    0.405817     1.477809     2.753721
    1.284458     0.405817     1.477809
    2.390925     1.284458     0.405817
    2.991688     2.390925     1.284458
    2.802726     2.991688     2.390925
    3.483692     2.802726     2.991688
    2.045428     3.483692     2.802726
    3.133857     2.045428     3.483692
    2.638136     3.133857     2.045428
    0.260569     2.638136     3.133857
    2.898362     0.260569     2.638136
    2.649465     2.898362     0.260569
    1.974389     2.649465     2.898362
    4.619040     1.974389     2.649465
    2.798028     4.619040     1.974389
    2.414477     2.798028     4.619040
    2.656127     2.414477     2.798028
    2.113186     2.656127     2.414477
    1.191486     2.113186     2.656127
   -0.107975     1.191486     2.113186
   -2.125944    -0.107975     1.191486
    1.318293    -2.125944    -0.107975
   -0.798907     1.318293    -2.125944
    1.423674    -0.798907     1.318293
    1.374236     1.423674    -0.798907
   -0.078083     1.374236     1.423674
    2.255167    -0.078083     1.374236
    2.443090     2.255167    -0.078083
    3.455511     2.443090     2.255167
    3.867809     3.455511     2.443090
    4.855889     3.867809     3.455511
    3.884459     4.855889     3.867809
    5.004367     3.884459     4.855889
    3.437140     5.004367     3.884459
    3.489561     3.437140     5.004367
    4.721162     3.489561     3.437140
    2.201999     4.721162     3.489561
    2.171884     2.201999     4.721162
    1.881208     2.171884     2.201999
    1.344275     1.881208     2.171884
    2.425463     1.344275     1.881208
    4.019796     2.425463     1.344275
    4.612403     4.019796     2.425463
    3.236335     4.612403     4.019796
    1.325472     3.236335     4.612403
    2.554977     1.325472     3.236335
    1.048794     2.554977     1.325472
    1.984583     1.048794     2.554977
    2.105366     1.984583     1.048794
    2.748805     2.105366     1.984583
    1.545600     2.748805     2.105366
    1.804714     1.545600     2.748805
    2.439247     1.804714     1.545600
    3.248062     2.439247     1.804714
    2.349931     3.248062     2.439247
    3.668256     2.349931     3.248062
    3.909806     3.668256     2.349931
    4.852146     3.909806     3.668256
    4.429327     4.852146     3.909806
    4.694960     4.429327     4.852146
    4.993844     4.694960     4.429327
    4.260950     4.993844     4.694960
    3.780231     4.260950     4.993844
    2.768514     3.780231     4.260950
    2.523454     2.768514     3.780231
    2.677765     2.523454     2.768514
    2.607402     2.677765     2.523454
    3.402760     2.607402     2.677765
    4.778123     3.402760     2.607402
    2.642084     4.778123     3.402760
    3.791544     2.642084     4.778123
    4.653574     3.791544     2.642084
    1.880491     4.653574     3.791544
    2.684598     1.880491     4.653574
    3.789130     2.684598     1.880491
    4.536536     3.789130     2.684598
    5.051204     4.536536     3.789130
    4.204114     5.051204     4.536536
    5.188015     4.204114     5.051204
    6.139320     5.188015     4.204114
    5.586260     6.139320     5.188015
    5.896496     5.586260     6.139320
    3.600386     5.896496     5.586260
    5.166146     3.600386     5.896496
    3.899519     5.166146     3.600386
    5.649143     3.899519     5.166146
    3.990795     5.649143     3.899519
    3.842669     3.990795     5.649143
    2.741927     3.842669     3.990795
    4.418302     2.741927     3.842669
    3.799633     4.418302     2.741927
    3.460270     3.799633     4.418302
    3.934896     3.460270     3.799633
    3.874227     3.934896     3.460270
    6.035416     3.874227     3.934896
    4.208762     6.035416     3.874227
    1.998924     4.208762     6.035416
    3.328989     1.998924     4.208762
    3.903457     3.328989     1.998924
    3.384855     3.903457     3.328989
    3.407731     3.384855     3.903457
    3.780644     3.407731     3.384855
    3.743655     3.780644     3.407731
    3.652544     3.743655     3.780644
    2.860706     3.652544     3.743655
    2.120854     2.860706     3.652544
    2.928847     2.120854     2.860706
    3.489227     2.928847     2.120854
    3.554581     3.489227     2.928847
    4.363803     3.554581     3.489227
    3.150221     4.363803     3.554581
    4.441112     3.150221     4.363803
    4.107135     4.441112     3.150221
    5.160292     4.107135     4.441112
    3.747677     5.160292     4.107135
    2.728177     3.747677     5.160292
    3.643035     2.728177     3.747677
    2.147648     3.643035     2.728177
    2.662948     2.147648     3.643035
    4.009364     2.662948     2.147648
    6.134828     4.009364     2.662948
    7.247989     6.134828     4.009364
    6.476905     7.247989     6.134828
    5.426839     6.476905     7.247989
    2.743157     5.426839     6.476905
    4.599833     2.743157     5.426839
    3.054699     4.599833     2.743157
    3.391802     3.054699     4.599833
    3.876383     3.391802     3.054699
    5.500416     3.876383     3.391802
    6.128240     5.500416     3.876383
    5.993241     6.128240     5.500416
    4.174958     5.993241     6.128240
