    2.407550     2.546799     3.643743
    1.713642     2.407550     2.546799
    2.784163     1.713642     2.407550
    2.051982     2.784163     1.713642
    3.633518     2.051982     2.784163
    3.823203     3.633518     2.051982
    4.230504     3.823203     3.633518
    4.836575     4.230504     3.823203
    3.822433     4.836575     4.230504
    3.201975     3.822433     4.836575
    1.254256     3.201975     3.822433
    1.197376     1.254256     3.201975
    1.124536     1.197376     1.254256
   -0.081176     1.124536     1.197376
    0.366913    -0.081176     1.124536
    2.271465     0.366913    -0.081176
    1.988370     2.271465     0.366913
    1.596230     1.988370     2.271465
    1.691000     1.596230     1.988370
    1.834460     1.691000     1.596230
    1.714091     1.834460     1.691000
    2.305275     1.714091     1.834460
    1.542567     2.305275     1.714091
    2.950568     1.542567     2.305275
    1.617855     2.950568     1.542567
    2.436185     1.617855     2.950568
    2.259689     2.436185     1.617855
    4.376809     2.259689     2.436185
    2.376841     4.376809     2.259689
    4.627774     2.376841     4.376809
    4.358886     4.627774     2.376841
    3.486689     4.358886     4.627774
    2.889206     3.486689     4.358886
    4.346400     2.889206     3.486689
    2.364535     4.346400     2.889206
    3.741607     2.364535     4.346400
    0.756695     3.741607     2.364535
    1.193778     0.756695     3.741607
    1.174754     1.193778     0.756695
    2.332279     1.174754     1.193778
    2.637553     2.332279     1.174754
    2.951159     2.637553     2.332279
    3.505724     2.951159     2.637553
    4.158913     3.505724     2.951159
    1.870739     4.158913     3.505724
    2.358237     1.870739     4.158913
    1.584524     2.358237     1.870739
    4.148731     1.584524     2.358237
    4.522432     4.148731     1.584524
    6.603049     4.522432     4.148731
    3.691700     6.603049     4.522432
    5.819673     3.691700     6.603049
    5.221103     5.819673     3.691700
    5.043384     5.221103     5.819673
    4.148236     5.043384     5.221103
    2.761733     4.148236     5.043384
    3.369045     2.761733     4.148236
    3.828511     3.369045     2.761733
    1.880154     3.828511     3.369045
    3.343392     1.880154     3.828511
    2.200269     3.343392     1.880154
    2.750603     2.200269     3.343392
    4.498867     2.750603     2.200269
    2.935937     4.498867     2.750603
    4.759266     2.935937     4.498867
    2.538445     4.759266     2.935937
    2.182493     2.538445     4.759266
    2.448860     2.182493     2.538445
    1.862910     2.448860     2.182493
    1.444534     1.862910     2.448860
    2.864833     1.444534     1.862910
    4.195846     2.864833     1.444534
    3.419240     4.195846     2.864833
    2.438971     3.419240     4.195846
    2.933833     2.438971     3.419240
    3.317783     2.933833     2.438971
    3.089087     3.317783     2.933833
    1.366183     3.089087     3.317783
    0.898288     1.366183     3.089087
    1.210964     0.898288     1.366183
    2.264317     1.210964     0.898288
    4.002090     2.264317     1.210964
    2.983757     4.002090     2.264317
    4.458177     2.983757     4.002090
    1.263755     4.458177     2.983757
    3.048030     1.263755     4.458177
    3.817142     3.048030     1.263755
    2.800976     3.817142     3.048030
    2.638204     2.800976     3.817142
    2.671986     2.638204     2.800976
    1.531825     2.671986     2.638204
    1.042942     1.531825     2.671986
    2.250358     1.042942     1.531825
    2.447134     2.250358     1.042942
    5.184894     2.447134     2.250358
    3.929620     5.184894     2.447134
    1.448903     3.929620     5.184894
    2.081401     1.448903     3.929620
    0.407366     2.081401     1.448903
    1.025700     0.407366     2.081401
    0.605217     1.025700     0.407366
    0.625276     0.605217     1.025700
    1.214326     0.625276     0.605217
    1.535940     1.214326     0.625276
    1.467642     1.535940     1.214326
    1.044879     1.467642     1.535940
    2.348191     1.044879     1.467642
    3.166388     2.348191     1.044879
    4.144603     3.166388     2.348191
    3.310982     4.144603     3.166388
    1.733869     3.310982     4.144603
    0.624330     1.733869     3.310982
    1.611519     0.624330     1.733869
    1.970099     1.611519     0.624330
    2.749494     1.970099     1.611519
    1.619027     2.749494     1.970099
    1.823096     1.619027     2.749494
    1.380698     1.823096     1.619027
    2.047202     1.380698     1.823096
    1.812237     2.047202     1.380698
    1.879595     1.812237     2.047202
    3.358622     1.879595     1.812237
    2.761609     3.358622     1.879595
    4.380269     2.761609     3.358622
    4.294174     4.380269     2.761609
    2.130009     4.294174     4.380269
    1.943925     2.130009     4.294174
    3.957553     1.943925     2.130009
    3.305640     3.957553     1.943925
    4.217329     3.305640     3.957553
    4.461599     4.217329     3.305640
    2.810339     4.461599     4.217329
    3.512219     2.810339     4.461599
    3.497556     3.512219     2.810339
    2.869072     3.497556     3.512219
    4.549315     2.869072     3.497556
    1.216279     4.549315     2.869072
    1.239371     1.216279     4.549315
    2.643496     1.239371     1.216279
    3.591671     2.643496     1.239371
    2.006245     3.591671     2.643496
    0.419307     2.006245     3.591671
    2.661377     0.419307     2.006245
    2.074115     2.661377     0.419307
    2.194651     2.074115     2.661377
    3.667972     2.194651     2.074115
    3.480745     3.667972     2.194651
    3.985083     3.480745     3.667972
    2.992378     3.985083     3.480745
    3.485658     2.992378     3.985083
    3.143019     3.485658     2.992378
    2.501770     3.143019     3.485658
    2.794956     2.501770     3.143019
    2.153717     2.794956     2.501770
    3.419359     2.153717     2.794956
    3.459469     3.419359     2.153717
    2.740330     3.459469     3.419359
    4.537544     2.740330     3.459469
    3.748541     4.537544     2.740330
    3.900571     3.748541     4.537544
    2.934294     3.900571     3.748541
    4.304741     2.934294     3.900571
    4.918231     4.304741     2.934294
    6.300718     4.918231     4.304741
    4.114078     6.300718     4.918231
    4.147007     4.114078     6.300718
    2.358112     4.147007     4.114078
    2.163428     2.358112     4.147007
    1.973201     2.163428     2.358112
    3.056217     1.973201     2.163428
    3.500802     3.056217     1.973201
    2.990759     3.500802     3.056217
    2.222796     2.990759     3.500802
    2.560225     2.222796     2.990759
    2.647402     2.560225     2.222796
    2.882928     2.647402     2.560225
    4.969531     2.882928     2.647402
    4.001258     4.969531     2.882928
    4.024079     4.001258     4.969531
    4.647762     4.024079     4.001258
    3.477834     4.647762     4.024079
    2.989474     3.477834     4.647762
    2.893600     2.989474     3.477834
    4.456650     2.893600     2.989474
    4.099488     4.456650     2.893600
    4.008141     4.099488     4.456650
    3.127070     4.008141     4.099488
    2.368739     3.127070     4.008141
    3.172653     2.368739     3.127070
    4.176256     3.172653     2.368739
    5.040466     4.176256     3.172653
    2.661410     5.040466     4.176256
    3.890558     2.661410     5.040466
    4.108496     3.890558     2.661410
    5.234527     4.108496     3.890558
    4.155233     5.234527     4.108496
    1.371786     4.155233     5.234527
    3.542436     1.371786     4.155233
    3.291858     3.542436     1.371786
    3.168490     3.291858     3.542436
    3.973613     3.168490     3.291858
    2.962140     3.973613     3.168490
    2.468087     2.962140     3.973613
    1.892682     2.468087     2.962140
    2.876854     1.892682     2.468087
    3.678449     2.876854     1.892682
    1.011827     3.678449     2.876854
    1.144485     1.011827     3.678449
    1.422214     1.144485     1.011827
    2.149528     1.422214     1.144485
    4.101051     2.149528     1.422214
    3.245540     4.101051     2.149528
    2.923522     3.245540     4.101051
    2.828938     2.923522     3.245540
    2.306817     2.828938     2.923522
    2.443570     2.306817     2.828938
    2.458805     2.443570     2.306817
    2.647542     2.458805     2.443570
    3.119719     2.647542     2.458805
    2.765486     3.119719     2.647542
    2.662349     2.765486     3.119719
    3.397784     2.662349     2.765486
    2.088374     3.397784     2.662349
    2.624977     2.088374     3.397784
    1.708399     2.624977     2.088374
    2.781364     1.708399     2.624977
    3.606633     2.781364     1.708399
    4.702807     3.606633     2.781364
    3.550596     4.702807     3.606633
    4.274820     3.550596     4.702807
    4.642763     4.274820     3.550596
    3.035378     4.642763     4.274820
    2.787271     3.035378     4.642763
    1.779179     2.787271     3.035378
    3.175376     1.779179     2.787271
    3.486451     3.175376     1.779179
    3.273259     3.486451     3.175376
    2.855729     3.273259     3.486451
    4.267467     2.855729     3.273259
    3.950655     4.267467     2.855729
    4.551738     3.950655     4.267467
    6.467017     4.551738     3.950655
    5.377078     6.467017     4.551738
    5.040460     5.377078     6.467017
    4.447137     5.040460     5.377078
    3.920426     4.447137     5.040460
    2.613570     3.920426     4.447137
    2.622882     2.613570     3.920426
    3.892272     2.622882     2.613570
    1.162490     3.892272     2.622882
    4.109869     1.162490     3.892272
    3.902733     4.109869     1.162490
    5.752971     3.902733     4.109869
    6.552987     5.752971     3.902733
    5.901181     6.552987     5.752971
    4.650243     5.901181     6.552987
    3.299146     4.650243     5.901181
    2.529194     3.299146     4.650243
    2.992294     2.529194     3.299146
    2.619688     2.992294     2.529194
    2.207763     2.619688     2.992294
    2.607677     2.207763     2.619688
    0.349376     2.607677     2.207763
    0.645454     0.349376     2.607677
    2.620872     0.645454     0.349376
    3.930906     2.620872     0.645454
    3.569406     3.930906     2.620872
    3.843155     3.569406     3.930906
    3.413183     3.843155     3.569406
    4.111920     3.413183     3.843155
    4.681443     4.111920     3.413183
    3.703518     4.681443     4.111920
    4.548091     3.703518     4.681443
    5.701718     4.548091     3.703518
    6.384348     5.701718     4.548091
    5.460440     6.384348     5.701718
    3.138779     5.460440     6.384348
    3.153427     3.138779     5.460440
    4.152269     3.153427     3.138779
    4.502854     4.152269     3.153427
    2.286484     4.502854     4.152269
    2.610516     2.286484     4.502854
    2.139853     2.610516     2.286484
    2.662904     2.139853     2.610516
    2.233789     2.662904     2.139853
    3.434160     2.233789     2.662904
    4.058459     3.434160     2.233789
    3.166617     4.058459     3.434160
    3.571446     3.166617     4.058459
    2.867217     3.571446     3.166617
    2.044511     2.867217     3.571446
    1.625743     2.044511     2.867217
    0.725535     1.625743     2.044511
    1.868353     0.725535     1.625743
    2.779511     1.868353     0.725535
    2.902473     2.779511     1.868353
    2.575299     2.902473     2.779511
    2.386031     2.575299     2.902473
    2.913106     2.386031     2.575299
    1.452425     2.913106     2.386031
    2.711352     1.452425     2.913106
    3.354890     2.711352     1.452425
    3.101037     3.354890     2.711352
    3.202108     3.101037     3.354890
    2.007454     3.202108     3.101037
    3.743497     2.007454     3.202108
    3.198144     3.743497     2.007454
    1.933783     3.198144     3.743497
    1.550792     1.933783     3.198144
    1.867747     1.550792     1.933783
    0.618447     1.867747     1.550792
    0.991769     0.618447     1.867747
    0.984356     0.991769     0.618447
    0.793802     0.984356     0.991769
    0.734274     0.793802     0.984356
    3.536025     0.734274     0.793802
    2.692492     3.536025     0.734274
    3.165257     2.692492     3.536025
    4.011760     3.165257     2.692492
    2.760912     4.011760     3.165257
    4.229336     2.760912     4.011760
    5.149750     4.229336     2.760912
    5.550116     5.149750     4.229336
    4.725623     5.550116     5.149750
    3.032376     4.725623     5.550116
    3.419420     3.032376     4.725623
    2.928107     3.419420     3.032376
    4.035150     2.928107     3.419420
    4.343085     4.035150     2.928107
    5.876480     4.343085     4.035150
    5.444305     5.876480     4.343085
    4.892821     5.444305     5.876480
    4.037839     4.892821     5.444305
    3.797973     4.037839     4.892821
    2.985229     3.797973     4.037839
    4.292784     2.985229     3.797973
    4.198944     4.292784     2.985229
    2.123484     4.198944     4.292784
    1.462040     2.123484     4.198944
    1.849719     1.462040     2.123484
    2.260647     1.849719     1.462040
    1.480707     2.260647     1.849719
    1.954680     1.480707     2.260647
    2.410081     1.954680     1.480707
    1.742261     2.410081     1.954680
    3.163397     1.742261     2.410081
    3.053069     3.163397     1.742261
    3.896509     3.053069     3.163397
    4.199754     3.896509     3.053069
    6.634228     4.199754     3.896509
    5.264163     6.634228     4.199754
    4.611472     5.264163     6.634228
    5.172865     4.611472     5.264163
    4.002435     5.172865     4.611472
    3.126951     4.002435     5.172865
    4.595855     3.126951     4.002435
    3.235764     4.595855     3.126951
    3.091390     3.235764     4.595855
    2.961996     3.091390     3.235764
    2.885184     2.961996     3.091390
    3.754637     2.885184     2.961996
    5.162227     3.754637     2.885184
    3.238199     5.162227     3.754637
    3.362702     3.238199     5.162227
    3.513282     3.362702     3.238199
    3.203616     3.513282     3.362702
    1.431178     3.203616     3.513282
    2.134140     1.431178     3.203616
    2.868205     2.134140     1.431178
    3.842472     2.868205     2.134140
    2.298000     3.842472     2.868205
    2.310504     2.298000     3.842472
    3.175011     2.310504     2.298000
    1.848003     3.175011     2.310504
    3.400265     1.848003     3.175011
    4.663443     3.400265     1.848003
    2.663650     4.663443     3.400265
    2.731080     2.663650     4.663443
    3.039691     2.731080     2.663650
    2.830177     3.039691     2.731080
    4.121508     2.830177     3.039691
    2.994249     4.121508     2.830177
    4.319011     2.994249     4.121508
    3.251775     4.319011     2.994249
    4.147096     3.251775     4.319011
    2.495055     4.147096     3.251775
    4.025113     2.495055     4.147096
    4.526524     4.025113     2.495055
    2.511495     4.526524     4.025113
    4.258989     2.511495     4.526524
    6.414880     4.258989     2.511495
    3.983972     6.414880     4.258989
    3.199709     3.983972     6.414880
    3.781677     3.199709     3.983972
    2.670535     3.781677     3.199709
    2.822516     2.670535     3.781677
    2.574099     2.822516     2.670535
    3.117966     2.574099     2.822516
    2.187163     3.117966     2.574099
    2.453200     2.187163     3.117966
    4.435005     2.453200     2.187163
    3.197819     4.435005     2.453200
    2.890112     3.197819     4.435005
    2.638670     2.890112     3.197819
    2.092391     2.638670     2.890112
    2.829281     2.092391     2.638670
    3.534806     2.829281     2.092391
    2.827383     3.534806     2.829281
    2.200929     2.827383     3.534806
    5.446277     2.200929     2.827383
    3.846392     5.446277     2.200929
    3.143432     3.846392     5.446277
    1.836715     3.143432     3.846392
    3.321564     1.836715     3.143432
    2.989626     3.321564     1.836715
    3.543671     2.989626     3.321564
    3.799945     3.543671     2.989626
    3.628729     3.799945     3.543671
    4.236454     3.628729     3.799945
    2.360327     4.236454     3.628729
    2.832743     2.360327     4.236454
    2.913310     2.832743     2.360327
    2.603390     2.913310     2.832743
    3.433452     2.603390     2.913310
    3.565639     3.433452     2.603390
    5.178927     3.565639     3.433452
    3.842699     5.178927     3.565639
    3.987268     3.842699     5.178927
    3.397470     3.987268     3.842699
    4.933722     3.397470     3.987268
    2.993100     4.933722     3.397470
    3.701365     2.993100     4.933722
    3.361030     3.701365     2.993100
    2.089402     3.361030     3.701365
    1.768372     2.089402     3.361030
    1.281097     1.768372     2.089402
    2.366214     1.281097     1.768372
    2.030107     2.366214     1.281097
    1.934610     2.030107     2.366214
    1.365612     1.934610     2.030107
    1.467014     1.365612     1.934610
    1.559431     1.467014     1.365612
    1.184597     1.559431     1.467014
    2.247689     1.184597     1.559431
    2.104630     2.247689     1.184597
    1.215300     2.104630     2.247689
    3.439820     1.215300     2.104630
    2.275778     3.439820     1.215300
    3.010313     2.275778     3.439820
    2.082918     3.010313     2.275778
    1.447568     2.082918     3.010313
    4.005906     1.447568     2.082918
    1.956855     4.005906     1.447568
    2.936291     1.956855     4.005906
    3.076304     2.936291     1.956855
    3.704378     3.076304     2.936291
    3.125103     3.704378     3.076304
    3.943909     3.125103     3.704378
    2.535424     3.943909     3.125103
    2.630986     2.535424     3.943909
    2.818544     2.630986     2.535424
    2.224293     2.818544     2.630986
    3.029646     2.224293     2.818544
    2.558870     3.029646     2.224293
    1.352228     2.558870     3.029646
    2.986002     1.352228     2.558870
    4.025403     2.986002     1.352228
    1.601371     4.025403     2.986002
    1.669676     1.601371     4.025403
    1.993941     1.669676     1.601371
    3.793102     1.993941     1.669676
    2.508837     3.793102     1.993941
    3.615941     2.508837     3.793102
    3.685862     3.615941     2.508837
    2.546843     3.685862     3.615941
    2.034814     2.546843     3.685862
    1.952654     2.034814     2.546843
    2.481119     1.952654     2.034814
    2.634366     2.481119     1.952654
    2.375140     2.634366     2.481119
    4.726673     2.375140     2.634366
    3.685133     4.726673     2.375140
    4.182860     3.685133     4.726673
    3.595409     4.182860     3.685133
    1.024221     3.595409     4.182860
    2.612291     1.024221     3.595409
    1.586862     2.612291     1.024221
    3.483492     1.586862     2.612291
    2.069103     3.483492     1.586862
    3.450149     2.069103     3.483492
    2.874656     3.450149     2.069103
    4.721482     2.874656     3.450149
    4.864366     4.721482     2.874656
    2.333878     4.864366     4.721482
    3.330848     2.333878     4.864366
    2.253192     3.330848     2.333878
    1.817090     2.253192     3.330848
    1.207574     1.817090     2.253192
    2.679897     1.207574     1.817090
    2.310545     2.679897     1.207574
