    4.414982     3.452356     2.258018
    6.702865     4.414982     3.452356
    6.502832     6.702865     4.414982
    6.797036     6.502832     6.702865
    5.009019     6.797036     6.502832
    4.973573     5.009019     6.797036
    4.669807     4.973573     5.009019
    3.524698     4.669807     4.973573
    2.622315     3.524698     4.669807
    2.370968     2.622315     3.524698
    2.067986     2.370968     2.622315
    0.926619     2.067986     2.370968
    3.342529     0.926619     2.067986
    2.956743     3.342529     0.926619
    1.608307     2.956743     3.342529
    3.664785     1.608307     2.956743
    3.130603     3.664785     1.608307
    3.235214     3.130603     3.664785
    2.455562     3.235214     3.130603
    2.375492     2.455562     3.235214
    2.016949     2.375492     2.455562
    4.740938     2.016949     2.375492
    3.719912     4.740938     2.016949
    3.770084     3.719912     4.740938
    4.905928     3.770084     3.719912
    4.412405     4.905928     3.770084
    4.284636     4.412405     4.905928
    4.173264     4.284636     4.412405
    3.701390     4.173264     4.284636
    2.911699     3.701390     4.173264
    3.126035     2.911699     3.701390
    2.818366     3.126035     2.911699
    2.209917     2.818366     3.126035
    1.252968     2.209917     2.818366
    0.945190     1.252968     2.209917
    0.695042     0.945190     1.252968
    3.541288     0.695042     0.945190
    1.086956     3.541288     0.695042
    1.514837     1.086956     3.541288
    2.116482     1.514837     1.086956
    1.975357     2.116482     1.514837
    0.816017     1.975357     2.116482
    3.227382     0.816017     1.975357
    3.416088     3.227382     0.816017
    4.555313     3.416088     3.227382
    3.035955     4.555313     3.416088
    4.190249     3.035955     4.555313
    4.599501     4.190249     3.035955
    2.811437     4.599501     4.190249
    3.094138     2.811437     4.599501
    3.048434     3.094138     2.811437
    3.866056     3.048434     3.094138
    4.659670     3.866056     3.048434
    3.138857     4.659670     3.866056
    4.699547     3.138857     4.659670
    4.590037     4.699547     3.138857
    5.661698     4.590037     4.699547
    2.887745     5.661698     4.590037
    2.899984     2.887745     5.661698
    2.588141     2.899984     2.887745
    2.783862     2.588141     2.899984
    2.804342     2.783862     2.588141
    3.783807     2.804342     2.783862
    4.026861     3.783807     2.804342
    2.998108     4.026861     3.783807
    3.542389     2.998108     4.026861
    5.364527     3.542389     2.998108
    4.522709     5.364527     3.542389
    2.635905     4.522709     5.364527
    2.994806     2.635905     4.522709
    2.425305     2.994806     2.635905
    2.596032     2.425305     2.994806
    2.473048     2.596032     2.425305
    3.715224     2.473048     2.596032
    2.159187     3.715224     2.473048
    5.798358     2.159187     3.715224
    3.674371     5.798358     2.159187
    3.111746     3.674371     5.798358
    3.713776     3.111746     3.674371
    2.075375     3.713776     3.111746
    2.262483     2.075375     3.713776
    3.572416     2.262483     2.075375
    2.897852     3.572416     2.262483
    2.719613     2.897852     3.572416
    2.764661     2.719613     2.897852
    2.750746     2.764661     2.719613
    3.088666     2.750746     2.764661
    4.303088     3.088666     2.750746
    2.132763     4.303088     3.088666
    1.913085     2.132763     4.303088
    1.540679     1.913085     2.132763
    2.769114     1.540679     1.913085
    1.962941     2.769114     1.540679
    1.020171     1.962941     2.769114
    0.436588     1.020171     1.962941
   -0.847048     0.436588     1.020171
    0.304458    -0.847048     0.436588
    3.181073     0.304458    -0.847048
    2.860112     3.181073     0.304458
    4.900389     2.860112     3.181073
    3.540283     4.900389     2.860112
    3.272516     3.540283     4.900389
    4.347734     3.272516     3.540283
    3.616990     4.347734     3.272516
    5.142149     3.616990     4.347734
    4.290266     5.142149     3.616990
    4.745694     4.290266     5.142149
    3.352988     4.745694     4.290266
    4.329276     3.352988     4.745694
    5.049029     4.329276     3.352988
    3.786620     5.049029     4.329276
    3.850949     3.786620     5.049029
    4.043637     3.850949     3.786620
    3.871488     4.043637     3.850949
    3.993293     3.871488     4.043637
    2.698860     3.993293     3.871488
    3.239925     2.698860     3.993293
    4.170763     3.239925     2.698860
    1.907207     4.170763     3.239925
    3.654960     1.907207     4.170763
    2.895867     3.654960     1.907207
    3.412161     2.895867     3.654960
    3.398604     3.412161     2.895867
    3.667437     3.398604     3.412161
    4.698216     3.667437     3.398604
    4.457389     4.698216     3.667437
    4.332059     4.457389     4.698216
    3.869609     4.332059     4.457389
    4.236202     3.869609     4.332059
    5.437980     4.236202     3.869609
    5.526283     5.437980     4.236202
    6.730832     5.526283     5.437980
    6.761773     6.730832     5.526283
    5.637003     6.761773     6.730832
    3.382875     5.637003     6.761773
    4.216330     3.382875     5.637003
    3.700401     4.216330     3.382875
    4.005708     3.700401     4.216330
    4.974202     4.005708     3.700401
    5.215024     4.974202     4.005708
    4.656865     5.215024     4.974202
    4.942141     4.656865     5.215024
    5.415159     4.942141     4.656865
    5.098867     5.415159     4.942141
    4.213909     5.098867     5.415159
    2.708812     4.213909     5.098867
    4.026346     2.708812     4.213909
    3.197320     4.026346     2.708812
    5.031710     3.197320     4.026346
    4.686332     5.031710     3.197320
    2.568922     4.686332     5.031710
    3.802446     2.568922     4.686332
    5.047686     3.802446     2.568922
    3.351635     5.047686     3.802446
    4.699055     3.351635     5.047686
    3.534648     4.699055     3.351635
    3.110550     3.534648     4.699055
    2.840131     3.110550     3.534648
    3.629799     2.840131     3.110550
    3.505446     3.629799     2.840131
    4.368935     3.505446     3.629799
    3.785570     4.368935     3.505446
    3.184047     3.785570     4.368935
    3.474817     3.184047     3.785570
    1.984043     3.474817     3.184047
    1.811413     1.984043     3.474817
    2.473917     1.811413     1.984043
    2.683991     2.473917     1.811413
    2.245011     2.683991     2.473917
    2.784222     2.245011     2.683991
    1.193856     2.784222     2.245011
    2.852807     1.193856     2.784222
    2.355033     2.852807     1.193856
    2.302866     2.355033     2.852807
    2.811210     2.302866     2.355033
    0.834516     2.811210     2.302866
    1.805236     0.834516     2.811210
    3.240070     1.805236     0.834516
    2.886568     3.240070     1.805236
    2.890771     2.886568     3.240070
    3.076681     2.890771     2.886568
    1.488003     3.076681     2.890771
    2.401254     1.488003     3.076681
    0.734742     2.401254     1.488003
    1.745417     0.734742     2.401254
    2.599322     1.745417     0.734742
    4.753111     2.599322     1.745417
    2.868584     4.753111     2.599322
    4.857174     2.868584     4.753111
    3.451831     4.857174     2.868584
    3.218932     3.451831     4.857174
    4.114682     3.218932     3.451831
    5.019659     4.114682     3.218932
    4.643298     5.019659     4.114682
    4.734810     4.643298     5.019659
    4.487083     4.734810     4.643298
    5.374799     4.487083     4.734810
    4.915238     5.374799     4.487083
    5.559319     4.915238     5.374799
    5.525062     5.559319     4.915238
    3.825611     5.525062     5.559319
    6.041445     3.825611     5.525062
    3.571575     6.041445     3.825611
    3.292001     3.571575     6.041445
    4.379348     3.292001     3.571575
    4.365707     4.379348     3.292001
    4.110728     4.365707     4.379348
    3.200889     4.110728     4.365707
    2.520244     3.200889     4.110728
    3.404997     2.520244     3.200889
    3.019407     3.404997     2.520244
    3.096340     3.019407     3.404997
    1.443944     3.096340     3.019407
    1.734224     1.443944     3.096340
    2.018977     1.734224     1.443944
    2.323256     2.018977     1.734224
    3.546746     2.323256     2.018977
    4.620959     3.546746     2.323256
    3.590942     4.620959     3.546746
    2.744556     3.590942     4.620959
    3.454825     2.744556     3.590942
    5.132214     3.454825     2.744556
    2.656125     5.132214     3.454825
    3.255532     2.656125     5.132214
    4.171468     3.255532     2.656125
    3.921079     4.171468     3.255532
    3.439149     3.921079     4.171468
    3.234516     3.439149     3.921079
    1.448959     3.234516     3.439149
    3.203689     1.448959     3.234516
    3.071750     3.203689     1.448959
    2.199428     3.071750     3.203689
    3.686903     2.199428     3.071750
    3.346324     3.686903     2.199428
    5.484202     3.346324     3.686903
    3.392611     5.484202     3.346324
    3.386153     3.392611     5.484202
    4.584746     3.386153     3.392611
    3.435858     4.584746     3.386153
    3.045107     3.435858     4.584746
    2.021630     3.045107     3.435858
    3.751625     2.021630     3.045107
    2.753469     3.751625     2.021630
    2.116570     2.753469     3.751625
    1.617597     2.116570     2.753469
    4.128113     1.617597     2.116570
    3.148167     4.128113     1.617597
    4.442466     3.148167     4.128113
    5.108024     4.442466     3.148167
    6.781656     5.108024     4.442466
    4.318963     6.781656     5.108024
    4.144501     4.318963     6.781656
    3.908512     4.144501     4.318963
    3.417984     3.908512     4.144501
    3.496679     3.417984     3.908512
    4.743855     3.496679     3.417984
    4.620564     4.743855     3.496679
    3.900355     4.620564     4.743855
    2.891696     3.900355     4.620564
    5.174228     2.891696     3.900355
    4.652721     5.174228     2.891696
    4.891162     4.652721     5.174228
    6.278710     4.891162     4.652721
    4.675531     6.278710     4.891162
    6.064454     4.675531     6.278710
    5.590941     6.064454     4.675531
    6.000976     5.590941     6.064454
    4.428674     6.000976     5.590941
    3.397283     4.428674     6.000976
    3.181286     3.397283     4.428674
    5.179417     3.181286     3.397283
    3.203240     5.179417     3.181286
    4.609598     3.203240     5.179417
    2.293497     4.609598     3.203240
    4.108328     2.293497     4.609598
    3.064128     4.108328     2.293497
    3.241498     3.064128     4.108328
    4.057465     3.241498     3.064128
    1.235491     4.057465     3.241498
    1.478654     1.235491     4.057465
    2.435926     1.478654     1.235491
    0.346814     2.435926     1.478654
    2.332261     0.346814     2.435926
    2.040467     2.332261     0.346814
    2.438600     2.040467     2.332261
    2.141377     2.438600     2.040467
    2.882454     2.141377     2.438600
    1.895201     2.882454     2.141377
    1.872771     1.895201     2.882454
    0.689519     1.872771     1.895201
    1.717652     0.689519     1.872771
    1.348833     1.717652     0.689519
    1.465671     1.348833     1.717652
    2.333542     1.465671     1.348833
    2.880775     2.333542     1.465671
    3.183920     2.880775     2.333542
    3.963935     3.183920     2.880775
    3.388425     3.963935     3.183920
    4.590034     3.388425     3.963935
    3.139575     4.590034     3.388425
    1.814166     3.139575     4.590034
    1.943678     1.814166     3.139575
    1.478588     1.943678     1.814166
    3.117451     1.478588     1.943678
    2.077049     3.117451     1.478588
    2.646615     2.077049     3.117451
    3.460768     2.646615     2.077049
    2.894833     3.460768     2.646615
    3.763833     2.894833     3.460768
    2.257496     3.763833     2.894833
    2.580832     2.257496     3.763833
    3.421231     2.580832     2.257496
    2.955343     3.421231     2.580832
    2.973469     2.955343     3.421231
    2.285554     2.973469     2.955343
    2.755822     2.285554     2.973469
    2.695925     2.755822     2.285554
    3.528976     2.695925     2.755822
    3.086081     3.528976     2.695925
    4.220101     3.086081     3.528976
    3.707975     4.220101     3.086081
    2.930585     3.707975     4.220101
    4.415991     2.930585     3.707975
    2.713352     4.415991     2.930585
    4.044188     2.713352     4.415991
    4.868584     4.044188     2.713352
    2.696909     4.868584     4.044188
    4.133352     2.696909     4.868584
    1.691007     4.133352     2.696909
    1.889237     1.691007     4.133352
    2.209162     1.889237     1.691007
    3.214929     2.209162     1.889237
    2.733052     3.214929     2.209162
    3.566672     2.733052     3.214929
    1.856176     3.566672     2.733052
    2.483801     1.856176     3.566672
    1.180164     2.483801     1.856176
    3.051811     1.180164     2.483801
    4.265513     3.051811     1.180164
    2.976168     4.265513     3.051811
    3.611393     2.976168     4.265513
    2.505569     3.611393     2.976168
    5.036599     2.505569     3.611393
    2.648094     5.036599     2.505569
    3.744431     2.648094     5.036599
    4.002114     3.744431     2.648094
    4.175039     4.002114     3.744431
    4.059596     4.175039     4.002114
    4.374676     4.059596     4.175039
    2.441486     4.374676     4.059596
    4.625372     2.441486     4.374676
    3.244928     4.625372     2.441486
    4.594816     3.244928     4.625372
    3.195543     4.594816     3.244928
    3.938475     3.195543     4.594816
    2.957734     3.938475     3.195543
    2.622154     2.957734     3.938475
    3.405679     2.622154     2.957734
    2.870127     3.405679     2.622154
    3.013407     2.870127     3.405679
    2.403109     3.013407     2.870127
    3.648750     2.403109     3.013407
    3.989786     3.648750     2.403109
    3.373828     3.989786     3.648750
    3.713587     3.373828     3.989786
    2.612565     3.713587     3.373828
    1.848718     2.612565     3.713587
    2.100603     1.848718     2.612565
    1.427279     2.100603     1.848718
    3.273706     1.427279     2.100603
    1.112575     3.273706     1.427279
    2.896312     1.112575     3.273706
    1.875615     2.896312     1.112575
    1.956763     1.875615     2.896312
    2.944832     1.956763     1.875615
    4.832822     2.944832     1.956763
    4.123144     4.832822     2.944832
    3.330717     4.123144     4.832822
    1.358639     3.330717     4.123144
    3.778819     1.358639     3.330717
    2.623813     3.778819     1.358639
    4.355567     2.623813     3.778819
    5.355358     4.355567     2.623813
    5.783193     5.355358     4.355567
    5.036608     5.783193     5.355358
    5.373810     5.036608     5.783193
    4.318075     5.373810     5.036608
    4.236766     4.318075     5.373810
    5.294244     4.236766     4.318075
    6.133567     5.294244     4.236766
    4.128751     6.133567     5.294244
    6.590532     4.128751     6.133567
    5.225510     6.590532     4.128751
    5.125397     5.225510     6.590532
    4.850762     5.125397     5.225510
    3.553264     4.850762     5.125397
    3.902404     3.553264     4.850762
    3.433099     3.902404     3.553264
    2.105818     3.433099     3.902404
    2.284137     2.105818     3.433099
    2.352146     2.284137     2.105818
    4.723059     2.352146     2.284137
    5.057954     4.723059     2.352146
    3.398147     5.057954     4.723059
    3.713809     3.398147     5.057954
    2.366401     3.713809     3.398147
    3.446270     2.366401     3.713809
    1.558848     3.446270     2.366401
    2.353911     1.558848     3.446270
    2.057892     2.353911     1.558848
    4.215865     2.057892     2.353911
    2.392685     4.215865     2.057892
    2.500433     2.392685     4.215865
    3.191323     2.500433     2.392685
    3.944477     3.191323     2.500433
    5.090455     3.944477     3.191323
    1.775289     5.090455     3.944477
    2.416737     1.775289     5.090455
    0.815213     2.416737     1.775289
    2.320722     0.815213     2.416737
    0.907983     2.320722     0.815213
    4.682820     0.907983     2.320722
    4.586195     4.682820     0.907983
    2.895282     4.586195     4.682820
    3.433074     2.895282     4.586195
    3.344320     3.433074     2.895282
    5.506515     3.344320     3.433074
    5.349340     5.506515     3.344320
    6.668677     5.349340     5.506515
    5.477892     6.668677     5.349340
    5.053739     5.477892     6.668677
    5.110486     5.053739     5.477892
    5.696407     5.110486     5.053739
    4.273684     5.696407     5.110486
    2.124510     4.273684     5.696407
    4.433925     2.124510     4.273684
    4.629874     4.433925     2.124510
    2.859532     4.629874     4.433925
    1.766077     2.859532     4.629874
    1.606479     1.766077     2.859532
    1.759242     1.606479     1.766077
    2.214837     1.759242     1.606479
    3.302591     2.214837     1.759242
    3.097741     3.302591     2.214837
    3.413899     3.097741     3.302591
    3.736166     3.413899     3.097741
    4.942858     3.736166     3.413899
    2.235068     4.942858     3.736166
    3.307982     2.235068     4.942858
    2.822477     3.307982     2.235068
    3.296989     2.822477     3.307982
    2.933496     3.296989     2.822477
    3.265406     2.933496     3.296989
    4.189417     3.265406     2.933496
    4.540596     4.189417     3.265406
    4.883615     4.540596     4.189417
    4.242755     4.883615     4.540596
    3.227517     4.242755     4.883615
    2.902399     3.227517     4.242755
    2.976440     2.902399     3.227517
    4.241249     2.976440     2.902399
    4.825550     4.241249     2.976440
    3.845508     4.825550     4.241249
    2.348112     3.845508     4.825550
    4.237696     2.348112     3.845508
    5.104049     4.237696     2.348112
    3.888552     5.104049     4.237696
    3.614641     3.888552     5.104049
    3.582132     3.614641     3.888552
    2.917238     3.582132     3.614641
    2.697276     2.917238     3.582132
    0.587948     2.697276     2.917238
    0.913365     0.587948     2.697276
    1.255073     0.913365     0.587948
    0.854509     1.255073     0.913365
    2.633182     0.854509     1.255073
    2.945525     2.633182     0.854509
    1.009336     2.945525     2.633182
    2.215929     1.009336     2.945525
    1.738403     2.215929     1.009336
    0.621071     1.738403     2.215929
    1.749183     0.621071     1.738403
    1.319484     1.749183     0.621071
   -0.426499     1.319484     1.749183
    0.530034    -0.426499     1.319484
    1.114718     0.530034    -0.426499
    0.871746     1.114718     0.530034
    1.256455     0.871746     1.114718
    2.554200     1.256455     0.871746
    2.953247     2.554200     1.256455
    3.453835     2.953247     2.554200
    3.434324     3.453835     2.953247
    4.251873     3.434324     3.453835
    3.681341     4.251873     3.434324
    3.896722     3.681341     4.251873
    5.278040     3.896722     3.681341
    4.024272     5.278040     3.896722
    4.122157     4.024272     5.278040
    4.889107     4.122157     4.024272
    4.261771     4.889107     4.122157
