    3.488552     4.463199     4.990667
    2.374147     3.488552     4.463199
    2.288919     2.374147     3.488552
    1.829122     2.288919     2.374147
    1.595667     1.829122     2.288919
    3.128013     1.595667     1.829122
    1.410626     3.128013     1.595667
    1.684725     1.410626     3.128013
    3.268028     1.684725     1.410626
    2.965413     3.268028     1.684725
    3.066777     2.965413     3.268028
    3.273280     3.066777     2.965413
    2.608968     3.273280     3.066777
    3.476797     2.608968     3.273280
    4.235398     3.476797     2.608968
    5.654925     4.235398     3.476797
    4.855745     5.654925     4.235398
    3.602296     4.855745     5.654925
    2.525875     3.602296     4.855745
    3.486445     2.525875     3.602296
    4.595236     3.486445     2.525875
    3.802953     4.595236     3.486445
    4.006475     3.802953     4.595236
    2.861592     4.006475     3.802953
    4.197024     2.861592     4.006475
    3.566517     4.197024     2.861592
    2.229273     3.566517     4.197024
    2.529872     2.229273     3.566517
    3.735283     2.529872     2.229273
    5.355674     3.735283     2.529872
    5.832795     5.355674     3.735283
    5.637155     5.832795     5.355674
    5.345197     5.637155     5.832795
    5.288328     5.345197     5.637155
    6.659517     5.288328     5.345197
    6.674820     6.659517     5.288328
    7.181856     6.674820     6.659517
    7.275275     7.181856     6.674820
    4.634114     7.275275     7.181856
    5.542273     4.634114     7.275275
    4.378471     5.542273     4.634114
    4.078858     4.378471     5.542273
    3.975295     4.078858     4.378471
    4.782537     3.975295     4.078858
    4.199757     4.782537     3.975295
    3.362851     4.199757     4.782537
    2.463917     3.362851     4.199757
    3.746344     2.463917     3.362851
    3.943576     3.746344     2.463917
    3.149705     3.943576     3.746344
    3.643306     3.149705     3.943576
    2.276787     3.643306     3.149705
    3.315570     2.276787     3.643306
    2.235260     3.315570     2.276787
    3.441738     2.235260     3.315570
    2.393103     3.441738     2.235260
    2.698244     2.393103     3.441738
    1.409585     2.698244     2.393103
    2.947065     1.409585     2.698244
    0.929659     2.947065     1.409585
    1.800010     0.929659     2.947065
    3.134734     1.800010     0.929659
    3.224777     3.134734     1.800010
    3.116509     3.224777     3.134734
    3.431904     3.116509     3.224777
    4.073631     3.431904     3.116509
    3.527390     4.073631     3.431904
    2.701029     3.527390     4.073631
    3.228342     2.701029     3.527390
    3.755152     3.228342     2.701029
    3.159727     3.755152     3.228342
    1.864021     3.159727     3.755152
    2.317495     1.864021     3.159727
    2.068628     2.317495     1.864021
    3.834116     2.068628     2.317495
    5.442624     3.834116     2.068628
    4.698766     5.442624     3.834116
    3.675760     4.698766     5.442624
    2.396996     3.675760     4.698766
    4.226277     2.396996     3.675760
    5.858592     4.226277     2.396996
    3.995659     5.858592     4.226277
    5.536469     3.995659     5.858592
    3.105457     5.536469     3.995659
    4.041350     3.105457     5.536469
    2.477183     4.041350     3.105457
    4.688632     2.477183     4.041350
    5.046306     4.688632     2.477183
    3.519588     5.046306     4.688632
    3.328841     3.519588     5.046306
    3.941432     3.328841     3.519588
    5.076335     3.941432     3.328841
    5.499798     5.076335     3.941432
    4.286874     5.499798     5.076335
    3.183597     4.286874     5.499798
    2.759152     3.183597     4.286874
    2.812935     2.759152     3.183597
    2.715141     2.812935     2.759152
    3.120137     2.715141     2.812935
    4.624825     3.120137     2.715141
    4.159864     4.624825     3.120137
    5.091926     4.159864     4.624825
    5.219190     5.091926     4.159864
    5.538264     5.219190     5.091926
    5.998588     5.538264     5.219190
    5.425597     5.998588     5.538264
    4.624210     5.425597     5.998588
    3.991831     4.624210     5.425597
    6.380564     3.991831     4.624210
    5.089943     6.380564     3.991831
    2.338287     5.089943     6.380564
    4.257858     2.338287     5.089943
    3.708630     4.257858     2.338287
    5.004592     3.708630     4.257858
    3.768909     5.004592     3.708630
    2.634591     3.768909     5.004592
    3.601319     2.634591     3.768909
    2.221211     3.601319     2.634591
    0.558267     2.221211     3.601319
    0.700957     0.558267     2.221211
    0.762342     0.700957     0.558267
    1.560040     0.762342     0.700957
    1.005456     1.560040     0.762342
    0.629273     1.005456     1.560040
    3.478311     0.629273     1.005456
    1.086311     3.478311     0.629273
    1.909364     1.086311     3.478311
    3.397593     1.909364     1.086311
    2.484654     3.397593     1.909364
    2.657934     2.484654     3.397593
    1.982403     2.657934     2.484654
    1.881707     1.982403     2.657934
    3.373833     1.881707     1.982403
    0.974537     3.373833     1.881707
    2.636571     0.974537     3.373833
    1.580392     2.636571     0.974537
    3.540316     1.580392     2.636571
    3.000296     3.540316     1.580392
    2.552683     3.000296     3.540316
    3.512645     2.552683     3.000296
    2.482464     3.512645     2.552683
    3.475819     2.482464     3.512645
    3.688357     3.475819     2.482464
    3.441739     3.688357     3.475819
    4.007069     3.441739     3.688357
    3.423978     4.007069     3.441739
    4.827955     3.423978     4.007069
    3.235468     4.827955     3.423978
    4.457116     3.235468     4.827955
    1.833945     4.457116     3.235468
    1.481364     1.833945     4.457116
    2.656831     1.481364     1.833945
    1.009132     2.656831     1.481364
    2.353357     1.009132     2.656831
    2.416040     2.353357     1.009132
    3.419032     2.416040     2.353357
    2.648693     3.419032     2.416040
    3.980490     2.648693     3.419032
    3.465934     3.980490     2.648693
    2.476592     3.465934     3.980490
    3.662779     2.476592     3.465934
    3.500568     3.662779     2.476592
    3.022188     3.500568     3.662779
    3.333254     3.022188     3.500568
    2.897178     3.333254     3.022188
    1.783271     2.897178     3.333254
    3.742789     1.783271     2.897178
    5.368729     3.742789     1.783271
    2.469821     5.368729     3.742789
    2.700310     2.469821     5.368729
    1.478633     2.700310     2.469821
    1.797409     1.478633     2.700310
    2.192832     1.797409     1.478633
    2.248147     2.192832     1.797409
    1.829179     2.248147     2.192832
    2.264805     1.829179     2.248147
    1.256606     2.264805     1.829179
    0.171753     1.256606     2.264805
    1.669651     0.171753     1.256606
    1.649462     1.669651     0.171753
    3.744767     1.649462     1.669651
    5.367676     3.744767     1.649462
    4.395960     5.367676     3.744767
    3.553014     4.395960     5.367676
    3.021834     3.553014     4.395960
    3.353754     3.021834     3.553014
    3.210244     3.353754     3.021834
    4.187977     3.210244     3.353754
    5.686213     4.187977     3.210244
    4.134897     5.686213     4.187977
    5.383564     4.134897     5.686213
    4.370599     5.383564     4.134897
    3.814399     4.370599     5.383564
    4.274272     3.814399     4.370599
    3.824527     4.274272     3.814399
    4.621450     3.824527     4.274272
    5.333088     4.621450     3.824527
    3.842572     5.333088     4.621450
    2.267945     3.842572     5.333088
    1.854307     2.267945     3.842572
    0.787656     1.854307     2.267945
    1.374331     0.787656     1.854307
    1.497644     1.374331     0.787656
    0.798246     1.497644     1.374331
    2.265996     0.798246     1.497644
    2.221363     2.265996     0.798246
    2.446841     2.221363     2.265996
    2.837773     2.446841     2.221363
    3.486077     2.837773     2.446841
    3.607262     3.486077     2.837773
    3.636982     3.607262     3.486077
    5.052406     3.636982     3.607262
    5.321112     5.052406     3.636982
    6.002456     5.321112     5.052406
    4.875044     6.002456     5.321112
    4.487947     4.875044     6.002456
    4.131998     4.487947     4.875044
    2.604336     4.131998     4.487947
    3.355751     2.604336     4.131998
    3.487460     3.355751     2.604336
    3.931493     3.487460     3.355751
    4.637066     3.931493     3.487460
    4.508413     4.637066     3.931493
    5.747394     4.508413     4.637066
    4.758410     5.747394     4.508413
    4.014869     4.758410     5.747394
    5.799883     4.014869     4.758410
    4.699547     5.799883     4.014869
    4.267000     4.699547     5.799883
    5.027869     4.267000     4.699547
    3.813795     5.027869     4.267000
    2.108672     3.813795     5.027869
    0.724808     2.108672     3.813795
    0.978572     0.724808     2.108672
    1.643076     0.978572     0.724808
    1.580100     1.643076     0.978572
    4.018031     1.580100     1.643076
    4.201673     4.018031     1.580100
    4.513453     4.201673     4.018031
    3.196414     4.513453     4.201673
    3.099800     3.196414     4.513453
    2.175767     3.099800     3.196414
    0.967020     2.175767     3.099800
    4.032300     0.967020     2.175767
    2.814045     4.032300     0.967020
    4.449804     2.814045     4.032300
    4.631286     4.449804     2.814045
    4.592413     4.631286     4.449804
    5.043400     4.592413     4.631286
    6.362985     5.043400     4.592413
    4.855303     6.362985     5.043400
    5.504638     4.855303     6.362985
    6.110063     5.504638     4.855303
    4.247532     6.110063     5.504638
    5.103083     4.247532     6.110063
    3.658988     5.103083     4.247532
    2.234629     3.658988     5.103083
    2.777767     2.234629     3.658988
    0.933284     2.777767     2.234629
    1.811396     0.933284     2.777767
    1.288502     1.811396     0.933284
    1.644553     1.288502     1.811396
    1.865993     1.644553     1.288502
    1.476845     1.865993     1.644553
    1.607664     1.476845     1.865993
    2.405882     1.607664     1.476845
    3.667264     2.405882     1.607664
    1.450042     3.667264     2.405882
    2.690463     1.450042     3.667264
    3.330660     2.690463     1.450042
    3.897282     3.330660     2.690463
    3.390566     3.897282     3.330660
    3.292862     3.390566     3.897282
    2.630338     3.292862     3.390566
    2.770243     2.630338     3.292862
    3.965847     2.770243     2.630338
    3.842489     3.965847     2.770243
    3.485254     3.842489     3.965847
    3.127345     3.485254     3.842489
    4.101953     3.127345     3.485254
    4.953263     4.101953     3.127345
    5.424627     4.953263     4.101953
    5.284677     5.424627     4.953263
    4.112215     5.284677     5.424627
    3.148073     4.112215     5.284677
    3.023348     3.148073     4.112215
    2.426373     3.023348     3.148073
    2.290326     2.426373     3.023348
    3.975875     2.290326     2.426373
    1.488964     3.975875     2.290326
    4.531707     1.488964     3.975875
    5.332368     4.531707     1.488964
    5.168402     5.332368     4.531707
    5.483755     5.168402     5.332368
    4.027775     5.483755     5.168402
    5.370641     4.027775     5.483755
    4.970135     5.370641     4.027775
    4.400557     4.970135     5.370641
    3.407563     4.400557     4.970135
    3.641886     3.407563     4.400557
    2.992560     3.641886     3.407563
    2.685664     2.992560     3.641886
    2.159456     2.685664     2.992560
    1.852007     2.159456     2.685664
    2.972162     1.852007     2.159456
    2.803524     2.972162     1.852007
    3.737115     2.803524     2.972162
    3.696469     3.737115     2.803524
    2.266800     3.696469     3.737115
    2.951359     2.266800     3.696469
    2.564927     2.951359     2.266800
    3.117557     2.564927     2.951359
    3.196603     3.117557     2.564927
    3.863945     3.196603     3.117557
    5.416469     3.863945     3.196603
    5.145055     5.416469     3.863945
    4.205332     5.145055     5.416469
    3.112166     4.205332     5.145055
    2.260856     3.112166     4.205332
    2.418968     2.260856     3.112166
    0.927346     2.418968     2.260856
    2.409764     0.927346     2.418968
    1.965760     2.409764     0.927346
    2.129455     1.965760     2.409764
    3.317537     2.129455     1.965760
    3.204753     3.317537     2.129455
    4.271907     3.204753     3.317537
    3.340261     4.271907     3.204753
    3.204596     3.340261     4.271907
    5.005775     3.204596     3.340261
    4.380875     5.005775     3.204596
    3.451428     4.380875     5.005775
    2.973716     3.451428     4.380875
    2.354302     2.973716     3.451428
    1.345159     2.354302     2.973716
    2.948706     1.345159     2.354302
    1.837876     2.948706     1.345159
    3.621518     1.837876     2.948706
    2.910787     3.621518     1.837876
    3.894807     2.910787     3.621518
    3.397534     3.894807     2.910787
    2.801652     3.397534     3.894807
    1.545310     2.801652     3.397534
    3.128933     1.545310     2.801652
    3.147114     3.128933     1.545310
    3.597011     3.147114     3.128933
    2.063571     3.597011     3.147114
    4.531368     2.063571     3.597011
    5.513222     4.531368     2.063571
    4.272355     5.513222     4.531368
    3.945640     4.272355     5.513222
    3.780141     3.945640     4.272355
    3.986533     3.780141     3.945640
    2.872309     3.986533     3.780141
    1.811613     2.872309     3.986533
    2.757668     1.811613     2.872309
    2.241280     2.757668     1.811613
    3.333105     2.241280     2.757668
    3.065958     3.333105     2.241280
    4.000084     3.065958     3.333105
    3.491909     4.000084     3.065958
    3.522022     3.491909     4.000084
    2.223571     3.522022     3.491909
    2.723065     2.223571     3.522022
    2.616239     2.723065     2.223571
    3.619149     2.616239     2.723065
    2.991081     3.619149     2.616239
    3.833975     2.991081     3.619149
    2.986404     3.833975     2.991081
    4.136773     2.986404     3.833975
    3.143712     4.136773     2.986404
    1.653481     3.143712     4.136773
    1.885296     1.653481     3.143712
    2.166580     1.885296     1.653481
    1.263752     2.166580     1.885296
    1.893700     1.263752     2.166580
    1.144667     1.893700     1.263752
    2.008743     1.144667     1.893700
    3.050021     2.008743     1.144667
    3.531024     3.050021     2.008743
    2.993985     3.531024     3.050021
    3.696603     2.993985     3.531024
    2.534836     3.696603     2.993985
    3.252328     2.534836     3.696603
    2.012357     3.252328     2.534836
    1.396046     2.012357     3.252328
    1.933978     1.396046     2.012357
    2.927721     1.933978     1.396046
    3.780587     2.927721     1.933978
    2.475723     3.780587     2.927721
    4.197844     2.475723     3.780587
    1.391503     4.197844     2.475723
    4.039421     1.391503     4.197844
    2.594103     4.039421     1.391503
    2.991226     2.594103     4.039421
    5.085707     2.991226     2.594103
    4.651374     5.085707     2.991226
    4.090505     4.651374     5.085707
    5.084783     4.090505     4.651374
    4.062304     5.084783     4.090505
    3.991304     4.062304     5.084783
    5.430869     3.991304     4.062304
    3.557934     5.430869     3.991304
    6.398764     3.557934     5.430869
    5.909915     6.398764     3.557934
    5.606027     5.909915     6.398764
    4.608513     5.606027     5.909915
    3.746129     4.608513     5.606027
    4.687108     3.746129     4.608513
    3.846081     4.687108     3.746129
    4.908179     3.846081     4.687108
    6.312077     4.908179     3.846081
    6.331877     6.312077     4.908179
    3.559648     6.331877     6.312077
    2.888535     3.559648     6.331877
    4.232599     2.888535     3.559648
    2.786042     4.232599     2.888535
    3.771177     2.786042     4.232599
    3.871221     3.771177     2.786042
    0.832018     3.871221     3.771177
    2.213297     0.832018     3.871221
    1.746941     2.213297     0.832018
    2.162154     1.746941     2.213297
    1.056347     2.162154     1.746941
    1.810069     1.056347     2.162154
    1.583143     1.810069     1.056347
    1.553465     1.583143     1.810069
    2.844478     1.553465     1.583143
    1.898897     2.844478     1.553465
    1.899253     1.898897     2.844478
    2.228565     1.899253     1.898897
    2.585105     2.228565     1.899253
    1.085254     2.585105     2.228565
    1.256146     1.085254     2.585105
    1.963912     1.256146     1.085254
    2.231566     1.963912     1.256146
    3.302345     2.231566     1.963912
    3.431615     3.302345     2.231566
    4.790106     3.431615     3.302345
    6.150136     4.790106     3.431615
    4.899015     6.150136     4.790106
    6.254810     4.899015     6.150136
    6.821945     6.254810     4.899015
    5.132053     6.821945     6.254810
    3.918528     5.132053     6.821945
    2.706678     3.918528     5.132053
    4.451984     2.706678     3.918528
    3.117988     4.451984     2.706678
    3.172051     3.117988     4.451984
    3.074496     3.172051     3.117988
    1.990273     3.074496     3.172051
    3.317610     1.990273     3.074496
    2.494990     3.317610     1.990273
    4.741690     2.494990     3.317610
    3.257641     4.741690     2.494990
    4.634390     3.257641     4.741690
    4.580031     4.634390     3.257641
    5.490386     4.580031     4.634390
    6.715779     5.490386     4.580031
    5.426179     6.715779     5.490386
    4.383194     5.426179     6.715779
    4.375299     4.383194     5.426179
    4.467684     4.375299     4.383194
    2.455744     4.467684     4.375299
    1.603277     2.455744     4.467684
    0.780122     1.603277     2.455744
    2.051585     0.780122     1.603277
    2.482872     2.051585     0.780122
    2.801561     2.482872     2.051585
    2.047268     2.801561     2.482872
    1.827620     2.047268     2.801561
    3.111302     1.827620     2.047268
    2.512009     3.111302     1.827620
    1.989941     2.512009     3.111302
    3.776838     1.989941     2.512009
    4.705497     3.776838     1.989941
    5.176646     4.705497     3.776838
    4.795879     5.176646     4.705497
    4.835513     4.795879     5.176646
    3.982844     4.835513     4.795879
    3.489168     3.982844     4.835513
    4.113317     3.489168     3.982844
    4.406137     4.113317     3.489168
    2.759602     4.406137     4.113317
    2.142828     2.759602     4.406137
    2.615924     2.142828     2.759602
    4.301824     2.615924     2.142828
    3.164800     4.301824     2.615924
    2.727325     3.164800     4.301824
    5.183817     2.727325     3.164800
    5.273298     5.183817     2.727325
    4.433179     5.273298     5.183817
    3.800545     4.433179     5.273298
    4.693402     3.800545     4.433179
    3.727464     4.693402     3.800545
    2.567869     3.727464     4.693402
    2.040716     2.567869     3.727464
    2.756805     2.040716     2.567869
    2.416836     2.756805     2.040716
    2.617117     2.416836     2.756805
