    3.002833     2.407674     2.569874
    2.119933     3.002833     2.407674
    3.051135     2.119933     3.002833
    2.251527     3.051135     2.119933
    2.233800     2.251527     3.051135
    2.645993     2.233800     2.251527
    3.772865     2.645993     2.233800
    4.572944     3.772865     2.645993
    3.538930     4.572944     3.772865
    3.408770     3.538930     4.572944
    4.091873     3.408770     3.538930
    3.051148     4.091873     3.408770
    1.980845     3.051148     4.091873
    3.230930     1.980845     3.051148
    3.664300     3.230930     1.980845
    3.982765     3.664300     3.230930
    2.840846     3.982765     3.664300
    2.573886     2.840846     3.982765
    3.209647     2.573886     2.840846
    4.882199     3.209647     2.573886
    2.191480     4.882199     3.209647
    2.629571     2.191480     4.882199
    2.437880     2.629571     2.191480
    3.634842     2.437880     2.629571
    2.766002     3.634842     2.437880
    4.134437     2.766002     3.634842
    5.063806     4.134437     2.766002
    4.793564     5.063806     4.134437
    3.085403     4.793564     5.063806
    3.041534     3.085403     4.793564
    3.551668     3.041534     3.085403
    4.323457     3.551668     3.041534
    3.859346     4.323457     3.551668
    3.773790     3.859346     4.323457
    3.136607     3.773790     3.859346
    0.985017     3.136607     3.773790
    3.052725     0.985017     3.136607
    3.063959     3.052725     0.985017
    2.876320     3.063959     3.052725
    2.091415     2.876320     3.063959
    1.614086     2.091415     2.876320
    2.516834     1.614086     2.091415
    3.388657     2.516834     1.614086
    3.664588     3.388657     2.516834
    1.124838     3.664588     3.388657
    2.484576     1.124838     3.664588
    2.070277     2.484576     1.124838
    1.873678     2.070277     2.484576
    3.059523     1.873678     2.070277
    0.876631     3.059523     1.873678
    3.216188     0.876631     3.059523
    3.660120     3.216188     0.876631
    3.671598     3.660120     3.216188
    3.191919     3.671598     3.660120
    4.323621     3.191919     3.671598
    0.823265     4.323621     3.191919
    2.756577     0.823265     4.323621
    1.839656     2.756577     0.823265
    0.083736     1.839656     2.756577
    0.150069     0.083736     1.839656
    0.267880     0.150069     0.083736
    2.523407     0.267880     0.150069
    3.462606     2.523407     0.267880
    4.324710     3.462606     2.523407
    3.900341     4.324710     3.462606
    4.187132     3.900341     4.324710
    3.525130     4.187132     3.900341
    4.462887     3.525130     4.187132
    4.832780     4.462887     3.525130
    4.294439     4.832780     4.462887
    5.105962     4.294439     4.832780
    4.208866     5.105962     4.294439
    2.639938     4.208866     5.105962
    3.109382     2.639938     4.208866
    4.252574     3.109382     2.639938
    4.862898     4.252574     3.109382
    3.480365     4.862898     4.252574
    3.649444     3.480365     4.862898
    3.109202     3.649444     3.480365
    2.768825     3.109202     3.649444
    1.700267     2.768825     3.109202
    2.376623     1.700267     2.768825
    1.952522     2.376623     1.700267
    2.193952     1.952522     2.376623
    1.635341     2.193952     1.952522
    2.535096     1.635341     2.193952
    3.528455     2.535096     1.635341
    6.559874     3.528455     2.535096
    5.871173     6.559874     3.528455
    4.214062     5.871173     6.559874
    3.683829     4.214062     5.871173
    4.161023     3.683829     4.214062
    4.343472     4.161023     3.683829
    5.242244     4.343472     4.161023
    3.601514     5.242244     4.343472
    2.769041     3.601514     5.242244
    3.048158     2.769041     3.601514
    2.851695     3.048158     2.769041
    2.293260     2.851695     3.048158
    2.490490     2.293260     2.851695
    1.657484     2.490490     2.293260
    2.844398     1.657484     2.490490
    2.634782     2.844398     1.657484
    4.053259     2.634782     2.844398
    5.073684     4.053259     2.634782
    4.976481     5.073684     4.053259
    2.646759     4.976481     5.073684
    3.403484     2.646759     4.976481
    2.223907     3.403484     2.646759
    3.561547     2.223907     3.403484
    3.931728     3.561547     2.223907
    3.987097     3.931728     3.561547
    4.013572     3.987097     3.931728
    4.859480     4.013572     3.987097
    3.826408     4.859480     4.013572
    1.295258     3.826408     4.859480
    1.991420     1.295258     3.826408
    2.977349     1.991420     1.295258
    3.598055     2.977349     1.991420
    4.289417     3.598055     2.977349
    4.124654     4.289417     3.598055
    3.739521     4.124654     4.289417
    4.355293     3.739521     4.124654
    2.661506     4.355293     3.739521
    3.086571     2.661506     4.355293
    3.436794     3.086571     2.661506
    2.994130     3.436794     3.086571
    3.041611     2.994130     3.436794
    3.809073     3.041611     2.994130
    3.440822     3.809073     3.041611
    4.281143     3.440822     3.809073
    3.342894     4.281143     3.440822
    3.139881     3.342894     4.281143
    0.477242     3.139881     3.342894
    2.324536     0.477242     3.139881
    1.798689     2.324536     0.477242
    1.288626     1.798689     2.324536
    2.560796     1.288626     1.798689
    1.448212     2.560796     1.288626
    2.537471     1.448212     2.560796
    2.613826     2.537471     1.448212
    0.452703     2.613826     2.537471
    3.245065     0.452703     2.613826
    2.432257     3.245065     0.452703
    2.669969     2.432257     3.245065
    3.012050     2.669969     2.432257
    3.026314     3.012050     2.669969
    3.279612     3.026314     3.012050
    2.044999     3.279612     3.026314
    3.540893     2.044999     3.279612
    1.990074     3.540893     2.044999
    2.941769     1.990074     3.540893
    1.306766     2.941769     1.990074
    1.955283     1.306766     2.941769
    3.510796     1.955283     1.306766
    2.159024     3.510796     1.955283
    2.567853     2.159024     3.510796
    3.084223     2.567853     2.159024
    2.824402     3.084223     2.567853
    2.528414     2.824402     3.084223
    3.350464     2.528414     2.824402
    2.633142     3.350464     2.528414
    4.140219     2.633142     3.350464
    1.303232     4.140219     2.633142
    3.464232     1.303232     4.140219
    2.173976     3.464232     1.303232
    2.181679     2.173976     3.464232
    1.726539     2.181679     2.173976
    3.805441     1.726539     2.181679
    2.172993     3.805441     1.726539
    3.236908     2.172993     3.805441
    3.060531     3.236908     2.172993
    3.493341     3.060531     3.236908
    2.581922     3.493341     3.060531
    3.524771     2.581922     3.493341
    3.703274     3.524771     2.581922
    4.286385     3.703274     3.524771
    4.089895     4.286385     3.703274
    4.030405     4.089895     4.286385
    3.068961     4.030405     4.089895
    4.134070     3.068961     4.030405
    2.087449     4.134070     3.068961
    4.839466     2.087449     4.134070
    3.541935     4.839466     2.087449
    3.938327     3.541935     4.839466
    2.089549     3.938327     3.541935
    2.985485     2.089549     3.938327
    2.453804     2.985485     2.089549
    2.691406     2.453804     2.985485
    2.429122     2.691406     2.453804
    4.114111     2.429122     2.691406
    2.683132     4.114111     2.429122
    2.759037     2.683132     4.114111
    3.710245     2.759037     2.683132
    4.463763     3.710245     2.759037
    2.873672     4.463763     3.710245
    3.469465     2.873672     4.463763
    3.313426     3.469465     2.873672
    2.791438     3.313426     3.469465
    1.833988     2.791438     3.313426
    4.021834     1.833988     2.791438
    4.894909     4.021834     1.833988
    3.135472     4.894909     4.021834
    4.223618     3.135472     4.894909
    3.626449     4.223618     3.135472
    4.695943     3.626449     4.223618
    4.356293     4.695943     3.626449
    4.518540     4.356293     4.695943
    4.790316     4.518540     4.356293
    6.007268     4.790316     4.518540
    4.426762     6.007268     4.790316
    5.164650     4.426762     6.007268
    5.741513     5.164650     4.426762
    5.199687     5.741513     5.164650
    4.880857     5.199687     5.741513
    4.361386     4.880857     5.199687
    2.195945     4.361386     4.880857
    4.060511     2.195945     4.361386
    2.623787     4.060511     2.195945
    1.418139     2.623787     4.060511
    3.578002     1.418139     2.623787
    4.393740     3.578002     1.418139
    2.961849     4.393740     3.578002
    4.383020     2.961849     4.393740
    4.156111     4.383020     2.961849
    4.713830     4.156111     4.383020
    5.401539     4.713830     4.156111
    5.411321     5.401539     4.713830
    6.235974     5.411321     5.401539
    4.939557     6.235974     5.411321
    6.561639     4.939557     6.235974
    4.808224     6.561639     4.939557
    5.222103     4.808224     6.561639
    4.228087     5.222103     4.808224
    4.915072     4.228087     5.222103
    4.321851     4.915072     4.228087
    5.308199     4.321851     4.915072
    4.733807     5.308199     4.321851
    4.290467     4.733807     5.308199
    3.900854     4.290467     4.733807
    2.646249     3.900854     4.290467
    1.672621     2.646249     3.900854
    3.731820     1.672621     2.646249
    4.247720     3.731820     1.672621
    2.125065     4.247720     3.731820
    3.669011     2.125065     4.247720
    3.522954     3.669011     2.125065
    2.789413     3.522954     3.669011
    3.941453     2.789413     3.522954
    2.380132     3.941453     2.789413
    4.747352     2.380132     3.941453
    4.819171     4.747352     2.380132
    5.775696     4.819171     4.747352
    5.011671     5.775696     4.819171
    5.831408     5.011671     5.775696
    4.212049     5.831408     5.011671
    3.139077     4.212049     5.831408
    2.931490     3.139077     4.212049
    3.589619     2.931490     3.139077
    5.297723     3.589619     2.931490
    4.434808     5.297723     3.589619
    4.413633     4.434808     5.297723
    3.869944     4.413633     4.434808
    3.583625     3.869944     4.413633
    3.048426     3.583625     3.869944
    2.285247     3.048426     3.583625
    2.532719     2.285247     3.048426
    1.709718     2.532719     2.285247
    2.510182     1.709718     2.532719
    2.523143     2.510182     1.709718
    2.727378     2.523143     2.510182
    1.830533     2.727378     2.523143
    2.802738     1.830533     2.727378
    4.008308     2.802738     1.830533
    3.072562     4.008308     2.802738
    2.880560     3.072562     4.008308
    2.078761     2.880560     3.072562
    3.918346     2.078761     2.880560
    4.593989     3.918346     2.078761
    3.101337     4.593989     3.918346
    2.363122     3.101337     4.593989
    3.904167     2.363122     3.101337
    4.443431     3.904167     2.363122
    4.306455     4.443431     3.904167
    5.316652     4.306455     4.443431
    5.143618     5.316652     4.306455
    7.095743     5.143618     5.316652
    6.876983     7.095743     5.143618
    6.907145     6.876983     7.095743
    6.484253     6.907145     6.876983
    5.162434     6.484253     6.907145
    4.394051     5.162434     6.484253
    5.724730     4.394051     5.162434
    5.038062     5.724730     4.394051
    4.624382     5.038062     5.724730
    2.958944     4.624382     5.038062
    3.648720     2.958944     4.624382
    0.476916     3.648720     2.958944
    0.880614     0.476916     3.648720
    0.223172     0.880614     0.476916
    1.717446     0.223172     0.880614
    2.128651     1.717446     0.223172
    1.558516     2.128651     1.717446
    2.026626     1.558516     2.128651
    1.980493     2.026626     1.558516
    2.378160     1.980493     2.026626
    3.028382     2.378160     1.980493
    3.129977     3.028382     2.378160
    3.708344     3.129977     3.028382
    4.688382     3.708344     3.129977
    5.372445     4.688382     3.708344
    4.731908     5.372445     4.688382
    4.001279     4.731908     5.372445
    2.579809     4.001279     4.731908
    3.152779     2.579809     4.001279
    2.282702     3.152779     2.579809
    2.662040     2.282702     3.152779
    1.388138     2.662040     2.282702
    3.334064     1.388138     2.662040
    3.031391     3.334064     1.388138
    4.663568     3.031391     3.334064
    4.203507     4.663568     3.031391
    4.168631     4.203507     4.663568
    5.818829     4.168631     4.203507
    4.471326     5.818829     4.168631
    4.786215     4.471326     5.818829
    2.913930     4.786215     4.471326
    4.513205     2.913930     4.786215
    3.342843     4.513205     2.913930
    4.144070     3.342843     4.513205
    2.308828     4.144070     3.342843
    4.633223     2.308828     4.144070
    3.040640     4.633223     2.308828
    3.375588     3.040640     4.633223
    2.886307     3.375588     3.040640
    2.369095     2.886307     3.375588
    5.574561     2.369095     2.886307
    2.834600     5.574561     2.369095
    2.124964     2.834600     5.574561
    2.578238     2.124964     2.834600
    1.801178     2.578238     2.124964
    2.870235     1.801178     2.578238
    2.477096     2.870235     1.801178
    2.357682     2.477096     2.870235
    3.085597     2.357682     2.477096
    2.211127     3.085597     2.357682
    4.393667     2.211127     3.085597
    3.504948     4.393667     2.211127
    3.708162     3.504948     4.393667
    2.222807     3.708162     3.504948
    3.709573     2.222807     3.708162
    5.904715     3.709573     2.222807
    4.225712     5.904715     3.709573
    3.837870     4.225712     5.904715
    3.359438     3.837870     4.225712
    3.510715     3.359438     3.837870
    4.013836     3.510715     3.359438
    4.588512     4.013836     3.510715
    3.565048     4.588512     4.013836
    3.797046     3.565048     4.588512
    1.593651     3.797046     3.565048
    1.772988     1.593651     3.797046
    3.925994     1.772988     1.593651
    1.369479     3.925994     1.772988
    1.559058     1.369479     3.925994
    3.289794     1.559058     1.369479
    3.499305     3.289794     1.559058
    3.266336     3.499305     3.289794
    4.322251     3.266336     3.499305
    1.473982     4.322251     3.266336
    2.081921     1.473982     4.322251
    1.506052     2.081921     1.473982
    3.435864     1.506052     2.081921
    4.237662     3.435864     1.506052
    4.228225     4.237662     3.435864
    4.796653     4.228225     4.237662
    5.210923     4.796653     4.228225
    2.569173     5.210923     4.796653
    6.075562     2.569173     5.210923
    3.835758     6.075562     2.569173
    4.202420     3.835758     6.075562
    4.307331     4.202420     3.835758
    3.921120     4.307331     4.202420
    4.414253     3.921120     4.307331
    6.101053     4.414253     3.921120
    4.586722     6.101053     4.414253
    4.516146     4.586722     6.101053
    3.652282     4.516146     4.586722
    4.747335     3.652282     4.516146
    4.107926     4.747335     3.652282
    3.568964     4.107926     4.747335
    2.787224     3.568964     4.107926
    4.849193     2.787224     3.568964
    4.942736     4.849193     2.787224
    3.627093     4.942736     4.849193
    4.422158     3.627093     4.942736
    2.817787     4.422158     3.627093
    4.025482     2.817787     4.422158
    2.213462     4.025482     2.817787
    2.861477     2.213462     4.025482
    1.913184     2.861477     2.213462
    2.347347     1.913184     2.861477
    2.960851     2.347347     1.913184
    1.681568     2.960851     2.347347
    1.670271     1.681568     2.960851
    2.435175     1.670271     1.681568
    3.506946     2.435175     1.670271
    3.207541     3.506946     2.435175
    4.372913     3.207541     3.506946
    2.376945     4.372913     3.207541
    4.570615     2.376945     4.372913
    6.333776     4.570615     2.376945
    3.453199     6.333776     4.570615
    2.165936     3.453199     6.333776
    2.334410     2.165936     3.453199
    1.767804     2.334410     2.165936
    1.214368     1.767804     2.334410
    0.988340     1.214368     1.767804
    2.524775     0.988340     1.214368
    3.062101     2.524775     0.988340
    2.100496     3.062101     2.524775
    1.902503     2.100496     3.062101
    2.300802     1.902503     2.100496
    2.347616     2.300802     1.902503
    1.956738     2.347616     2.300802
    2.296075     1.956738     2.347616
    1.348961     2.296075     1.956738
    2.879909     1.348961     2.296075
    5.718004     2.879909     1.348961
    4.064724     5.718004     2.879909
    4.756217     4.064724     5.718004
    4.955616     4.756217     4.064724
    4.384843     4.955616     4.756217
    3.111638     4.384843     4.955616
    2.534577     3.111638     4.384843
    3.040456     2.534577     3.111638
    2.700495     3.040456     2.534577
    3.272987     2.700495     3.040456
    3.886950     3.272987     2.700495
    4.709423     3.886950     3.272987
    3.319220     4.709423     3.886950
    3.624249     3.319220     4.709423
    2.924220     3.624249     3.319220
    1.999433     2.924220     3.624249
    4.088528     1.999433     2.924220
    0.874696     4.088528     1.999433
    1.863061     0.874696     4.088528
    3.990792     1.863061     0.874696
    2.170177     3.990792     1.863061
    1.252486     2.170177     3.990792
    1.939107     1.252486     2.170177
    2.727161     1.939107     1.252486
    4.776715     2.727161     1.939107
    5.849323     4.776715     2.727161
    3.852530     5.849323     4.776715
    3.393204     3.852530     5.849323
    5.569190     3.393204     3.852530
    5.748072     5.569190     3.393204
    6.267101     5.748072     5.569190
    4.946045     6.267101     5.748072
    4.865833     4.946045     6.267101
    4.800873     4.865833     4.946045
    6.397128     4.800873     4.865833
    6.802123     6.397128     4.800873
    4.992929     6.802123     6.397128
    3.764730     4.992929     6.802123
    3.724448     3.764730     4.992929
    2.099919     3.724448     3.764730
    3.529604     2.099919     3.724448
    3.378613     3.529604     2.099919
    2.637332     3.378613     3.529604
    2.711227     2.637332     3.378613
    2.473112     2.711227     2.637332
    2.678855     2.473112     2.711227
    2.854426     2.678855     2.473112
    3.214034     2.854426     2.678855
    2.365142     3.214034     2.854426
    4.254477     2.365142     3.214034
    4.211561     4.254477     2.365142
    4.214274     4.211561     4.254477
    3.217738     4.214274     4.211561
    2.272324     3.217738     4.214274
    2.389111     2.272324     3.217738
    2.326421     2.389111     2.272324
    3.844295     2.326421     2.389111
    2.880399     3.844295     2.326421
    3.951905     2.880399     3.844295
    1.371782     3.951905     2.880399
    1.308603     1.371782     3.951905
   -0.106711     1.308603     1.371782
    2.978556    -0.106711     1.308603
    2.444178     2.978556    -0.106711
    4.808335     2.444178     2.978556
    4.400537     4.808335     2.444178
    4.287016     4.400537     4.808335
    4.228390     4.287016     4.400537
    3.941380     4.228390     4.287016
    6.233128     3.941380     4.228390
    3.745525     6.233128     3.941380
    2.948212     3.745525     6.233128
