    2.878073     2.468581     2.215253
    3.051245     2.878073     2.468581
    0.642858     3.051245     2.878073
    0.942003     0.642858     3.051245
    1.181536     0.942003     0.642858
    1.550268     1.181536     0.942003
    1.653534     1.550268     1.181536
    0.965995     1.653534     1.550268
    0.017131     0.965995     1.653534
    0.948028     0.017131     0.965995
    1.458613     0.948028     0.017131
    3.024346     1.458613     0.948028
    3.802321     3.024346     1.458613
    2.962264     3.802321     3.024346
    2.816620     2.962264     3.802321
    3.072274     2.816620     2.962264
    4.349605     3.072274     2.816620
    3.439548     4.349605     3.072274
    1.516346     3.439548     4.349605
    2.005907     1.516346     3.439548
    3.248430     2.005907     1.516346
    4.355209     3.248430     2.005907
    5.157519     4.355209     3.248430
    3.976935     5.157519     4.355209
    5.166644     3.976935     5.157519
    4.798522     5.166644     3.976935
    2.904510     4.798522     5.166644
    3.329757     2.904510     4.798522
    4.184706     3.329757     2.904510
    3.576232     4.184706     3.329757
    3.167953     3.576232     4.184706
    3.447176     3.167953     3.576232
    2.741562     3.447176     3.167953
    3.104844     2.741562     3.447176
    1.765775     3.104844     2.741562
    2.116174     1.765775     3.104844
    3.017824     2.116174     1.765775
    3.906412     3.017824     2.116174
    2.028414     3.906412     3.017824
    1.162594     2.028414     3.906412
    1.815886     1.162594     2.028414
    2.501735     1.815886     1.162594
    1.943912     2.501735     1.815886
    0.921823     1.943912     2.501735
    2.933187     0.921823     1.943912
    4.102263     2.933187     0.921823
    4.152961     4.102263     2.933187
    4.647152     4.152961     4.102263
    2.976568     4.647152     4.152961
    4.042775     2.976568     4.647152
    4.010233     4.042775     2.976568
    3.916433     4.010233     4.042775
    2.725854     3.916433     4.010233
    4.240591     2.725854     3.916433
    5.287658     4.240591     2.725854
    2.399351     5.287658     4.240591
    2.289749     2.399351     5.287658
    2.406760     2.289749     2.399351
    1.478778     2.406760     2.289749
    2.563096     1.478778     2.406760
    1.279359     2.563096     1.478778
    2.789520     1.279359     2.563096
    4.349805     2.789520     1.279359
    4.088428     4.349805     2.789520
    1.241314     4.088428     4.349805
    2.225960     1.241314     4.088428
    1.435189     2.225960     1.241314
    2.312239     1.435189     2.225960
    2.015660     2.312239     1.435189
    2.121689     2.015660     2.312239
    3.207682     2.121689     2.015660
    5.150994     3.207682     2.121689
    3.380158     5.150994     3.207682
    4.678965     3.380158     5.150994
    4.718533     4.678965     3.380158
    5.895459     4.718533     4.678965
    4.747135     5.895459     4.718533
    3.821539     4.747135     5.895459
    3.901426     3.821539     4.747135
    4.589125     3.901426     3.821539
    3.848695     4.589125     3.901426
    3.920261     3.848695     4.589125
    4.681216     3.920261     3.848695
    3.491594     4.681216     3.920261
    0.951473     3.491594     4.681216
    1.413082     0.951473     3.491594
    1.634911     1.413082     0.951473
    2.061342     1.634911     1.413082
    1.566194     2.061342     1.634911
    2.284780     1.566194     2.061342
    2.562413     2.284780     1.566194
    1.326337     2.562413     2.284780
    2.536874     1.326337     2.562413
    1.954955     2.536874     1.326337
    3.909735     1.954955     2.536874
    2.643415     3.909735     1.954955
    3.601946     2.643415     3.909735
    1.835636     3.601946     2.643415
    3.480094     1.835636     3.601946
    3.318796     3.480094     1.835636
    3.807680     3.318796     3.480094
    2.022108     3.807680     3.318796
    3.193006     2.022108     3.807680
    3.276401     3.193006     2.022108
    2.817689     3.276401     3.193006
    4.090222     2.817689     3.276401
    3.806678     4.090222     2.817689
    2.420717     3.806678     4.090222
    4.414639     2.420717     3.806678
    4.416824     4.414639     2.420717
    3.898925     4.416824     4.414639
    5.883596     3.898925     4.416824
    4.516276     5.883596     3.898925
    4.656362     4.516276     5.883596
    4.611751     4.656362     4.516276
    3.728246     4.611751     4.656362
    4.474954     3.728246     4.611751
    3.189941     4.474954     3.728246
    4.180413     3.189941     4.474954
    2.877029     4.180413     3.189941
    3.216067     2.877029     4.180413
    2.685844     3.216067     2.877029
    1.687652     2.685844     3.216067
    4.089265     1.687652     2.685844
    3.370134     4.089265     1.687652
    3.370928     3.370134     4.089265
    3.475168     3.370928     3.370134
    4.016281     3.475168     3.370928
    3.752025     4.016281     3.475168
    4.190058     3.752025     4.016281
    3.852875     4.190058     3.752025
    3.577664     3.852875     4.190058
    3.796400     3.577664     3.852875
    2.187048     3.796400     3.577664
    2.324156     2.187048     3.796400
    2.257741     2.324156     2.187048
    3.025673     2.257741     2.324156
    0.898722     3.025673     2.257741
    1.271414     0.898722     3.025673
    2.524092     1.271414     0.898722
    1.427538     2.524092     1.271414
    3.614467     1.427538     2.524092
    3.456144     3.614467     1.427538
    4.497920     3.456144     3.614467
    4.308322     4.497920     3.456144
    2.934052     4.308322     4.497920
    2.870938     2.934052     4.308322
    2.108807     2.870938     2.934052
    3.626460     2.108807     2.870938
    4.472654     3.626460     2.108807
    3.962503     4.472654     3.626460
    5.158611     3.962503     4.472654
    4.925309     5.158611     3.962503
    4.601876     4.925309     5.158611
    4.343264     4.601876     4.925309
    3.563843     4.343264     4.601876
    4.256011     3.563843     4.343264
    4.153880     4.256011     3.563843
    4.494862     4.153880     4.256011
    3.630865     4.494862     4.153880
    1.934611     3.630865     4.494862
    3.581233     1.934611     3.630865
    3.434109     3.581233     1.934611
    4.827805     3.434109     3.581233
    3.118088     4.827805     3.434109
    3.331699     3.118088     4.827805
    2.927284     3.331699     3.118088
    3.738274     2.927284     3.331699
    2.749969     3.738274     2.927284
    3.958717     2.749969     3.738274
    5.379463     3.958717     2.749969
    4.494763     5.379463     3.958717
    5.596213     4.494763     5.379463
    2.464606     5.596213     4.494763
    4.298412     2.464606     5.596213
    3.088738     4.298412     2.464606
    4.559846     3.088738     4.298412
    3.569718     4.559846     3.088738
    3.849677     3.569718     4.559846
    4.458286     3.849677     3.569718
    4.405934     4.458286     3.849677
    4.326331     4.405934     4.458286
    3.302885     4.326331     4.405934
    3.272210     3.302885     4.326331
    3.860691     3.272210     3.302885
    3.487728     3.860691     3.272210
    3.491305     3.487728     3.860691
    3.534776     3.491305     3.487728
    2.996083     3.534776     3.491305
    3.162598     2.996083     3.534776
    2.096632     3.162598     2.996083
    3.738253     2.096632     3.162598
    1.865184     3.738253     2.096632
    2.304970     1.865184     3.738253
    1.430620     2.304970     1.865184
    2.453491     1.430620     2.304970
    4.835720     2.453491     1.430620
    4.172463     4.835720     2.453491
    6.464670     4.172463     4.835720
    2.840132     6.464670     4.172463
    5.263490     2.840132     6.464670
    5.327500     5.263490     2.840132
    3.757999     5.327500     5.263490
    2.964064     3.757999     5.327500
    3.333701     2.964064     3.757999
    4.419947     3.333701     2.964064
    5.272291     4.419947     3.333701
    4.565285     5.272291     4.419947
    5.396305     4.565285     5.272291
    5.798205     5.396305     4.565285
    4.838845     5.798205     5.396305
    4.864700     4.838845     5.798205
    2.223972     4.864700     4.838845
    4.074868     2.223972     4.864700
    1.449901     4.074868     2.223972
    2.562233     1.449901     4.074868
    2.393227     2.562233     1.449901
    1.879808     2.393227     2.562233
    3.137729     1.879808     2.393227
    3.073508     3.137729     1.879808
    2.863178     3.073508     3.137729
    3.540927     2.863178     3.073508
    2.615449     3.540927     2.863178
    3.663507     2.615449     3.540927
    2.939541     3.663507     2.615449
    4.719836     2.939541     3.663507
    4.374479     4.719836     2.939541
    3.486103     4.374479     4.719836
    3.612387     3.486103     4.374479
    2.798571     3.612387     3.486103
    2.264648     2.798571     3.612387
    0.659126     2.264648     2.798571
    1.665254     0.659126     2.264648
    3.077152     1.665254     0.659126
    4.934444     3.077152     1.665254
    4.299162     4.934444     3.077152
    2.605412     4.299162     4.934444
    4.054680     2.605412     4.299162
    4.342314     4.054680     2.605412
    3.866119     4.342314     4.054680
    4.681267     3.866119     4.342314
    3.036120     4.681267     3.866119
    4.143956     3.036120     4.681267
    4.065169     4.143956     3.036120
    2.692081     4.065169     4.143956
    4.118003     2.692081     4.065169
    2.685504     4.118003     2.692081
    2.209197     2.685504     4.118003
    3.989543     2.209197     2.685504
    1.922283     3.989543     2.209197
    3.131170     1.922283     3.989543
    3.122667     3.131170     1.922283
    3.610812     3.122667     3.131170
    3.213714     3.610812     3.122667
    2.933897     3.213714     3.610812
    3.673923     2.933897     3.213714
    3.956907     3.673923     2.933897
    4.671198     3.956907     3.673923
    4.453523     4.671198     3.956907
    2.521150     4.453523     4.671198
    2.639142     2.521150     4.453523
    3.243697     2.639142     2.521150
    2.487676     3.243697     2.639142
    3.666444     2.487676     3.243697
    4.368404     3.666444     2.487676
    4.141228     4.368404     3.666444
    2.196244     4.141228     4.368404
    2.698045     2.196244     4.141228
    2.883579     2.698045     2.196244
    3.718108     2.883579     2.698045
    2.730418     3.718108     2.883579
    4.637076     2.730418     3.718108
    5.942112     4.637076     2.730418
    6.167094     5.942112     4.637076
    5.510835     6.167094     5.942112
    3.290551     5.510835     6.167094
    4.303694     3.290551     5.510835
    3.596569     4.303694     3.290551
    2.470127     3.596569     4.303694
    2.908487     2.470127     3.596569
    4.813519     2.908487     2.470127
    5.113020     4.813519     2.908487
    2.569084     5.113020     4.813519
    1.582560     2.569084     5.113020
    3.050663     1.582560     2.569084
    0.755871     3.050663     1.582560
    3.902435     0.755871     3.050663
    3.112702     3.902435     0.755871
    3.564884     3.112702     3.902435
    3.418384     3.564884     3.112702
    4.241216     3.418384     3.564884
    4.880497     4.241216     3.418384
    3.293286     4.880497     4.241216
    3.411245     3.293286     4.880497
    3.587233     3.411245     3.293286
    1.773004     3.587233     3.411245
    1.156127     1.773004     3.587233
    1.703293     1.156127     1.773004
    1.212369     1.703293     1.156127
    2.254181     1.212369     1.703293
    2.975974     2.254181     1.212369
    2.034052     2.975974     2.254181
    2.144059     2.034052     2.975974
    3.443547     2.144059     2.034052
    1.884769     3.443547     2.144059
    4.428404     1.884769     3.443547
    4.357675     4.428404     1.884769
    2.863811     4.357675     4.428404
    3.270951     2.863811     4.357675
    3.141360     3.270951     2.863811
    2.404681     3.141360     3.270951
    2.416902     2.404681     3.141360
    2.598404     2.416902     2.404681
    2.161054     2.598404     2.416902
    1.649234     2.161054     2.598404
    3.050695     1.649234     2.161054
    3.363220     3.050695     1.649234
    4.176296     3.363220     3.050695
    3.151992     4.176296     3.363220
    3.862297     3.151992     4.176296
    2.644563     3.862297     3.151992
    1.907046     2.644563     3.862297
    3.464279     1.907046     2.644563
    3.043913     3.464279     1.907046
    4.499652     3.043913     3.464279
    3.912637     4.499652     3.043913
    4.371882     3.912637     4.499652
    3.102365     4.371882     3.912637
    3.142738     3.102365     4.371882
    3.106896     3.142738     3.102365
    2.095064     3.106896     3.142738
    3.335128     2.095064     3.106896
    3.546071     3.335128     2.095064
    5.695248     3.546071     3.335128
    4.920571     5.695248     3.546071
    4.377862     4.920571     5.695248
    3.768763     4.377862     4.920571
    3.169387     3.768763     4.377862
    3.428775     3.169387     3.768763
    2.916532     3.428775     3.169387
    2.196552     2.916532     3.428775
    3.076259     2.196552     2.916532
    2.076618     3.076259     2.196552
    4.098694     2.076618     3.076259
    3.290520     4.098694     2.076618
    4.342332     3.290520     4.098694
    2.024000     4.342332     3.290520
    2.444672     2.024000     4.342332
    0.769332     2.444672     2.024000
    1.402414     0.769332     2.444672
    0.168759     1.402414     0.769332
    3.016468     0.168759     1.402414
    3.806755     3.016468     0.168759
    3.694478     3.806755     3.016468
    3.325744     3.694478     3.806755
    2.602311     3.325744     3.694478
    3.945351     2.602311     3.325744
    3.565332     3.945351     2.602311
    4.784987     3.565332     3.945351
    4.049569     4.784987     3.565332
    5.016159     4.049569     4.784987
    3.702255     5.016159     4.049569
    4.694434     3.702255     5.016159
    4.330019     4.694434     3.702255
    5.336880     4.330019     4.694434
    4.014125     5.336880     4.330019
    3.030874     4.014125     5.336880
    5.074511     3.030874     4.014125
    2.545732     5.074511     3.030874
    4.881167     2.545732     5.074511
    5.049686     4.881167     2.545732
    3.851761     5.049686     4.881167
    4.412815     3.851761     5.049686
    3.002186     4.412815     3.851761
    3.604398     3.002186     4.412815
    3.021277     3.604398     3.002186
    2.402014     3.021277     3.604398
    3.630907     2.402014     3.021277
    2.581331     3.630907     2.402014
    3.759978     2.581331     3.630907
    4.969212     3.759978     2.581331
    4.508656     4.969212     3.759978
    3.680422     4.508656     4.969212
    3.177271     3.680422     4.508656
    3.043243     3.177271     3.680422
    3.466772     3.043243     3.177271
    5.874887     3.466772     3.043243
    4.186930     5.874887     3.466772
    5.015880     4.186930     5.874887
    3.929922     5.015880     4.186930
    3.076643     3.929922     5.015880
    3.648446     3.076643     3.929922
    2.483487     3.648446     3.076643
    3.998134     2.483487     3.648446
    3.397972     3.998134     2.483487
    4.452338     3.397972     3.998134
    2.890712     4.452338     3.397972
    3.837688     2.890712     4.452338
    4.016337     3.837688     2.890712
    4.102092     4.016337     3.837688
    2.029657     4.102092     4.016337
    3.758407     2.029657     4.102092
    2.412920     3.758407     2.029657
    2.913465     2.412920     3.758407
    3.803059     2.913465     2.412920
    3.545660     3.803059     2.913465
    3.468039     3.545660     3.803059
    3.381987     3.468039     3.545660
    2.444507     3.381987     3.468039
    1.924401     2.444507     3.381987
    1.922041     1.924401     2.444507
    1.304107     1.922041     1.924401
    2.364112     1.304107     1.922041
    2.426758     2.364112     1.304107
    2.062285     2.426758     2.364112
    1.896764     2.062285     2.426758
    2.308056     1.896764     2.062285
    1.983494     2.308056     1.896764
    1.878320     1.983494     2.308056
    0.721885     1.878320     1.983494
    1.533462     0.721885     1.878320
    2.785034     1.533462     0.721885
    4.316689     2.785034     1.533462
    3.739144     4.316689     2.785034
    4.457780     3.739144     4.316689
    5.314063     4.457780     3.739144
    5.106307     5.314063     4.457780
    3.117262     5.106307     5.314063
    3.476459     3.117262     5.106307
    5.032721     3.476459     3.117262
    4.554470     5.032721     3.476459
    4.024593     4.554470     5.032721
    3.450570     4.024593     4.554470
    3.816177     3.450570     4.024593
    4.203366     3.816177     3.450570
    3.570707     4.203366     3.816177
    3.737887     3.570707     4.203366
    3.584367     3.737887     3.570707
    4.247256     3.584367     3.737887
    3.369147     4.247256     3.584367
    2.266886     3.369147     4.247256
    2.556251     2.266886     3.369147
    1.872243     2.556251     2.266886
    2.576503     1.872243     2.556251
    2.451548     2.576503     1.872243
    3.652585     2.451548     2.576503
    3.606280     3.652585     2.451548
    4.038714     3.606280     3.652585
    2.497591     4.038714     3.606280
    2.774417     2.497591     4.038714
    1.865935     2.774417     2.497591
    2.934965     1.865935     2.774417
    3.165641     2.934965     1.865935
    4.232872     3.165641     2.934965
    4.632370     4.232872     3.165641
    4.072623     4.632370     4.232872
    4.426669     4.072623     4.632370
    4.055420     4.426669     4.072623
    5.914430     4.055420     4.426669
    4.330563     5.914430     4.055420
    3.864664     4.330563     5.914430
    4.567640     3.864664     4.330563
    4.268014     4.567640     3.864664
    5.658160     4.268014     4.567640
    4.240013     5.658160     4.268014
    5.008157     4.240013     5.658160
    4.139846     5.008157     4.240013
    3.356818     4.139846     5.008157
    2.227639     3.356818     4.139846
    3.884980     2.227639     3.356818
    3.225476     3.884980     2.227639
    2.121733     3.225476     3.884980
    1.443660     2.121733     3.225476
    3.248726     1.443660     2.121733
    2.208251     3.248726     1.443660
    3.435908     2.208251     3.248726
    2.963902     3.435908     2.208251
    2.885521     2.963902     3.435908
    4.561128     2.885521     2.963902
    4.669954     4.561128     2.885521
    2.600864     4.669954     4.561128
    4.925113     2.600864     4.669954
    4.667531     4.925113     2.600864
    4.533877     4.667531     4.925113
    7.317231     4.533877     4.667531
    5.977924     7.317231     4.533877
    6.570312     5.977924     7.317231
    5.976719     6.570312     5.977924
    4.191250     5.976719     6.570312
    3.454685     4.191250     5.976719
    2.191774     3.454685     4.191250
    3.995698     2.191774     3.454685
    3.327442     3.995698     2.191774
    4.080249     3.327442     3.995698
    0.934056     4.080249     3.327442
    1.181136     0.934056     4.080249
    1.234687     1.181136     0.934056
    3.616895     1.234687     1.181136
    3.927366     3.616895     1.234687
    2.837693     3.927366     3.616895
