    3.233387     4.198947     3.939638
    4.362086     3.233387     4.198947
    2.879273     4.362086     3.233387
    2.875739     2.879273     4.362086
    2.016463     2.875739     2.879273
    3.633054     2.016463     2.875739
    5.807890     3.633054     2.016463
    2.987822     5.807890     3.633054
    3.372418     2.987822     5.807890
    5.112962     3.372418     2.987822
    3.881299     5.112962     3.372418
    3.428142     3.881299     5.112962
    5.118289     3.428142     3.881299
    3.179145     5.118289     3.428142
    5.269918     3.179145     5.118289
    3.779204     5.269918     3.179145
    3.548014     3.779204     5.269918
    2.706191     3.548014     3.779204
    1.782808     2.706191     3.548014
    2.381447     1.782808     2.706191
    1.984958     2.381447     1.782808
    0.434381     1.984958     2.381447
    0.830256     0.434381     1.984958
   -1.674970     0.830256     0.434381
   -0.234231    -1.674970     0.830256
    0.554997    -0.234231    -1.674970
    2.773827     0.554997    -0.234231
    2.883216     2.773827     0.554997
    2.383998     2.883216     2.773827
    3.299185     2.383998     2.883216
    1.070955     3.299185     2.383998
    1.214175     1.070955     3.299185
    2.694194     1.214175     1.070955
    2.469211     2.694194     1.214175
    1.779703     2.469211     2.694194
    4.331127     1.779703     2.469211
    4.493148     4.331127     1.779703
    4.663558     4.493148     4.331127
    4.613978     4.663558     4.493148
    4.077134     4.613978     4.663558
    2.682271     4.077134     4.613978
    3.718096     2.682271     4.077134
    3.467435     3.718096     2.682271
    2.608218     3.467435     3.718096
    3.629178     2.608218     3.467435
    4.300812     3.629178     2.608218
    3.526244     4.300812     3.629178
    2.702290     3.526244     4.300812
    3.755150     2.702290     3.526244
    2.663477     3.755150     2.702290
    3.451691     2.663477     3.755150
    1.812672     3.451691     2.663477
    3.408430     1.812672     3.451691
    4.355734     3.408430     1.812672
    3.693089     4.355734     3.408430
    1.991083     3.693089     4.355734
    3.419156     1.991083     3.693089
    3.901715     3.419156     1.991083
    4.100427     3.901715     3.419156
    3.753318     4.100427     3.901715
    3.964123     3.753318     4.100427
    3.004645     3.964123     3.753318
    4.962279     3.004645     3.964123
    4.742947     4.962279     3.004645
    5.871978     4.742947     4.962279
    5.404805     5.871978     4.742947
    4.807505     5.404805     5.871978
    3.535236     4.807505     5.404805
    3.049021     3.535236     4.807505
    3.366130     3.049021     3.535236
    2.097974     3.366130     3.049021
    2.119506     2.097974     3.366130
    2.558431     2.119506     2.097974
    2.906886     2.558431     2.119506
    4.705576     2.906886     2.558431
    5.440765     4.705576     2.906886
    5.324287     5.440765     4.705576
    4.902412     5.324287     5.440765
    3.224583     4.902412     5.324287
    4.292323     3.224583     4.902412
    4.236070     4.292323     3.224583
    4.525030     4.236070     4.292323
    4.526071     4.525030     4.236070
    4.235366     4.526071     4.525030
    3.361534     4.235366     4.526071
    2.250206     3.361534     4.235366
    3.444713     2.250206     3.361534
    2.724998     3.444713     2.250206
    2.193340     2.724998     3.444713
    4.509134     2.193340     2.724998
    5.687717     4.509134     2.193340
    5.249350     5.687717     4.509134
    4.520954     5.249350     5.687717
    6.389912     4.520954     5.249350
    5.566987     6.389912     4.520954
    4.521415     5.566987     6.389912
    4.901863     4.521415     5.566987
    5.048231     4.901863     4.521415
    4.226400     5.048231     4.901863
    2.568331     4.226400     5.048231
    2.724085     2.568331     4.226400
    3.421535     2.724085     2.568331
    3.514816     3.421535     2.724085
    2.786604     3.514816     3.421535
    4.628362     2.786604     3.514816
    5.066775     4.628362     2.786604
    4.210301     5.066775     4.628362
    4.571215     4.210301     5.066775
    4.429299     4.571215     4.210301
    2.872488     4.429299     4.571215
    4.211140     2.872488     4.429299
    2.614660     4.211140     2.872488
    2.627869     2.614660     4.211140
    3.170486     2.627869     2.614660
    2.350783     3.170486     2.627869
    2.830516     2.350783     3.170486
    2.635430     2.830516     2.350783
    2.796099     2.635430     2.830516
    2.652968     2.796099     2.635430
    3.487594     2.652968     2.796099
    2.650222     3.487594     2.652968
    4.232936     2.650222     3.487594
    4.299021     4.232936     2.650222
    3.095627     4.299021     4.232936
    3.291537     3.095627     4.299021
    2.292113     3.291537     3.095627
   -1.168975     2.292113     3.291537
    0.449193    -1.168975     2.292113
    0.086244     0.449193    -1.168975
    0.191971     0.086244     0.449193
    3.051299     0.191971     0.086244
    1.887802     3.051299     0.191971
    3.094795     1.887802     3.051299
    2.819456     3.094795     1.887802
    2.673057     2.819456     3.094795
    2.862000     2.673057     2.819456
    4.591952     2.862000     2.673057
    4.199208     4.591952     2.862000
    3.297858     4.199208     4.591952
    1.616143     3.297858     4.199208
    2.173457     1.616143     3.297858
    2.376784     2.173457     1.616143
    3.240159     2.376784     2.173457
    3.475868     3.240159     2.376784
    1.680928     3.475868     3.240159
    0.857397     1.680928     3.475868
    2.614919     0.857397     1.680928
    3.655376     2.614919     0.857397
    1.793110     3.655376     2.614919
    3.651400     1.793110     3.655376
    3.659059     3.651400     1.793110
    3.940133     3.659059     3.651400
    6.163606     3.940133     3.659059
    5.347951     6.163606     3.940133
    4.231415     5.347951     6.163606
    4.163233     4.231415     5.347951
    3.734640     4.163233     4.231415
    3.869298     3.734640     4.163233
    2.995521     3.869298     3.734640
    2.953746     2.995521     3.869298
    2.853500     2.953746     2.995521
    5.077107     2.853500     2.953746
    5.071320     5.077107     2.853500
    4.966010     5.071320     5.077107
    5.000006     4.966010     5.071320
    2.004048     5.000006     4.966010
    3.546340     2.004048     5.000006
    1.303058     3.546340     2.004048
    1.395482     1.303058     3.546340
    3.254509     1.395482     1.303058
    2.137784     3.254509     1.395482
    2.705108     2.137784     3.254509
    3.789263     2.705108     2.137784
    3.611425     3.789263     2.705108
    3.817350     3.611425     3.789263
    3.790283     3.817350     3.611425
    3.906338     3.790283     3.817350
    3.166049     3.906338     3.790283
    4.681871     3.166049     3.906338
    3.376880     4.681871     3.166049
    4.862978     3.376880     4.681871
    6.301375     4.862978     3.376880
    5.535419     6.301375     4.862978
    5.916051     5.535419     6.301375
    4.084784     5.916051     5.535419
    5.373561     4.084784     5.916051
    2.876925     5.373561     4.084784
    4.022917     2.876925     5.373561
    4.872459     4.022917     2.876925
    3.265517     4.872459     4.022917
    4.589642     3.265517     4.872459
    5.251354     4.589642     3.265517
    4.685435     5.251354     4.589642
    5.790412     4.685435     5.251354
    5.220130     5.790412     4.685435
    4.171857     5.220130     5.790412
    3.963079     4.171857     5.220130
    5.304316     3.963079     4.171857
    2.448028     5.304316     3.963079
    2.296651     2.448028     5.304316
    1.392023     2.296651     2.448028
    2.952632     1.392023     2.296651
    2.642309     2.952632     1.392023
    2.534894     2.642309     2.952632
    4.716229     2.534894     2.642309
    4.319348     4.716229     2.534894
    4.068966     4.319348     4.716229
    5.740554     4.068966     4.319348
    4.231383     5.740554     4.068966
    4.436277     4.231383     5.740554
    3.604819     4.436277     4.231383
    4.713756     3.604819     4.436277
    4.862681     4.713756     3.604819
    5.427725     4.862681     4.713756
    4.942046     5.427725     4.862681
    2.132383     4.942046     5.427725
    4.272139     2.132383     4.942046
    3.805632     4.272139     2.132383
    3.341665     3.805632     4.272139
    1.911978     3.341665     3.805632
    3.547231     1.911978     3.341665
    2.290934     3.547231     1.911978
    4.244903     2.290934     3.547231
    3.668210     4.244903     2.290934
    4.742834     3.668210     4.244903
    4.214570     4.742834     3.668210
    4.136225     4.214570     4.742834
    3.950043     4.136225     4.214570
    3.476290     3.950043     4.136225
    3.640692     3.476290     3.950043
    2.904523     3.640692     3.476290
    4.523600     2.904523     3.640692
    3.777939     4.523600     2.904523
    4.265445     3.777939     4.523600
    3.751626     4.265445     3.777939
    3.811244     3.751626     4.265445
    4.549965     3.811244     3.751626
    4.034847     4.549965     3.811244
    4.616307     4.034847     4.549965
    5.409647     4.616307     4.034847
    5.663974     5.409647     4.616307
    5.595573     5.663974     5.409647
    6.438529     5.595573     5.663974
    4.682526     6.438529     5.595573
    4.677682     4.682526     6.438529
    3.197653     4.677682     4.682526
    2.760813     3.197653     4.677682
    2.775252     2.760813     3.197653
    1.954287     2.775252     2.760813
    1.566444     1.954287     2.775252
    1.438119     1.566444     1.954287
    1.465232     1.438119     1.566444
    2.127347     1.465232     1.438119
    3.319465     2.127347     1.465232
    0.894928     3.319465     2.127347
    2.095887     0.894928     3.319465
    3.505555     2.095887     0.894928
    3.009803     3.505555     2.095887
    1.645642     3.009803     3.505555
    2.109724     1.645642     3.009803
    2.839429     2.109724     1.645642
    2.762318     2.839429     2.109724
    2.631781     2.762318     2.839429
    0.706004     2.631781     2.762318
    0.574056     0.706004     2.631781
    0.550487     0.574056     0.706004
    0.982579     0.550487     0.574056
    0.994615     0.982579     0.550487
    0.920986     0.994615     0.982579
    1.648183     0.920986     0.994615
    1.952661     1.648183     0.920986
    2.896861     1.952661     1.648183
    2.299171     2.896861     1.952661
    1.663149     2.299171     2.896861
    1.922846     1.663149     2.299171
    4.369501     1.922846     1.663149
    4.453907     4.369501     1.922846
    2.796363     4.453907     4.369501
    4.669866     2.796363     4.453907
    3.313006     4.669866     2.796363
    2.244854     3.313006     4.669866
    1.797118     2.244854     3.313006
    2.684895     1.797118     2.244854
    1.685982     2.684895     1.797118
    2.158119     1.685982     2.684895
    0.139132     2.158119     1.685982
    1.822997     0.139132     2.158119
    1.993542     1.822997     0.139132
    2.318972     1.993542     1.822997
    2.608883     2.318972     1.993542
    2.286541     2.608883     2.318972
    3.695319     2.286541     2.608883
    4.349496     3.695319     2.286541
    1.644634     4.349496     3.695319
    2.646567     1.644634     4.349496
    3.628476     2.646567     1.644634
    4.885576     3.628476     2.646567
    5.494451     4.885576     3.628476
    4.508362     5.494451     4.885576
    4.337185     4.508362     5.494451
    3.950050     4.337185     4.508362
    4.223930     3.950050     4.337185
    4.180837     4.223930     3.950050
    1.528298     4.180837     4.223930
    2.582303     1.528298     4.180837
    1.762972     2.582303     1.528298
    2.566574     1.762972     2.582303
    1.925633     2.566574     1.762972
    2.620323     1.925633     2.566574
    3.678421     2.620323     1.925633
    3.743494     3.678421     2.620323
    5.617234     3.743494     3.678421
    5.907678     5.617234     3.743494
    5.568588     5.907678     5.617234
    4.854065     5.568588     5.907678
    3.508531     4.854065     5.568588
    2.722906     3.508531     4.854065
    2.509962     2.722906     3.508531
    1.404232     2.509962     2.722906
    2.780364     1.404232     2.509962
    1.891717     2.780364     1.404232
    3.739947     1.891717     2.780364
    5.764722     3.739947     1.891717
    5.014879     5.764722     3.739947
    4.807276     5.014879     5.764722
    2.924070     4.807276     5.014879
    2.381429     2.924070     4.807276
    4.023949     2.381429     2.924070
    3.406370     4.023949     2.381429
    3.502078     3.406370     4.023949
    4.961451     3.502078     3.406370
    4.806271     4.961451     3.502078
    4.012673     4.806271     4.961451
    3.367318     4.012673     4.806271
    3.542458     3.367318     4.012673
    2.970246     3.542458     3.367318
    1.119304     2.970246     3.542458
    1.243246     1.119304     2.970246
    0.924057     1.243246     1.119304
    1.218380     0.924057     1.243246
    1.928565     1.218380     0.924057
    2.502293     1.928565     1.218380
    2.689407     2.502293     1.928565
    3.297521     2.689407     2.502293
    3.443048     3.297521     2.689407
    2.980213     3.443048     3.297521
    3.762426     2.980213     3.443048
    4.272411     3.762426     2.980213
    6.215176     4.272411     3.762426
    4.758972     6.215176     4.272411
    4.558476     4.758972     6.215176
    3.693547     4.558476     4.758972
    4.126764     3.693547     4.558476
    4.634761     4.126764     3.693547
    4.360187     4.634761     4.126764
    5.191618     4.360187     4.634761
    5.166534     5.191618     4.360187
    5.313783     5.166534     5.191618
    5.403839     5.313783     5.166534
    3.563751     5.403839     5.313783
    4.180788     3.563751     5.403839
    3.133263     4.180788     3.563751
    5.085542     3.133263     4.180788
    5.943070     5.085542     3.133263
    4.510384     5.943070     5.085542
    3.276178     4.510384     5.943070
    3.282086     3.276178     4.510384
    4.423825     3.282086     3.276178
    2.162572     4.423825     3.282086
    2.631589     2.162572     4.423825
    4.434388     2.631589     2.162572
    3.679441     4.434388     2.631589
    4.187497     3.679441     4.434388
    3.597578     4.187497     3.679441
    4.617109     3.597578     4.187497
    3.198432     4.617109     3.597578
    4.662931     3.198432     4.617109
    6.157751     4.662931     3.198432
    3.980263     6.157751     4.662931
    4.825071     3.980263     6.157751
    4.859163     4.825071     3.980263
    3.960542     4.859163     4.825071
    3.272656     3.960542     4.859163
    4.107589     3.272656     3.960542
    4.617879     4.107589     3.272656
    2.525185     4.617879     4.107589
    2.727832     2.525185     4.617879
    3.525218     2.727832     2.525185
    3.028276     3.525218     2.727832
    3.042771     3.028276     3.525218
    3.837338     3.042771     3.028276
    2.870367     3.837338     3.042771
    2.307225     2.870367     3.837338
    2.112120     2.307225     2.870367
    2.833478     2.112120     2.307225
    2.377486     2.833478     2.112120
    4.125302     2.377486     2.833478
    2.950803     4.125302     2.377486
    2.058542     2.950803     4.125302
    2.014460     2.058542     2.950803
    2.608941     2.014460     2.058542
    3.315203     2.608941     2.014460
    3.774575     3.315203     2.608941
    2.043419     3.774575     3.315203
    3.267201     2.043419     3.774575
    4.927146     3.267201     2.043419
    4.146555     4.927146     3.267201
    4.442040     4.146555     4.927146
    2.432839     4.442040     4.146555
    2.863681     2.432839     4.442040
    4.192686     2.863681     2.432839
    3.823812     4.192686     2.863681
    3.619827     3.823812     4.192686
    2.138906     3.619827     3.823812
    3.176640     2.138906     3.619827
    3.414074     3.176640     2.138906
    4.118047     3.414074     3.176640
    4.535957     4.118047     3.414074
    3.249655     4.535957     4.118047
    2.657760     3.249655     4.535957
    0.966276     2.657760     3.249655
    1.762030     0.966276     2.657760
    0.555272     1.762030     0.966276
    0.504929     0.555272     1.762030
    1.267790     0.504929     0.555272
    1.653707     1.267790     0.504929
    2.748720     1.653707     1.267790
    3.509897     2.748720     1.653707
    3.981203     3.509897     2.748720
    2.388943     3.981203     3.509897
    5.134542     2.388943     3.981203
    3.196598     5.134542     2.388943
    5.294581     3.196598     5.134542
    4.696268     5.294581     3.196598
    4.798226     4.696268     5.294581
    4.660572     4.798226     4.696268
    4.048513     4.660572     4.798226
    3.665475     4.048513     4.660572
    4.349856     3.665475     4.048513
    3.171605     4.349856     3.665475
    3.879996     3.171605     4.349856
    2.511080     3.879996     3.171605
    3.610613     2.511080     3.879996
    1.069315     3.610613     2.511080
    1.222794     1.069315     3.610613
    0.864768     1.222794     1.069315
    2.255698     0.864768     1.222794
    1.780631     2.255698     0.864768
    2.208097     1.780631     2.255698
    1.481155     2.208097     1.780631
    0.931080     1.481155     2.208097
   -0.635835     0.931080     1.481155
    2.537221    -0.635835     0.931080
    2.528545     2.537221    -0.635835
    2.982118     2.528545     2.537221
    1.922667     2.982118     2.528545
    1.184070     1.922667     2.982118
    1.914981     1.184070     1.922667
    1.154057     1.914981     1.184070
    2.471524     1.154057     1.914981
    3.912500     2.471524     1.154057
    4.446517     3.912500     2.471524
    3.501017     4.446517     3.912500
    2.658804     3.501017     4.446517
    2.718045     2.658804     3.501017
    0.843733     2.718045     2.658804
    1.256575     0.843733     2.718045
    3.040729     1.256575     0.843733
    4.033483     3.040729     1.256575
    3.551235     4.033483     3.040729
    3.780673     3.551235     4.033483
    3.266396     3.780673     3.551235
    2.276710     3.266396     3.780673
    1.846469     2.276710     3.266396
    2.409907     1.846469     2.276710
    1.703275     2.409907     1.846469
    0.597573     1.703275     2.409907
    1.646225     0.597573     1.703275
    0.673102     1.646225     0.597573
    0.545575     0.673102     1.646225
   -0.199376     0.545575     0.673102
    1.219973    -0.199376     0.545575
    0.904833     1.219973    -0.199376
    2.931338     0.904833     1.219973
    1.699271     2.931338     0.904833
    3.335718     1.699271     2.931338
    1.882554     3.335718     1.699271
    2.612829     1.882554     3.335718
    3.028626     2.612829     1.882554
    1.745896     3.028626     2.612829
    1.070853     1.745896     3.028626
    0.693399     1.070853     1.745896
    0.701833     0.693399     1.070853
    1.957547     0.701833     0.693399
    2.430428     1.957547     0.701833
    1.685962     2.430428     1.957547
    1.440601     1.685962     2.430428
    1.821349     1.440601     1.685962
    0.535078     1.821349     1.440601
    0.630287     0.535078     1.821349
