    1.809609     2.940671     1.961792
    0.982503     1.809609     2.940671
    2.982362     0.982503     1.809609
    3.922202     2.982362     0.982503
    2.877008     3.922202     2.982362
    3.568672     2.877008     3.922202
    3.844387     3.568672     2.877008
    3.752919     3.844387     3.568672
    5.379391     3.752919     3.844387
    4.242589     5.379391     3.752919
    2.970669     4.242589     5.379391
    2.854779     2.970669     4.242589
    2.668497     2.854779     2.970669
    3.885550     2.668497     2.854779
    4.877973     3.885550     2.668497
    3.024529     4.877973     3.885550
    4.886854     3.024529     4.877973
    4.199776     4.886854     3.024529
    2.731079     4.199776     4.886854
    4.694753     2.731079     4.199776
    3.987935     4.694753     2.731079
    6.965720     3.987935     4.694753
    3.512940     6.965720     3.987935
    4.501225     3.512940     6.965720
    3.583215     4.501225     3.512940
    5.127050     3.583215     4.501225
    4.494326     5.127050     3.583215
    3.665157     4.494326     5.127050
    5.355394     3.665157     4.494326
    3.290822     5.355394     3.665157
    6.344852     3.290822     5.355394
    5.493255     6.344852     3.290822
    4.367294     5.493255     6.344852
    3.034144     4.367294     5.493255
    3.625153     3.034144     4.367294
    4.480645     3.625153     3.034144
    3.464797     4.480645     3.625153
    4.634046     3.464797     4.480645
    3.529424     4.634046     3.464797
    3.776751     3.529424     4.634046
    0.892807     3.776751     3.529424
    3.733420     0.892807     3.776751
    3.804611     3.733420     0.892807
    4.829532     3.804611     3.733420
    4.558054     4.829532     3.804611
    3.736033     4.558054     4.829532
    3.983744     3.736033     4.558054
    5.030453     3.983744     3.736033
    6.841120     5.030453     3.983744
    5.583013     6.841120     5.030453
    5.481761     5.583013     6.841120
    4.666217     5.481761     5.583013
    4.330376     4.666217     5.481761
    2.592813     4.330376     4.666217
    2.271786     2.592813     4.330376
    4.776932     2.271786     2.592813
    4.772382     4.776932     2.271786
    4.990842     4.772382     4.776932
    4.724708     4.990842     4.772382
    4.295021     4.724708     4.990842
    4.624797     4.295021     4.724708
    4.008495     4.624797     4.295021
    4.412132     4.008495     4.624797
    4.631192     4.412132     4.008495
    4.550527     4.631192     4.412132
    4.432671     4.550527     4.631192
    6.132127     4.432671     4.550527
    4.498360     6.132127     4.432671
    4.205644     4.498360     6.132127
    4.808607     4.205644     4.498360
    4.663825     4.808607     4.205644
    4.903485     4.663825     4.808607
    5.365992     4.903485     4.663825
    2.627207     5.365992     4.903485
    2.121857     2.627207     5.365992
    2.099436     2.121857     2.627207
    1.790437     2.099436     2.121857
    3.453966     1.790437     2.099436
    1.140912     3.453966     1.790437
    2.313479     1.140912     3.453966
    1.977963     2.313479     1.140912
    2.698282     1.977963     2.313479
    3.961272     2.698282     1.977963
    3.684341     3.961272     2.698282
    3.033913     3.684341     3.961272
    2.542853     3.033913     3.684341
    3.476561     2.542853     3.033913
    2.336270     3.476561     2.542853
    2.838350     2.336270     3.476561
    2.980762     2.838350     2.336270
    5.127456     2.980762     2.838350
    3.912857     5.127456     2.980762
    4.355622     3.912857     5.127456
    2.581315     4.355622     3.912857
    2.718085     2.581315     4.355622
    2.732885     2.718085     2.581315
    2.856291     2.732885     2.718085
    1.943695     2.856291     2.732885
    3.226949     1.943695     2.856291
    3.747580     3.226949     1.943695
    3.937013     3.747580     3.226949
    3.416069     3.937013     3.747580
    3.679017     3.416069     3.937013
    5.190304     3.679017     3.416069
    5.176186     5.190304     3.679017
    3.270686     5.176186     5.190304
    3.116410     3.270686     5.176186
    3.316426     3.116410     3.270686
    1.965147     3.316426     3.116410
    3.361038     1.965147     3.316426
    4.196657     3.361038     1.965147
    3.127973     4.196657     3.361038
    3.701336     3.127973     4.196657
    4.531532     3.701336     3.127973
    3.175596     4.531532     3.701336
    0.375355     3.175596     4.531532
    1.860650     0.375355     3.175596
    2.165301     1.860650     0.375355
    2.549918     2.165301     1.860650
    3.043757     2.549918     2.165301
    2.555066     3.043757     2.549918
    1.874734     2.555066     3.043757
    3.785655     1.874734     2.555066
    2.886906     3.785655     1.874734
    5.310528     2.886906     3.785655
    3.299031     5.310528     2.886906
    3.605532     3.299031     5.310528
    1.156463     3.605532     3.299031
    3.607359     1.156463     3.605532
    1.724645     3.607359     1.156463
    3.715724     1.724645     3.607359
    2.766722     3.715724     1.724645
    3.136502     2.766722     3.715724
    3.706076     3.136502     2.766722
    3.366401     3.706076     3.136502
    3.442718     3.366401     3.706076
    4.553287     3.442718     3.366401
    3.595809     4.553287     3.442718
    1.775564     3.595809     4.553287
    2.095606     1.775564     3.595809
    1.705157     2.095606     1.775564
    1.293104     1.705157     2.095606
    4.050084     1.293104     1.705157
    3.300463     4.050084     1.293104
    4.181772     3.300463     4.050084
    3.454469     4.181772     3.300463
    4.578353     3.454469     4.181772
    3.963993     4.578353     3.454469
    4.074313     3.963993     4.578353
    3.641152     4.074313     3.963993
    4.995397     3.641152     4.074313
    3.734640     4.995397     3.641152
    2.744737     3.734640     4.995397
    4.728428     2.744737     3.734640
    5.570785     4.728428     2.744737
    5.884805     5.570785     4.728428
    3.735178     5.884805     5.570785
    4.163558     3.735178     5.884805
    3.884465     4.163558     3.735178
    4.676885     3.884465     4.163558
    5.594204     4.676885     3.884465
    5.755684     5.594204     4.676885
    5.955677     5.755684     5.594204
    3.885006     5.955677     5.755684
    4.383241     3.885006     5.955677
    3.633161     4.383241     3.885006
    3.363971     3.633161     4.383241
    2.980551     3.363971     3.633161
    4.500772     2.980551     3.363971
    2.869425     4.500772     2.980551
    2.473626     2.869425     4.500772
    3.097467     2.473626     2.869425
    1.402021     3.097467     2.473626
    3.556723     1.402021     3.097467
    4.698147     3.556723     1.402021
    6.167127     4.698147     3.556723
    2.100435     6.167127     4.698147
    4.234995     2.100435     6.167127
    1.862494     4.234995     2.100435
    1.533471     1.862494     4.234995
    2.897162     1.533471     1.862494
    3.469560     2.897162     1.533471
    3.812347     3.469560     2.897162
    5.678928     3.812347     3.469560
    4.042342     5.678928     3.812347
    2.977866     4.042342     5.678928
    1.804350     2.977866     4.042342
    1.710659     1.804350     2.977866
    2.794034     1.710659     1.804350
    2.323426     2.794034     1.710659
    2.413774     2.323426     2.794034
    2.601412     2.413774     2.323426
    3.542537     2.601412     2.413774
    2.159297     3.542537     2.601412
    1.755568     2.159297     3.542537
    2.233683     1.755568     2.159297
    3.462757     2.233683     1.755568
    1.425026     3.462757     2.233683
    1.124855     1.425026     3.462757
    2.059612     1.124855     1.425026
    1.621413     2.059612     1.124855
    1.606637     1.621413     2.059612
    3.546966     1.606637     1.621413
    2.252042     3.546966     1.606637
    3.655409     2.252042     3.546966
    2.214658     3.655409     2.252042
    2.857911     2.214658     3.655409
    2.986797     2.857911     2.214658
    2.418519     2.986797     2.857911
    2.367122     2.418519     2.986797
    1.081221     2.367122     2.418519
    2.546882     1.081221     2.367122
    3.312589     2.546882     1.081221
    1.458492     3.312589     2.546882
    3.434856     1.458492     3.312589
    3.288151     3.434856     1.458492
    3.783846     3.288151     3.434856
    2.627838     3.783846     3.288151
    3.063713     2.627838     3.783846
    1.938923     3.063713     2.627838
    2.824185     1.938923     3.063713
    2.303388     2.824185     1.938923
    2.443738     2.303388     2.824185
    2.844107     2.443738     2.303388
    3.655521     2.844107     2.443738
    3.334653     3.655521     2.844107
    2.765730     3.334653     3.655521
    2.646508     2.765730     3.334653
    1.605843     2.646508     2.765730
    2.489055     1.605843     2.646508
    3.877818     2.489055     1.605843
    2.360333     3.877818     2.489055
    3.042405     2.360333     3.877818
    3.495494     3.042405     2.360333
    0.648175     3.495494     3.042405
    2.001466     0.648175     3.495494
    0.618615     2.001466     0.648175
    1.226538     0.618615     2.001466
    0.768828     1.226538     0.618615
    0.423048     0.768828     1.226538
    1.319964     0.423048     0.768828
    3.335869     1.319964     0.423048
    2.232638     3.335869     1.319964
    1.924461     2.232638     3.335869
    1.915508     1.924461     2.232638
    1.493648     1.915508     1.924461
    2.086853     1.493648     1.915508
    2.508543     2.086853     1.493648
    2.825189     2.508543     2.086853
    3.823000     2.825189     2.508543
    2.704650     3.823000     2.825189
    1.718383     2.704650     3.823000
    3.166717     1.718383     2.704650
    2.798787     3.166717     1.718383
    3.577908     2.798787     3.166717
    5.068039     3.577908     2.798787
    3.288285     5.068039     3.577908
    3.269263     3.288285     5.068039
    4.410538     3.269263     3.288285
    3.253054     4.410538     3.269263
    2.502794     3.253054     4.410538
    1.437883     2.502794     3.253054
    1.838088     1.437883     2.502794
    2.832071     1.838088     1.437883
    2.833948     2.832071     1.838088
    3.422177     2.833948     2.832071
    2.760581     3.422177     2.833948
    2.887184     2.760581     3.422177
    1.788777     2.887184     2.760581
    0.850603     1.788777     2.887184
    3.930110     0.850603     1.788777
    3.056552     3.930110     0.850603
    4.021739     3.056552     3.930110
    5.038518     4.021739     3.056552
    4.110112     5.038518     4.021739
    5.359711     4.110112     5.038518
    5.301290     5.359711     4.110112
    4.046008     5.301290     5.359711
    3.738273     4.046008     5.301290
    4.291032     3.738273     4.046008
    4.834888     4.291032     3.738273
    5.387526     4.834888     4.291032
    5.376222     5.387526     4.834888
    3.951969     5.376222     5.387526
    3.596573     3.951969     5.376222
    4.831455     3.596573     3.951969
    4.479511     4.831455     3.596573
    2.423265     4.479511     4.831455
    3.082762     2.423265     4.479511
    3.259642     3.082762     2.423265
    2.052592     3.259642     3.082762
    3.375573     2.052592     3.259642
    4.424613     3.375573     2.052592
    4.560043     4.424613     3.375573
    4.121498     4.560043     4.424613
    3.985049     4.121498     4.560043
    4.712792     3.985049     4.121498
    4.528526     4.712792     3.985049
    5.626688     4.528526     4.712792
    3.717199     5.626688     4.528526
    3.242565     3.717199     5.626688
    3.879053     3.242565     3.717199
    3.332618     3.879053     3.242565
    3.173435     3.332618     3.879053
    1.785087     3.173435     3.332618
    2.305212     1.785087     3.173435
    1.526093     2.305212     1.785087
    1.158568     1.526093     2.305212
    2.348201     1.158568     1.526093
    2.529755     2.348201     1.158568
    3.186881     2.529755     2.348201
    3.841152     3.186881     2.529755
    4.092066     3.841152     3.186881
    4.332014     4.092066     3.841152
    4.488130     4.332014     4.092066
    1.834612     4.488130     4.332014
    4.944881     1.834612     4.488130
    3.772622     4.944881     1.834612
    2.204886     3.772622     4.944881
    1.394693     2.204886     3.772622
    0.351999     1.394693     2.204886
   -0.469616     0.351999     1.394693
    3.529557    -0.469616     0.351999
    4.251002     3.529557    -0.469616
    3.187352     4.251002     3.529557
    3.209393     3.187352     4.251002
    3.770676     3.209393     3.187352
    3.632281     3.770676     3.209393
    4.644686     3.632281     3.770676
    2.555810     4.644686     3.632281
    2.198844     2.555810     4.644686
    2.813496     2.198844     2.555810
    2.792175     2.813496     2.198844
    2.522520     2.792175     2.813496
    2.558380     2.522520     2.792175
    2.431603     2.558380     2.522520
    1.967725     2.431603     2.558380
    2.440445     1.967725     2.431603
    3.002851     2.440445     1.967725
    3.755537     3.002851     2.440445
    2.740328     3.755537     3.002851
    2.060218     2.740328     3.755537
    2.924140     2.060218     2.740328
    3.195850     2.924140     2.060218
    3.394680     3.195850     2.924140
    4.215615     3.394680     3.195850
    4.085326     4.215615     3.394680
    3.638123     4.085326     4.215615
    1.784040     3.638123     4.085326
    2.728661     1.784040     3.638123
    3.585640     2.728661     1.784040
    4.299752     3.585640     2.728661
    4.717886     4.299752     3.585640
    4.529926     4.717886     4.299752
    3.529583     4.529926     4.717886
    3.630884     3.529583     4.529926
    4.324709     3.630884     3.529583
    3.043935     4.324709     3.630884
    2.901727     3.043935     4.324709
    3.759581     2.901727     3.043935
    2.976037     3.759581     2.901727
    0.392584     2.976037     3.759581
    1.896213     0.392584     2.976037
    1.508915     1.896213     0.392584
    2.560108     1.508915     1.896213
    2.705204     2.560108     1.508915
    1.695335     2.705204     2.560108
    0.760044     1.695335     2.705204
    1.404339     0.760044     1.695335
    1.634885     1.404339     0.760044
    1.723177     1.634885     1.404339
    1.890976     1.723177     1.634885
    1.707409     1.890976     1.723177
    2.995672     1.707409     1.890976
    2.632018     2.995672     1.707409
    1.306513     2.632018     2.995672
    2.058783     1.306513     2.632018
    1.840139     2.058783     1.306513
    2.305487     1.840139     2.058783
    1.535017     2.305487     1.840139
    2.541405     1.535017     2.305487
    3.372750     2.541405     1.535017
    3.866974     3.372750     2.541405
    4.090540     3.866974     3.372750
    3.327829     4.090540     3.866974
    5.303332     3.327829     4.090540
    4.826998     5.303332     3.327829
    4.289272     4.826998     5.303332
    2.677815     4.289272     4.826998
    2.483311     2.677815     4.289272
    2.591509     2.483311     2.677815
    2.501920     2.591509     2.483311
    2.891386     2.501920     2.591509
    2.786781     2.891386     2.501920
    2.854312     2.786781     2.891386
    4.863919     2.854312     2.786781
    2.941460     4.863919     2.854312
    5.256984     2.941460     4.863919
    3.279363     5.256984     2.941460
    3.921798     3.279363     5.256984
    6.155827     3.921798     3.279363
    5.002557     6.155827     3.921798
    4.050344     5.002557     6.155827
    3.265358     4.050344     5.002557
    4.657365     3.265358     4.050344
    3.391161     4.657365     3.265358
    4.041044     3.391161     4.657365
    5.561405     4.041044     3.391161
    5.700609     5.561405     4.041044
    5.740687     5.700609     5.561405
    5.249271     5.740687     5.700609
    5.206892     5.249271     5.740687
    5.879217     5.206892     5.249271
    3.667321     5.879217     5.206892
    4.793062     3.667321     5.879217
    6.107260     4.793062     3.667321
    6.047978     6.107260     4.793062
    5.895801     6.047978     6.107260
    3.550208     5.895801     6.047978
    4.744911     3.550208     5.895801
    4.590038     4.744911     3.550208
    3.658847     4.590038     4.744911
    3.607537     3.658847     4.590038
    1.902061     3.607537     3.658847
    2.274962     1.902061     3.607537
    1.965666     2.274962     1.902061
    3.657686     1.965666     2.274962
    5.098641     3.657686     1.965666
    3.014526     5.098641     3.657686
    2.566351     3.014526     5.098641
    3.295781     2.566351     3.014526
    3.847781     3.295781     2.566351
    0.592422     3.847781     3.295781
    3.229001     0.592422     3.847781
    2.043289     3.229001     0.592422
    1.724845     2.043289     3.229001
    3.218257     1.724845     2.043289
    2.235020     3.218257     1.724845
    1.385717     2.235020     3.218257
    2.434585     1.385717     2.235020
    3.326117     2.434585     1.385717
    3.781684     3.326117     2.434585
    3.146814     3.781684     3.326117
    4.723885     3.146814     3.781684
    4.214975     4.723885     3.146814
    4.839203     4.214975     4.723885
    5.698206     4.839203     4.214975
    5.360032     5.698206     4.839203
    4.570351     5.360032     5.698206
    2.185252     4.570351     5.360032
    1.617205     2.185252     4.570351
    1.724904     1.617205     2.185252
    3.110848     1.724904     1.617205
    2.183522     3.110848     1.724904
    3.352146     2.183522     3.110848
    4.479612     3.352146     2.183522
    5.211667     4.479612     3.352146
    5.151923     5.211667     4.479612
    4.666797     5.151923     5.211667
    5.151151     4.666797     5.151923
    4.936284     5.151151     4.666797
    4.229132     4.936284     5.151151
    3.665865     4.229132     4.936284
    3.164443     3.665865     4.229132
    2.522729     3.164443     3.665865
    4.041470     2.522729     3.164443
    3.160451     4.041470     2.522729
    3.656263     3.160451     4.041470
    4.200003     3.656263     3.160451
    3.571975     4.200003     3.656263
    3.249445     3.571975     4.200003
    4.380268     3.249445     3.571975
    4.500590     4.380268     3.249445
    6.595163     4.500590     4.380268
    5.714323     6.595163     4.500590
    7.373476     5.714323     6.595163
    6.082508     7.373476     5.714323
    5.461588     6.082508     7.373476
    4.745012     5.461588     6.082508
    4.668274     4.745012     5.461588
    3.497969     4.668274     4.745012
    5.115687     3.497969     4.668274
    4.200447     5.115687     3.497969
    4.148922     4.200447     5.115687
    2.972198     4.148922     4.200447
    4.592523     2.972198     4.148922
    4.740337     4.592523     2.972198
    4.681709     4.740337     4.592523
    2.756653     4.681709     4.740337
    2.850348     2.756653     4.681709
    2.385412     2.850348     2.756653
    2.850520     2.385412     2.850348
    3.595114     2.850520     2.385412
    3.193095     3.595114     2.850520
    4.174176     3.193095     3.595114
    3.866282     4.174176     3.193095
    3.737679     3.866282     4.174176
    3.090501     3.737679     3.866282
    4.108853     3.090501     3.737679
    3.887681     4.108853     3.090501
