    4.454638     3.907411     3.615849
    5.258129     4.454638     3.907411
    3.909959     5.258129     4.454638
    3.507767     3.909959     5.258129
    3.935891     3.507767     3.909959
    4.547651     3.935891     3.507767
    3.605885     4.547651     3.935891
    4.081106     3.605885     4.547651
    2.209673     4.081106     3.605885
    1.492656     2.209673     4.081106
    1.335547     1.492656     2.209673
    1.959402     1.335547     1.492656
    2.813753     1.959402     1.335547
    3.145154     2.813753     1.959402
    3.147653     3.145154     2.813753
    3.394703     3.147653     3.145154
    2.006336     3.394703     3.147653
    2.303951     2.006336     3.394703
    1.171969     2.303951     2.006336
    2.147255     1.171969     2.303951
    2.886813     2.147255     1.171969
    2.515436     2.886813     2.147255
    1.408375     2.515436     2.886813
    1.966555     1.408375     2.515436
    2.991380     1.966555     1.408375
    3.770745     2.991380     1.966555
    3.923294     3.770745     2.991380
    2.635862     3.923294     3.770745
    2.026469     2.635862     3.923294
    0.857475     2.026469     2.635862
    2.248355     0.857475     2.026469
    2.622222     2.248355     0.857475
    3.224811     2.622222     2.248355
    3.636245     3.224811     2.622222
    3.396478     3.636245     3.224811
    3.453941     3.396478     3.636245
    3.296439     3.453941     3.396478
    2.229723     3.296439     3.453941
    2.290668     2.229723     3.296439
    2.851299     2.290668     2.229723
    3.132431     2.851299     2.290668
    3.405103     3.132431     2.851299
    3.564561     3.405103     3.132431
    4.043336     3.564561     3.405103
    2.616329     4.043336     3.564561
    3.914728     2.616329     4.043336
    3.047029     3.914728     2.616329
    3.540483     3.047029     3.914728
    3.247477     3.540483     3.047029
    3.480462     3.247477     3.540483
    3.986472     3.480462     3.247477
    4.752607     3.986472     3.480462
    5.075862     4.752607     3.986472
    5.371747     5.075862     4.752607
    5.142012     5.371747     5.075862
    4.683306     5.142012     5.371747
    3.214478     4.683306     5.142012
    5.311149     3.214478     4.683306
    5.268042     5.311149     3.214478
    3.557875     5.268042     5.311149
    2.426159     3.557875     5.268042
    3.744650     2.426159     3.557875
    3.965193     3.744650     2.426159
    4.369414     3.965193     3.744650
    4.736509     4.369414     3.965193
    3.728753     4.736509     4.369414
    3.030853     3.728753     4.736509
    3.553356     3.030853     3.728753
    3.049150     3.553356     3.030853
    4.920922     3.049150     3.553356
    4.704823     4.920922     3.049150
    4.507516     4.704823     4.920922
    3.689693     4.507516     4.704823
    2.586806     3.689693     4.507516
    1.371824     2.586806     3.689693
    1.086538     1.371824     2.586806
    0.789108     1.086538     1.371824
    2.714477     0.789108     1.086538
    3.322963     2.714477     0.789108
    5.191834     3.322963     2.714477
    4.638831     5.191834     3.322963
    3.495451     4.638831     5.191834
    3.771379     3.495451     4.638831
    6.296296     3.771379     3.495451
    6.509228     6.296296     3.771379
    4.948748     6.509228     6.296296
    3.908856     4.948748     6.509228
    3.778770     3.908856     4.948748
    4.555923     3.778770     3.908856
    3.578987     4.555923     3.778770
    3.563470     3.578987     4.555923
    2.917679     3.563470     3.578987
    2.087332     2.917679     3.563470
    0.465691     2.087332     2.917679
    0.984533     0.465691     2.087332
    0.965737     0.984533     0.465691
    0.968174     0.965737     0.984533
    1.863941     0.968174     0.965737
    2.279392     1.863941     0.968174
    1.898522     2.279392     1.863941
    3.917128     1.898522     2.279392
    3.501992     3.917128     1.898522
    1.674327     3.501992     3.917128
    3.533502     1.674327     3.501992
    3.384247     3.533502     1.674327
    2.323382     3.384247     3.533502
    4.580664     2.323382     3.384247
    3.158743     4.580664     2.323382
    4.586971     3.158743     4.580664
    1.665404     4.586971     3.158743
    2.086024     1.665404     4.586971
    2.686250     2.086024     1.665404
    3.420689     2.686250     2.086024
    4.513299     3.420689     2.686250
    1.815376     4.513299     3.420689
    1.571009     1.815376     4.513299
    0.965952     1.571009     1.815376
   -0.062404     0.965952     1.571009
    0.702805    -0.062404     0.965952
    1.171490     0.702805    -0.062404
    0.571134     1.171490     0.702805
    3.213564     0.571134     1.171490
    2.806165     3.213564     0.571134
    4.183257     2.806165     3.213564
    2.651651     4.183257     2.806165
    3.328348     2.651651     4.183257
    2.162465     3.328348     2.651651
    2.850011     2.162465     3.328348
    3.227302     2.850011     2.162465
    2.570751     3.227302     2.850011
    2.947665     2.570751     3.227302
    3.336589     2.947665     2.570751
    2.825871     3.336589     2.947665
    3.766658     2.825871     3.336589
    2.705260     3.766658     2.825871
    2.023495     2.705260     3.766658
    2.672432     2.023495     2.705260
    3.243928     2.672432     2.023495
    3.619315     3.243928     2.672432
    3.363314     3.619315     3.243928
    3.195786     3.363314     3.619315
    3.861229     3.195786     3.363314
    2.881996     3.861229     3.195786
    5.269333     2.881996     3.861229
    5.474559     5.269333     2.881996
    4.250953     5.474559     5.269333
    3.886253     4.250953     5.474559
    4.097838     3.886253     4.250953
    4.848376     4.097838     3.886253
    4.384329     4.848376     4.097838
    5.065097     4.384329     4.848376
    3.732320     5.065097     4.384329
    2.240904     3.732320     5.065097
    2.152559     2.240904     3.732320
    2.798149     2.152559     2.240904
    1.739448     2.798149     2.152559
   -0.096022     1.739448     2.798149
    3.137906    -0.096022     1.739448
    1.694477     3.137906    -0.096022
    1.976734     1.694477     3.137906
    2.512207     1.976734     1.694477
    1.969681     2.512207     1.976734
    2.782615     1.969681     2.512207
    0.277953     2.782615     1.969681
    2.118695     0.277953     2.782615
    2.288723     2.118695     0.277953
    2.737759     2.288723     2.118695
    3.978217     2.737759     2.288723
    4.093128     3.978217     2.737759
    4.287779     4.093128     3.978217
    4.639422     4.287779     4.093128
    4.041124     4.639422     4.287779
    4.523253     4.041124     4.639422
    3.786586     4.523253     4.041124
    4.915754     3.786586     4.523253
    2.412042     4.915754     3.786586
    2.840997     2.412042     4.915754
    4.244757     2.840997     2.412042
    4.335265     4.244757     2.840997
    3.051675     4.335265     4.244757
    2.359671     3.051675     4.335265
    2.121647     2.359671     3.051675
    3.721665     2.121647     2.359671
    4.298062     3.721665     2.121647
    4.604520     4.298062     3.721665
    3.260033     4.604520     4.298062
    4.622803     3.260033     4.604520
    4.996244     4.622803     3.260033
    1.711063     4.996244     4.622803
    2.258921     1.711063     4.996244
    2.620668     2.258921     1.711063
    2.034801     2.620668     2.258921
    3.010465     2.034801     2.620668
    2.527325     3.010465     2.034801
    3.506606     2.527325     3.010465
    2.924044     3.506606     2.527325
    2.606960     2.924044     3.506606
    4.048946     2.606960     2.924044
    3.963605     4.048946     2.606960
    4.594521     3.963605     4.048946
    4.561055     4.594521     3.963605
    5.054112     4.561055     4.594521
    3.679072     5.054112     4.561055
    5.283293     3.679072     5.054112
    4.439044     5.283293     3.679072
    3.507444     4.439044     5.283293
    2.767994     3.507444     4.439044
    3.038344     2.767994     3.507444
    3.644517     3.038344     2.767994
    3.473818     3.644517     3.038344
    2.690229     3.473818     3.644517
   -0.079278     2.690229     3.473818
    0.405783    -0.079278     2.690229
    1.736120     0.405783    -0.079278
    2.182667     1.736120     0.405783
    3.700371     2.182667     1.736120
    3.181777     3.700371     2.182667
    2.960750     3.181777     3.700371
    2.402536     2.960750     3.181777
    0.772981     2.402536     2.960750
    1.820943     0.772981     2.402536
    1.377136     1.820943     0.772981
    2.300062     1.377136     1.820943
    3.066159     2.300062     1.377136
    1.345731     3.066159     2.300062
   -0.102878     1.345731     3.066159
    1.760770    -0.102878     1.345731
    1.265064     1.760770    -0.102878
    0.913373     1.265064     1.760770
    1.941804     0.913373     1.265064
    1.033733     1.941804     0.913373
    2.950589     1.033733     1.941804
    1.313400     2.950589     1.033733
    0.542099     1.313400     2.950589
    1.497379     0.542099     1.313400
    1.031810     1.497379     0.542099
    2.220532     1.031810     1.497379
    0.454166     2.220532     1.031810
    0.790665     0.454166     2.220532
    2.333883     0.790665     0.454166
    1.509906     2.333883     0.790665
    3.547062     1.509906     2.333883
    1.870408     3.547062     1.509906
    3.920398     1.870408     3.547062
    3.368799     3.920398     1.870408
    3.071129     3.368799     3.920398
    4.229774     3.071129     3.368799
    1.942032     4.229774     3.071129
    2.262780     1.942032     4.229774
    3.645315     2.262780     1.942032
    3.906713     3.645315     2.262780
    2.929466     3.906713     3.645315
    5.443900     2.929466     3.906713
    4.955544     5.443900     2.929466
    6.628527     4.955544     5.443900
    5.895419     6.628527     4.955544
    4.639173     5.895419     6.628527
    4.716470     4.639173     5.895419
    3.840641     4.716470     4.639173
    4.684444     3.840641     4.716470
    4.487927     4.684444     3.840641
    5.062590     4.487927     4.684444
    4.905042     5.062590     4.487927
    3.328691     4.905042     5.062590
    5.546604     3.328691     4.905042
    3.675677     5.546604     3.328691
    3.240879     3.675677     5.546604
    1.987826     3.240879     3.675677
    1.803097     1.987826     3.240879
    1.382048     1.803097     1.987826
    1.820224     1.382048     1.803097
    2.142882     1.820224     1.382048
    2.350681     2.142882     1.820224
    0.746717     2.350681     2.142882
    1.698186     0.746717     2.350681
    2.706349     1.698186     0.746717
    3.395693     2.706349     1.698186
    4.218464     3.395693     2.706349
    2.478605     4.218464     3.395693
    3.439696     2.478605     4.218464
    2.101737     3.439696     2.478605
    2.018816     2.101737     3.439696
    3.436917     2.018816     2.101737
    5.061945     3.436917     2.018816
    2.743741     5.061945     3.436917
    1.923452     2.743741     5.061945
    1.971692     1.923452     2.743741
    3.455580     1.971692     1.923452
    3.082129     3.455580     1.971692
    3.576711     3.082129     3.455580
    2.199275     3.576711     3.082129
    3.986675     2.199275     3.576711
    2.314618     3.986675     2.199275
    0.413849     2.314618     3.986675
    2.780983     0.413849     2.314618
    2.858090     2.780983     0.413849
    1.966375     2.858090     2.780983
    4.254423     1.966375     2.858090
    3.980351     4.254423     1.966375
    4.302414     3.980351     4.254423
    3.983313     4.302414     3.980351
    4.757183     3.983313     4.302414
    6.439544     4.757183     3.983313
    6.713505     6.439544     4.757183
    4.547754     6.713505     6.439544
    5.211670     4.547754     6.713505
    2.279147     5.211670     4.547754
    0.114909     2.279147     5.211670
    1.767815     0.114909     2.279147
    2.976036     1.767815     0.114909
    4.275429     2.976036     1.767815
    3.932655     4.275429     2.976036
    4.301107     3.932655     4.275429
    5.042214     4.301107     3.932655
    5.331927     5.042214     4.301107
    3.871884     5.331927     5.042214
    3.185586     3.871884     5.331927
    3.697897     3.185586     3.871884
    3.756832     3.697897     3.185586
    4.434447     3.756832     3.697897
    5.583097     4.434447     3.756832
    4.580015     5.583097     4.434447
    3.714358     4.580015     5.583097
    3.534593     3.714358     4.580015
    4.589619     3.534593     3.714358
    5.211037     4.589619     3.534593
    3.812884     5.211037     4.589619
    4.531040     3.812884     5.211037
    4.310640     4.531040     3.812884
    4.118797     4.310640     4.531040
    4.395007     4.118797     4.310640
    5.023231     4.395007     4.118797
    4.867491     5.023231     4.395007
    5.254004     4.867491     5.023231
    3.735243     5.254004     4.867491
    2.904881     3.735243     5.254004
    4.183836     2.904881     3.735243
    2.439187     4.183836     2.904881
    2.375862     2.439187     4.183836
    2.250169     2.375862     2.439187
    2.895021     2.250169     2.375862
    3.289238     2.895021     2.250169
    2.613077     3.289238     2.895021
    4.632293     2.613077     3.289238
    4.147697     4.632293     2.613077
    4.840761     4.147697     4.632293
    4.895870     4.840761     4.147697
    5.914611     4.895870     4.840761
    5.415708     5.914611     4.895870
    4.441853     5.415708     5.914611
    3.628992     4.441853     5.415708
    4.847174     3.628992     4.441853
    5.085623     4.847174     3.628992
    5.641242     5.085623     4.847174
    5.324406     5.641242     5.085623
    3.159179     5.324406     5.641242
    3.923027     3.159179     5.324406
    4.049039     3.923027     3.159179
    2.601559     4.049039     3.923027
    3.012267     2.601559     4.049039
    3.386357     3.012267     2.601559
    2.654582     3.386357     3.012267
    2.230841     2.654582     3.386357
    1.507751     2.230841     2.654582
    1.827779     1.507751     2.230841
    3.525488     1.827779     1.507751
    4.176303     3.525488     1.827779
    2.832296     4.176303     3.525488
    3.574589     2.832296     4.176303
    4.558544     3.574589     2.832296
    3.344176     4.558544     3.574589
    1.919250     3.344176     4.558544
    3.682324     1.919250     3.344176
    1.875739     3.682324     1.919250
    2.365580     1.875739     3.682324
    2.293439     2.365580     1.875739
    1.679899     2.293439     2.365580
    2.829799     1.679899     2.293439
    4.008958     2.829799     1.679899
    4.153186     4.008958     2.829799
    4.652468     4.153186     4.008958
    5.957358     4.652468     4.153186
    4.967199     5.957358     4.652468
    4.728087     4.967199     5.957358
    5.493910     4.728087     4.967199
    5.361085     5.493910     4.728087
    4.240833     5.361085     5.493910
    4.293420     4.240833     5.361085
    3.157030     4.293420     4.240833
    2.189346     3.157030     4.293420
    1.904203     2.189346     3.157030
    0.698650     1.904203     2.189346
    1.333019     0.698650     1.904203
    1.202153     1.333019     0.698650
    1.411709     1.202153     1.333019
    1.580171     1.411709     1.202153
    2.450554     1.580171     1.411709
    1.109099     2.450554     1.580171
    1.123320     1.109099     2.450554
    1.673404     1.123320     1.109099
   -0.178015     1.673404     1.123320
    1.097827    -0.178015     1.673404
    2.385521     1.097827    -0.178015
    2.436247     2.385521     1.097827
    3.236115     2.436247     2.385521
    3.839073     3.236115     2.436247
    3.126856     3.839073     3.236115
    3.013051     3.126856     3.839073
    2.987908     3.013051     3.126856
    1.126659     2.987908     3.013051
    0.954348     1.126659     2.987908
    0.288728     0.954348     1.126659
    2.733054     0.288728     0.954348
    2.000025     2.733054     0.288728
    3.142961     2.000025     2.733054
    2.379010     3.142961     2.000025
    3.071303     2.379010     3.142961
    5.212541     3.071303     2.379010
    4.687477     5.212541     3.071303
    3.600339     4.687477     5.212541
    3.035258     3.600339     4.687477
    2.815964     3.035258     3.600339
    2.408460     2.815964     3.035258
    0.700387     2.408460     2.815964
    1.268475     0.700387     2.408460
    2.623730     1.268475     0.700387
    3.412017     2.623730     1.268475
    3.344054     3.412017     2.623730
    3.950543     3.344054     3.412017
    4.693396     3.950543     3.344054
    4.901181     4.693396     3.950543
    4.937841     4.901181     4.693396
    5.110045     4.937841     4.901181
    5.463335     5.110045     4.937841
    3.812399     5.463335     5.110045
    3.246176     3.812399     5.463335
    3.042886     3.246176     3.812399
    3.065764     3.042886     3.246176
    3.192250     3.065764     3.042886
    2.133522     3.192250     3.065764
    3.157654     2.133522     3.192250
    2.586403     3.157654     2.133522
    2.319727     2.586403     3.157654
    4.351670     2.319727     2.586403
    4.037847     4.351670     2.319727
    5.481289     4.037847     4.351670
    5.251658     5.481289     4.037847
    3.612369     5.251658     5.481289
    3.057000     3.612369     5.251658
    1.585079     3.057000     3.612369
    3.890943     1.585079     3.057000
    2.487541     3.890943     1.585079
    3.238760     2.487541     3.890943
    2.551175     3.238760     2.487541
    1.984387     2.551175     3.238760
    1.229337     1.984387     2.551175
    2.457704     1.229337     1.984387
    3.823355     2.457704     1.229337
    3.695325     3.823355     2.457704
    4.465676     3.695325     3.823355
    3.801746     4.465676     3.695325
    3.848668     3.801746     4.465676
    3.918535     3.848668     3.801746
    2.650196     3.918535     3.848668
    4.191399     2.650196     3.918535
    2.796543     4.191399     2.650196
    3.640570     2.796543     4.191399
    2.912411     3.640570     2.796543
    2.802257     2.912411     3.640570
    3.208490     2.802257     2.912411
    5.714735     3.208490     2.802257
    4.231143     5.714735     3.208490
    3.852267     4.231143     5.714735
    5.349019     3.852267     4.231143
    4.199617     5.349019     3.852267
    4.630076     4.199617     5.349019
    3.698018     4.630076     4.199617
    4.584167     3.698018     4.630076
    3.111204     4.584167     3.698018
    3.044982     3.111204     4.584167
    3.758605     3.044982     3.111204
    4.420723     3.758605     3.044982
    3.517269     4.420723     3.758605
    3.433567     3.517269     4.420723
    3.890769     3.433567     3.517269
    5.447735     3.890769     3.433567
    4.702577     5.447735     3.890769
    3.691180     4.702577     5.447735
    2.660414     3.691180     4.702577
    1.388967     2.660414     3.691180
    1.615287     1.388967     2.660414
    1.457839     1.615287     1.388967
    2.380251     1.457839     1.615287
    2.318293     2.380251     1.457839
    2.270007     2.318293     2.380251
    2.598590     2.270007     2.318293
    4.044801     2.598590     2.270007
    4.191544     4.044801     2.598590
    4.461736     4.191544     4.044801
    5.334639     4.461736     4.191544
