    2.427907     1.195414     1.108504
    1.747545     2.427907     1.195414
    2.647223     1.747545     2.427907
    3.460166     2.647223     1.747545
    3.833664     3.460166     2.647223
    3.841879     3.833664     3.460166
    3.253020     3.841879     3.833664
    2.991649     3.253020     3.841879
    3.453635     2.991649     3.253020
    3.319072     3.453635     2.991649
    3.977246     3.319072     3.453635
    2.574320     3.977246     3.319072
    4.407951     2.574320     3.977246
    2.526914     4.407951     2.574320
    2.970069     2.526914     4.407951
    2.215048     2.970069     2.526914
    1.397551     2.215048     2.970069
    1.597045     1.397551     2.215048
    1.439194     1.597045     1.397551
    1.762652     1.439194     1.597045
    2.990518     1.762652     1.439194
    2.695514     2.990518     1.762652
    6.018452     2.695514     2.990518
    3.913091     6.018452     2.695514
    4.340336     3.913091     6.018452
    5.270932     4.340336     3.913091
    6.038319     5.270932     4.340336
    5.048148     6.038319     5.270932
    7.291127     5.048148     6.038319
    6.597375     7.291127     5.048148
    5.936913     6.597375     7.291127
    4.050015     5.936913     6.597375
    4.077225     4.050015     5.936913
    4.060929     4.077225     4.050015
    3.895390     4.060929     4.077225
    3.565825     3.895390     4.060929
    3.554804     3.565825     3.895390
    2.918825     3.554804     3.565825
    2.872315     2.918825     3.554804
    2.130239     2.872315     2.918825
    0.892755     2.130239     2.872315
    3.047809     0.892755     2.130239
    4.117677     3.047809     0.892755
    4.774667     4.117677     3.047809
    4.611221     4.774667     4.117677
    3.484443     4.611221     4.774667
    5.144486     3.484443     4.611221
    4.035991     5.144486     3.484443
    6.339509     4.035991     5.144486
    5.661600     6.339509     4.035991
    6.227235     5.661600     6.339509
    4.390126     6.227235     5.661600
    4.241945     4.390126     6.227235
    5.128812     4.241945     4.390126
    3.012337     5.128812     4.241945
    5.055487     3.012337     5.128812
    4.187806     5.055487     3.012337
    3.866465     4.187806     5.055487
    2.755204     3.866465     4.187806
    3.232456     2.755204     3.866465
    2.829678     3.232456     2.755204
    4.116605     2.829678     3.232456
    4.286700     4.116605     2.829678
    2.193656     4.286700     4.116605
    2.826560     2.193656     4.286700
    2.776789     2.826560     2.193656
    2.173070     2.776789     2.826560
    2.371332     2.173070     2.776789
    2.739203     2.371332     2.173070
    1.993236     2.739203     2.371332
    2.233375     1.993236     2.739203
    3.192180     2.233375     1.993236
    2.707011     3.192180     2.233375
    1.898366     2.707011     3.192180
    3.414064     1.898366     2.707011
    3.329199     3.414064     1.898366
    2.355585     3.329199     3.414064
    2.012641     2.355585     3.329199
    2.048108     2.012641     2.355585
    2.084692     2.048108     2.012641
    3.353852     2.084692     2.048108
    2.581534     3.353852     2.084692
    3.017129     2.581534     3.353852
    3.953698     3.017129     2.581534
    3.583964     3.953698     3.017129
    3.080274     3.583964     3.953698
    4.534847     3.080274     3.583964
    3.456814     4.534847     3.080274
    3.137944     3.456814     4.534847
    3.784347     3.137944     3.456814
    1.494372     3.784347     3.137944
    2.840708     1.494372     3.784347
    2.588436     2.840708     1.494372
    2.211604     2.588436     2.840708
    1.679318     2.211604     2.588436
    3.551414     1.679318     2.211604
    1.599520     3.551414     1.679318
    1.702306     1.599520     3.551414
    3.407533     1.702306     1.599520
    3.047761     3.407533     1.702306
    3.148623     3.047761     3.407533
    2.765388     3.148623     3.047761
    4.066977     2.765388     3.148623
    4.047594     4.066977     2.765388
    4.266740     4.047594     4.066977
    5.931646     4.266740     4.047594
    4.184287     5.931646     4.266740
    4.381837     4.184287     5.931646
    3.145775     4.381837     4.184287
    4.420424     3.145775     4.381837
    2.457347     4.420424     3.145775
    3.361795     2.457347     4.420424
    3.498558     3.361795     2.457347
    3.410281     3.498558     3.361795
    3.428868     3.410281     3.498558
    3.133271     3.428868     3.410281
    5.151651     3.133271     3.428868
    4.105675     5.151651     3.133271
    5.605206     4.105675     5.151651
    5.523616     5.605206     4.105675
    3.359962     5.523616     5.605206
    4.998419     3.359962     5.523616
    4.982664     4.998419     3.359962
    4.524910     4.982664     4.998419
    2.633982     4.524910     4.982664
    3.725292     2.633982     4.524910
    1.776467     3.725292     2.633982
    1.833925     1.776467     3.725292
    0.565051     1.833925     1.776467
    1.603796     0.565051     1.833925
    1.460479     1.603796     0.565051
    0.387212     1.460479     1.603796
    0.586372     0.387212     1.460479
   -0.644819     0.586372     0.387212
   -0.179350    -0.644819     0.586372
    1.178571    -0.179350    -0.644819
    1.505266     1.178571    -0.179350
    2.033220     1.505266     1.178571
    2.345843     2.033220     1.505266
    2.270075     2.345843     2.033220
    0.383015     2.270075     2.345843
    2.114066     0.383015     2.270075
    2.967107     2.114066     0.383015
    4.453529     2.967107     2.114066
    3.790620     4.453529     2.967107
    2.268622     3.790620     4.453529
    2.623689     2.268622     3.790620
    2.684643     2.623689     2.268622
    2.633889     2.684643     2.623689
    3.367056     2.633889     2.684643
    3.408161     3.367056     2.633889
    2.466656     3.408161     3.367056
    1.933876     2.466656     3.408161
    1.713729     1.933876     2.466656
    2.751048     1.713729     1.933876
    2.291084     2.751048     1.713729
    3.311376     2.291084     2.751048
    3.843529     3.311376     2.291084
    1.970767     3.843529     3.311376
    2.321819     1.970767     3.843529
    3.692808     2.321819     1.970767
    3.204654     3.692808     2.321819
    2.939001     3.204654     3.692808
    3.968384     2.939001     3.204654
    3.286499     3.968384     2.939001
    3.791388     3.286499     3.968384
    5.573472     3.791388     3.286499
    3.746103     5.573472     3.791388
    3.832592     3.746103     5.573472
    2.603414     3.832592     3.746103
    3.290031     2.603414     3.832592
    1.906302     3.290031     2.603414
    1.434387     1.906302     3.290031
    2.266235     1.434387     1.906302
    1.698346     2.266235     1.434387
    1.558134     1.698346     2.266235
    3.121315     1.558134     1.698346
    3.167851     3.121315     1.558134
    3.261183     3.167851     3.121315
    2.029299     3.261183     3.167851
    0.839701     2.029299     3.261183
    0.758543     0.839701     2.029299
    0.575437     0.758543     0.839701
    3.426624     0.575437     0.758543
    2.020444     3.426624     0.575437
    2.893916     2.020444     3.426624
    3.638069     2.893916     2.020444
    2.477888     3.638069     2.893916
    3.943058     2.477888     3.638069
    4.523082     3.943058     2.477888
    3.478726     4.523082     3.943058
    2.544036     3.478726     4.523082
    2.847723     2.544036     3.478726
    2.440808     2.847723     2.544036
    3.052349     2.440808     2.847723
    2.944840     3.052349     2.440808
    2.438559     2.944840     3.052349
    2.465283     2.438559     2.944840
    3.589022     2.465283     2.438559
    3.006311     3.589022     2.465283
    4.490366     3.006311     3.589022
    3.958169     4.490366     3.006311
    5.144452     3.958169     4.490366
    4.649306     5.144452     3.958169
    4.944348     4.649306     5.144452
    4.241290     4.944348     4.649306
    5.492740     4.241290     4.944348
    2.141929     5.492740     4.241290
    3.928387     2.141929     5.492740
    2.443947     3.928387     2.141929
    2.678360     2.443947     3.928387
    4.659823     2.678360     2.443947
    2.166602     4.659823     2.678360
    0.665028     2.166602     4.659823
    0.507841     0.665028     2.166602
    0.305962     0.507841     0.665028
    0.901092     0.305962     0.507841
   -0.042269     0.901092     0.305962
    1.189924    -0.042269     0.901092
    2.081005     1.189924    -0.042269
    1.932614     2.081005     1.189924
    4.708514     1.932614     2.081005
    4.470796     4.708514     1.932614
    4.605409     4.470796     4.708514
    3.654889     4.605409     4.470796
    3.778165     3.654889     4.605409
    4.755220     3.778165     3.654889
    5.353884     4.755220     3.778165
    2.970882     5.353884     4.755220
    4.901019     2.970882     5.353884
    4.106894     4.901019     2.970882
    4.784185     4.106894     4.901019
    5.252524     4.784185     4.106894
    3.819531     5.252524     4.784185
    1.243422     3.819531     5.252524
    1.799008     1.243422     3.819531
    3.239943     1.799008     1.243422
    2.045479     3.239943     1.799008
    3.462617     2.045479     3.239943
    2.319153     3.462617     2.045479
    2.279282     2.319153     3.462617
    2.119984     2.279282     2.319153
    2.415396     2.119984     2.279282
    2.487466     2.415396     2.119984
    3.628193     2.487466     2.415396
    2.523847     3.628193     2.487466
    3.654634     2.523847     3.628193
    3.334104     3.654634     2.523847
    2.598249     3.334104     3.654634
    3.824418     2.598249     3.334104
    5.684240     3.824418     2.598249
    5.478729     5.684240     3.824418
    5.362404     5.478729     5.684240
    5.047040     5.362404     5.478729
    4.921543     5.047040     5.362404
    3.966115     4.921543     5.047040
    3.899537     3.966115     4.921543
    5.076116     3.899537     3.966115
    4.405726     5.076116     3.899537
    3.393627     4.405726     5.076116
    2.948606     3.393627     4.405726
    4.104432     2.948606     3.393627
    3.838237     4.104432     2.948606
    4.049762     3.838237     4.104432
    4.835706     4.049762     3.838237
    3.148561     4.835706     4.049762
    2.937458     3.148561     4.835706
    4.656294     2.937458     3.148561
    2.556185     4.656294     2.937458
    3.817079     2.556185     4.656294
    2.421226     3.817079     2.556185
    2.500895     2.421226     3.817079
    2.032997     2.500895     2.421226
    1.990273     2.032997     2.500895
    3.040362     1.990273     2.032997
    1.955062     3.040362     1.990273
    2.433138     1.955062     3.040362
    1.830975     2.433138     1.955062
    2.330824     1.830975     2.433138
    4.120732     2.330824     1.830975
    3.353025     4.120732     2.330824
    3.730381     3.353025     4.120732
    3.780864     3.730381     3.353025
    4.564341     3.780864     3.730381
    3.678474     4.564341     3.780864
    6.114652     3.678474     4.564341
    5.511293     6.114652     3.678474
    5.569176     5.511293     6.114652
    5.186675     5.569176     5.511293
    3.246163     5.186675     5.569176
    3.528384     3.246163     5.186675
    4.640461     3.528384     3.246163
    4.559971     4.640461     3.528384
    5.545065     4.559971     4.640461
    4.808003     5.545065     4.559971
    3.786431     4.808003     5.545065
    3.809401     3.786431     4.808003
    3.558544     3.809401     3.786431
    3.042880     3.558544     3.809401
    2.711516     3.042880     3.558544
    2.788703     2.711516     3.042880
    2.419945     2.788703     2.711516
    1.769931     2.419945     2.788703
    3.030920     1.769931     2.419945
    1.980382     3.030920     1.769931
    1.530525     1.980382     3.030920
   -0.491136     1.530525     1.980382
    1.610138    -0.491136     1.530525
    1.876783     1.610138    -0.491136
    1.758567     1.876783     1.610138
    0.888268     1.758567     1.876783
    2.515781     0.888268     1.758567
    2.133867     2.515781     0.888268
    1.864898     2.133867     2.515781
    1.234635     1.864898     2.133867
    2.105452     1.234635     1.864898
    1.193075     2.105452     1.234635
    0.875063     1.193075     2.105452
    1.583867     0.875063     1.193075
    2.854711     1.583867     0.875063
    2.377033     2.854711     1.583867
    3.601386     2.377033     2.854711
    3.761941     3.601386     2.377033
    2.739985     3.761941     3.601386
    2.540935     2.739985     3.761941
    2.848800     2.540935     2.739985
    0.827406     2.848800     2.540935
    1.202409     0.827406     2.848800
    2.372803     1.202409     0.827406
    2.216748     2.372803     1.202409
    2.088200     2.216748     2.372803
    2.773372     2.088200     2.216748
    3.549507     2.773372     2.088200
    4.882429     3.549507     2.773372
    4.755377     4.882429     3.549507
    5.365242     4.755377     4.882429
    4.499193     5.365242     4.755377
    4.129177     4.499193     5.365242
    3.309793     4.129177     4.499193
    1.363049     3.309793     4.129177
    2.392275     1.363049     3.309793
    1.517276     2.392275     1.363049
    2.786141     1.517276     2.392275
    3.795416     2.786141     1.517276
    3.018654     3.795416     2.786141
    2.917170     3.018654     3.795416
    4.319380     2.917170     3.018654
    2.950433     4.319380     2.917170
    5.403275     2.950433     4.319380
    4.238559     5.403275     2.950433
    4.154271     4.238559     5.403275
    3.529736     4.154271     4.238559
    4.576700     3.529736     4.154271
    4.624302     4.576700     3.529736
    5.175198     4.624302     4.576700
    4.348729     5.175198     4.624302
    4.948715     4.348729     5.175198
    1.422120     4.948715     4.348729
    2.988686     1.422120     4.948715
    3.266689     2.988686     1.422120
    2.122306     3.266689     2.988686
    4.172639     2.122306     3.266689
    3.137337     4.172639     2.122306
    3.358067     3.137337     4.172639
    3.844861     3.358067     3.137337
    3.553012     3.844861     3.358067
    3.687811     3.553012     3.844861
    3.108435     3.687811     3.553012
    2.541639     3.108435     3.687811
    2.208981     2.541639     3.108435
    2.596827     2.208981     2.541639
    2.639865     2.596827     2.208981
    3.814447     2.639865     2.596827
    3.072049     3.814447     2.639865
    1.270929     3.072049     3.814447
    2.428411     1.270929     3.072049
    2.649589     2.428411     1.270929
    3.518347     2.649589     2.428411
    4.717925     3.518347     2.649589
    2.510723     4.717925     3.518347
    3.409106     2.510723     4.717925
    4.452416     3.409106     2.510723
    3.341260     4.452416     3.409106
    3.954722     3.341260     4.452416
    1.824776     3.954722     3.341260
    1.612380     1.824776     3.954722
    1.886301     1.612380     1.824776
    3.335226     1.886301     1.612380
    2.569936     3.335226     1.886301
    3.558905     2.569936     3.335226
    4.479388     3.558905     2.569936
    3.926453     4.479388     3.558905
    3.382524     3.926453     4.479388
    4.006594     3.382524     3.926453
    3.049949     4.006594     3.382524
    3.639056     3.049949     4.006594
    3.775943     3.639056     3.049949
    1.526939     3.775943     3.639056
    2.962432     1.526939     3.775943
    0.439016     2.962432     1.526939
   -0.122632     0.439016     2.962432
    1.614071    -0.122632     0.439016
    0.695030     1.614071    -0.122632
    0.101506     0.695030     1.614071
    1.255706     0.101506     0.695030
    2.017508     1.255706     0.101506
    2.382942     2.017508     1.255706
    4.069966     2.382942     2.017508
    3.306035     4.069966     2.382942
    4.615420     3.306035     4.069966
    2.939983     4.615420     3.306035
    3.398465     2.939983     4.615420
    3.846391     3.398465     2.939983
    3.034148     3.846391     3.398465
    4.607639     3.034148     3.846391
    2.314072     4.607639     3.034148
    2.694011     2.314072     4.607639
    2.826591     2.694011     2.314072
    2.905273     2.826591     2.694011
    1.863533     2.905273     2.826591
    3.295326     1.863533     2.905273
    3.502908     3.295326     1.863533
    4.375088     3.502908     3.295326
    3.064178     4.375088     3.502908
    3.094983     3.064178     4.375088
    5.317597     3.094983     3.064178
    4.402613     5.317597     3.094983
    4.561488     4.402613     5.317597
    4.903654     4.561488     4.402613
    3.813826     4.903654     4.561488
    5.365957     3.813826     4.903654
    3.583044     5.365957     3.813826
    3.238097     3.583044     5.365957
    2.318594     3.238097     3.583044
    2.428321     2.318594     3.238097
    2.275214     2.428321     2.318594
    1.008967     2.275214     2.428321
    1.304211     1.008967     2.275214
    2.614085     1.304211     1.008967
    1.726477     2.614085     1.304211
    1.384698     1.726477     2.614085
    3.453227     1.384698     1.726477
    2.370272     3.453227     1.384698
    4.997178     2.370272     3.453227
    3.761686     4.997178     2.370272
    5.474879     3.761686     4.997178
    3.843434     5.474879     3.761686
    5.258830     3.843434     5.474879
    4.720278     5.258830     3.843434
    4.284380     4.720278     5.258830
    4.779637     4.284380     4.720278
    4.931617     4.779637     4.284380
    4.205465     4.931617     4.779637
    3.825506     4.205465     4.931617
    4.562142     3.825506     4.205465
    5.074526     4.562142     3.825506
    4.985301     5.074526     4.562142
    4.552108     4.985301     5.074526
    3.830111     4.552108     4.985301
    4.832492     3.830111     4.552108
    4.771025     4.832492     3.830111
    3.306389     4.771025     4.832492
    4.531004     3.306389     4.771025
    2.227119     4.531004     3.306389
    2.874354     2.227119     4.531004
    3.400147     2.874354     2.227119
    3.861587     3.400147     2.874354
    3.354359     3.861587     3.400147
    4.400993     3.354359     3.861587
    3.472546     4.400993     3.354359
    3.866025     3.472546     4.400993
    4.017845     3.866025     3.472546
    4.298169     4.017845     3.866025
    4.762685     4.298169     4.017845
    4.355770     4.762685     4.298169
    4.232245     4.355770     4.762685
    5.453601     4.232245     4.355770
    6.920995     5.453601     4.232245
    6.594705     6.920995     5.453601
    6.151011     6.594705     6.920995
    4.003863     6.151011     6.594705
    4.380223     4.003863     6.151011
    4.685138     4.380223     4.003863
    5.269282     4.685138     4.380223
    5.937363     5.269282     4.685138
    5.636400     5.937363     5.269282
    6.795523     5.636400     5.937363
    5.610952     6.795523     5.636400
    4.341022     5.610952     6.795523
    4.636148     4.341022     5.610952
    7.195016     4.636148     4.341022
    5.377720     7.195016     4.636148
    5.085722     5.377720     7.195016
    4.510080     5.085722     5.377720
    4.259379     4.510080     5.085722
    5.424936     4.259379     4.510080
    3.407405     5.424936     4.259379
    3.805672     3.407405     5.424936
    2.910909     3.805672     3.407405
    4.650870     2.910909     3.805672
