    4.281324     3.775231     4.983596
    2.622774     4.281324     3.775231
    2.536430     2.622774     4.281324
    4.540798     2.536430     2.622774
    2.284414     4.540798     2.536430
    1.050899     2.284414     4.540798
    2.044907     1.050899     2.284414
    1.699591     2.044907     1.050899
    2.565798     1.699591     2.044907
    3.622823     2.565798     1.699591
    5.485029     3.622823     2.565798
    4.483198     5.485029     3.622823
    4.356746     4.483198     5.485029
    4.630260     4.356746     4.483198
    3.980937     4.630260     4.356746
    2.959977     3.980937     4.630260
    2.395232     2.959977     3.980937
    0.087033     2.395232     2.959977
   -0.376707     0.087033     2.395232
    1.549869    -0.376707     0.087033
    1.561062     1.549869    -0.376707
    1.618642     1.561062     1.549869
    1.105091     1.618642     1.561062
    2.447491     1.105091     1.618642
    1.355966     2.447491     1.105091
    0.643199     1.355966     2.447491
    2.221666     0.643199     1.355966
    2.012165     2.221666     0.643199
    1.346279     2.012165     2.221666
    1.876101     1.346279     2.012165
    1.197524     1.876101     1.346279
    2.321153     1.197524     1.876101
    4.395421     2.321153     1.197524
    4.124919     4.395421     2.321153
    4.527263     4.124919     4.395421
    5.390373     4.527263     4.124919
    5.827404     5.390373     4.527263
    5.409714     5.827404     5.390373
    4.905218     5.409714     5.827404
    3.546702     4.905218     5.409714
    3.916300     3.546702     4.905218
    3.806959     3.916300     3.546702
    3.357785     3.806959     3.916300
    4.833182     3.357785     3.806959
    3.547298     4.833182     3.357785
    2.612336     3.547298     4.833182
    2.741935     2.612336     3.547298
    3.253198     2.741935     2.612336
    3.831890     3.253198     2.741935
    2.865113     3.831890     3.253198
    5.042870     2.865113     3.831890
    3.427116     5.042870     2.865113
    4.334072     3.427116     5.042870
    4.697832     4.334072     3.427116
    2.938471     4.697832     4.334072
    3.568235     2.938471     4.697832
    2.946309     3.568235     2.938471
    2.955631     2.946309     3.568235
    3.912509     2.955631     2.946309
    5.510977     3.912509     2.955631
    3.448991     5.510977     3.912509
    4.623400     3.448991     5.510977
    6.007755     4.623400     3.448991
    3.745084     6.007755     4.623400
    3.138714     3.745084     6.007755
    2.085780     3.138714     3.745084
    2.017919     2.085780     3.138714
    3.963603     2.017919     2.085780
    3.277434     3.963603     2.017919
    2.922107     3.277434     3.963603
    2.422022     2.922107     3.277434
    1.789470     2.422022     2.922107
    1.050995     1.789470     2.422022
    3.051107     1.050995     1.789470
    4.711214     3.051107     1.050995
    4.350336     4.711214     3.051107
    2.861695     4.350336     4.711214
    2.784618     2.861695     4.350336
    2.918482     2.784618     2.861695
    2.321062     2.918482     2.784618
    2.838665     2.321062     2.918482
    3.070811     2.838665     2.321062
    0.881885     3.070811     2.838665
    3.017764     0.881885     3.070811
    4.430867     3.017764     0.881885
    5.999979     4.430867     3.017764
    4.148301     5.999979     4.430867
    4.258546     4.148301     5.999979
    3.504560     4.258546     4.148301
    2.292177     3.504560     4.258546
    2.503363     2.292177     3.504560
    2.065471     2.503363     2.292177
    1.990464     2.065471     2.503363
    3.170061     1.990464     2.065471
    2.679628     3.170061     1.990464
    2.541113     2.679628     3.170061
    4.104091     2.541113     2.679628
    4.951968     4.104091     2.541113
    3.934054     4.951968     4.104091
    3.123399     3.934054     4.951968
    3.452475     3.123399     3.934054
    3.258341     3.452475     3.123399
    3.029144     3.258341     3.452475
    2.655127     3.029144     3.258341
    2.542374     2.655127     3.029144
    2.315507     2.542374     2.655127
    1.461918     2.315507     2.542374
    1.168275     1.461918     2.315507
    1.277708     1.168275     1.461918
    1.941153     1.277708     1.168275
    0.350885     1.941153     1.277708
    0.604891     0.350885     1.941153
    0.939285     0.604891     0.350885
    2.915951     0.939285     0.604891
    0.656906     2.915951     0.939285
    0.991327     0.656906     2.915951
    2.943422     0.991327     0.656906
    3.481071     2.943422     0.991327
    1.855065     3.481071     2.943422
    3.356804     1.855065     3.481071
    4.058984     3.356804     1.855065
    3.134015     4.058984     3.356804
    3.768678     3.134015     4.058984
    2.274073     3.768678     3.134015
    2.788037     2.274073     3.768678
    2.243995     2.788037     2.274073
    2.050319     2.243995     2.788037
    2.970148     2.050319     2.243995
    0.779470     2.970148     2.050319
    1.807415     0.779470     2.970148
   -0.498826     1.807415     0.779470
   -0.608656    -0.498826     1.807415
    1.052370    -0.608656    -0.498826
    0.512512     1.052370    -0.608656
    2.475275     0.512512     1.052370
    2.183150     2.475275     0.512512
    2.526833     2.183150     2.475275
    4.029940     2.526833     2.183150
    4.573106     4.029940     2.526833
    5.500252     4.573106     4.029940
    4.307719     5.500252     4.573106
    4.198817     4.307719     5.500252
    2.990892     4.198817     4.307719
    3.216295     2.990892     4.198817
    2.810123     3.216295     2.990892
    2.998892     2.810123     3.216295
    3.440014     2.998892     2.810123
    2.277535     3.440014     2.998892
    0.705381     2.277535     3.440014
    1.841562     0.705381     2.277535
    1.779544     1.841562     0.705381
    1.956358     1.779544     1.841562
    1.226073     1.956358     1.779544
    2.270120     1.226073     1.956358
    1.492212     2.270120     1.226073
    2.954207     1.492212     2.270120
    2.778402     2.954207     1.492212
    3.542984     2.778402     2.954207
    2.459732     3.542984     2.778402
    4.422732     2.459732     3.542984
    2.742867     4.422732     2.459732
    2.996290     2.742867     4.422732
    1.039209     2.996290     2.742867
    2.422363     1.039209     2.996290
    1.807936     2.422363     1.039209
    3.583669     1.807936     2.422363
    2.428726     3.583669     1.807936
    1.240028     2.428726     3.583669
    2.837932     1.240028     2.428726
    1.409554     2.837932     1.240028
    1.795816     1.409554     2.837932
    2.604803     1.795816     1.409554
    1.894714     2.604803     1.795816
    2.529985     1.894714     2.604803
    2.898294     2.529985     1.894714
    2.461146     2.898294     2.529985
    3.310921     2.461146     2.898294
    2.645328     3.310921     2.461146
    4.400043     2.645328     3.310921
    1.362586     4.400043     2.645328
    2.548954     1.362586     4.400043
    3.843131     2.548954     1.362586
    3.251725     3.843131     2.548954
    4.899666     3.251725     3.843131
    3.810068     4.899666     3.251725
    5.104834     3.810068     4.899666
    4.507463     5.104834     3.810068
    2.863841     4.507463     5.104834
    1.919777     2.863841     4.507463
    1.316636     1.919777     2.863841
    3.905155     1.316636     1.919777
    2.502762     3.905155     1.316636
    3.013714     2.502762     3.905155
    3.235122     3.013714     2.502762
    4.030646     3.235122     3.013714
    3.920583     4.030646     3.235122
    5.325013     3.920583     4.030646
    4.584011     5.325013     3.920583
    3.409447     4.584011     5.325013
    1.590954     3.409447     4.584011
    1.447743     1.590954     3.409447
    1.636116     1.447743     1.590954
    1.014820     1.636116     1.447743
    1.250009     1.014820     1.636116
    2.269560     1.250009     1.014820
    3.141776     2.269560     1.250009
    0.924628     3.141776     2.269560
    1.995401     0.924628     3.141776
    1.582951     1.995401     0.924628
    2.451086     1.582951     1.995401
    2.244783     2.451086     1.582951
    2.585241     2.244783     2.451086
    2.349577     2.585241     2.244783
    0.942931     2.349577     2.585241
    1.710097     0.942931     2.349577
    3.450929     1.710097     0.942931
    1.504939     3.450929     1.710097
    2.064861     1.504939     3.450929
    2.607081     2.064861     1.504939
    1.798098     2.607081     2.064861
    3.656806     1.798098     2.607081
    5.423711     3.656806     1.798098
    5.798134     5.423711     3.656806
    5.017112     5.798134     5.423711
    5.176053     5.017112     5.798134
    4.562203     5.176053     5.017112
    3.984856     4.562203     5.176053
    3.150866     3.984856     4.562203
    2.868583     3.150866     3.984856
    3.220999     2.868583     3.150866
    3.933025     3.220999     2.868583
    5.068388     3.933025     3.220999
    4.590787     5.068388     3.933025
    4.446557     4.590787     5.068388
    5.583937     4.446557     4.590787
    3.514438     5.583937     4.446557
    5.250651     3.514438     5.583937
    4.955050     5.250651     3.514438
    3.729907     4.955050     5.250651
    5.564893     3.729907     4.955050
    4.707131     5.564893     3.729907
    2.832982     4.707131     5.564893
    1.948519     2.832982     4.707131
    3.190685     1.948519     2.832982
    2.811484     3.190685     1.948519
    4.590200     2.811484     3.190685
    2.828107     4.590200     2.811484
    3.798946     2.828107     4.590200
    4.206425     3.798946     2.828107
    4.114441     4.206425     3.798946
    5.163758     4.114441     4.206425
    3.549701     5.163758     4.114441
    6.029462     3.549701     5.163758
    5.333500     6.029462     3.549701
    6.308634     5.333500     6.029462
    6.016471     6.308634     5.333500
    5.721248     6.016471     6.308634
    6.464184     5.721248     6.016471
    5.137450     6.464184     5.721248
    4.177046     5.137450     6.464184
    3.839364     4.177046     5.137450
    2.607501     3.839364     4.177046
    3.435107     2.607501     3.839364
    3.402401     3.435107     2.607501
    3.070073     3.402401     3.435107
    3.437266     3.070073     3.402401
    1.727824     3.437266     3.070073
    3.244110     1.727824     3.437266
    3.602408     3.244110     1.727824
    3.798113     3.602408     3.244110
    2.649430     3.798113     3.602408
    3.237544     2.649430     3.798113
    2.345634     3.237544     2.649430
    4.531300     2.345634     3.237544
    3.209372     4.531300     2.345634
    2.428344     3.209372     4.531300
    2.339766     2.428344     3.209372
    4.138090     2.339766     2.428344
    3.725826     4.138090     2.339766
    2.693699     3.725826     4.138090
    3.200917     2.693699     3.725826
    3.694912     3.200917     2.693699
    1.683482     3.694912     3.200917
    2.972820     1.683482     3.694912
    1.688301     2.972820     1.683482
    4.210766     1.688301     2.972820
    3.897997     4.210766     1.688301
    3.804391     3.897997     4.210766
    3.110183     3.804391     3.897997
    2.792178     3.110183     3.804391
    2.358892     2.792178     3.110183
    4.313139     2.358892     2.792178
    2.881523     4.313139     2.358892
    4.297734     2.881523     4.313139
    2.983535     4.297734     2.881523
    3.739007     2.983535     4.297734
    3.595668     3.739007     2.983535
    4.545238     3.595668     3.739007
    2.791283     4.545238     3.595668
    2.091398     2.791283     4.545238
    2.843013     2.091398     2.791283
    1.851192     2.843013     2.091398
    0.861528     1.851192     2.843013
    1.970173     0.861528     1.851192
    1.605825     1.970173     0.861528
   -0.211877     1.605825     1.970173
   -0.315282    -0.211877     1.605825
    1.151484    -0.315282    -0.211877
    0.064185     1.151484    -0.315282
    1.484940     0.064185     1.151484
    2.040915     1.484940     0.064185
    1.390791     2.040915     1.484940
    2.135504     1.390791     2.040915
    1.533775     2.135504     1.390791
    2.648253     1.533775     2.135504
    0.911261     2.648253     1.533775
    1.336505     0.911261     2.648253
    2.763022     1.336505     0.911261
    2.076516     2.763022     1.336505
    2.095211     2.076516     2.763022
    2.167983     2.095211     2.076516
    2.361349     2.167983     2.095211
    1.351258     2.361349     2.167983
    2.210400     1.351258     2.361349
    1.485538     2.210400     1.351258
    2.114107     1.485538     2.210400
    1.848676     2.114107     1.485538
    1.630458     1.848676     2.114107
    1.819605     1.630458     1.848676
    2.399734     1.819605     1.630458
    2.597184     2.399734     1.819605
    2.570205     2.597184     2.399734
    2.903386     2.570205     2.597184
    3.486728     2.903386     2.570205
    3.561405     3.486728     2.903386
    3.323144     3.561405     3.486728
    4.086757     3.323144     3.561405
    5.443093     4.086757     3.323144
    4.464552     5.443093     4.086757
    4.816373     4.464552     5.443093
    5.287632     4.816373     4.464552
    5.566158     5.287632     4.816373
    3.295642     5.566158     5.287632
    2.718856     3.295642     5.566158
    1.302359     2.718856     3.295642
    1.958280     1.302359     2.718856
    2.120151     1.958280     1.302359
    3.793594     2.120151     1.958280
    3.100501     3.793594     2.120151
    4.353957     3.100501     3.793594
    4.076479     4.353957     3.100501
    4.376429     4.076479     4.353957
    3.400148     4.376429     4.076479
    3.836338     3.400148     4.376429
    3.043159     3.836338     3.400148
    1.837024     3.043159     3.836338
    3.031214     1.837024     3.043159
    3.544506     3.031214     1.837024
    3.701831     3.544506     3.031214
    4.962467     3.701831     3.544506
    5.133705     4.962467     3.701831
    4.640820     5.133705     4.962467
    4.806890     4.640820     5.133705
    3.617824     4.806890     4.640820
    3.906630     3.617824     4.806890
    3.919259     3.906630     3.617824
    2.015637     3.919259     3.906630
    2.162724     2.015637     3.919259
    1.269216     2.162724     2.015637
    2.405553     1.269216     2.162724
    2.401486     2.405553     1.269216
    3.489853     2.401486     2.405553
    2.600502     3.489853     2.401486
    2.135491     2.600502     3.489853
    2.693885     2.135491     2.600502
    1.261125     2.693885     2.135491
    2.802949     1.261125     2.693885
    3.059426     2.802949     1.261125
    2.319496     3.059426     2.802949
    3.277790     2.319496     3.059426
    2.783007     3.277790     2.319496
    1.156719     2.783007     3.277790
    1.343701     1.156719     2.783007
    3.730736     1.343701     1.156719
    3.659309     3.730736     1.343701
    5.134945     3.659309     3.730736
    4.008535     5.134945     3.659309
    2.126803     4.008535     5.134945
    2.813598     2.126803     4.008535
    3.409557     2.813598     2.126803
    4.835655     3.409557     2.813598
    2.872895     4.835655     3.409557
    3.609569     2.872895     4.835655
    3.963789     3.609569     2.872895
    5.845828     3.963789     3.609569
    5.755917     5.845828     3.963789
    5.777961     5.755917     5.845828
    4.496212     5.777961     5.755917
    6.058884     4.496212     5.777961
    4.973498     6.058884     4.496212
    3.975885     4.973498     6.058884
    3.331514     3.975885     4.973498
    2.515747     3.331514     3.975885
    2.638521     2.515747     3.331514
    1.303117     2.638521     2.515747
    0.319950     1.303117     2.638521
    2.791479     0.319950     1.303117
    3.794171     2.791479     0.319950
    2.569380     3.794171     2.791479
    3.131643     2.569380     3.794171
    3.348799     3.131643     2.569380
    3.800894     3.348799     3.131643
    2.977602     3.800894     3.348799
    1.468729     2.977602     3.800894
    1.740952     1.468729     2.977602
    1.608228     1.740952     1.468729
    2.911880     1.608228     1.740952
    1.803271     2.911880     1.608228
    4.200544     1.803271     2.911880
    3.781968     4.200544     1.803271
    2.457752     3.781968     4.200544
    2.776570     2.457752     3.781968
    4.321283     2.776570     2.457752
    4.702269     4.321283     2.776570
    3.441550     4.702269     4.321283
    3.021891     3.441550     4.702269
    3.729822     3.021891     3.441550
    4.522338     3.729822     3.021891
    3.006365     4.522338     3.729822
    3.272091     3.006365     4.522338
    3.000690     3.272091     3.006365
    4.071341     3.000690     3.272091
    4.717041     4.071341     3.000690
    5.888109     4.717041     4.071341
    3.051020     5.888109     4.717041
    2.922917     3.051020     5.888109
    3.574557     2.922917     3.051020
    3.830522     3.574557     2.922917
    3.015480     3.830522     3.574557
    3.924691     3.015480     3.830522
    2.894702     3.924691     3.015480
    3.402661     2.894702     3.924691
    3.033837     3.402661     2.894702
    3.436407     3.033837     3.402661
    2.524233     3.436407     3.033837
    4.037164     2.524233     3.436407
    2.627579     4.037164     2.524233
    4.375123     2.627579     4.037164
    4.749673     4.375123     2.627579
    4.973710     4.749673     4.375123
    3.837316     4.973710     4.749673
    3.620294     3.837316     4.973710
    4.013412     3.620294     3.837316
    4.219652     4.013412     3.620294
    4.919353     4.219652     4.013412
    4.178777     4.919353     4.219652
    4.598756     4.178777     4.919353
    4.347105     4.598756     4.178777
    4.109690     4.347105     4.598756
    3.610617     4.109690     4.347105
    4.704710     3.610617     4.109690
    2.174416     4.704710     3.610617
    2.529043     2.174416     4.704710
    3.289315     2.529043     2.174416
    4.818998     3.289315     2.529043
    5.558117     4.818998     3.289315
    5.329619     5.558117     4.818998
    5.534324     5.329619     5.558117
    6.862808     5.534324     5.329619
    7.944500     6.862808     5.534324
    5.801106     7.944500     6.862808
    6.675845     5.801106     7.944500
    6.766978     6.675845     5.801106
    6.630970     6.766978     6.675845
    6.314325     6.630970     6.766978
    5.840940     6.314325     6.630970
    5.220581     5.840940     6.314325
    5.959443     5.220581     5.840940
    5.062949     5.959443     5.220581
    4.341015     5.062949     5.959443
    4.167796     4.341015     5.062949
    2.226347     4.167796     4.341015
    3.566391     2.226347     4.167796
    2.435788     3.566391     2.226347
    1.831057     2.435788     3.566391
    0.633303     1.831057     2.435788
    0.118863     0.633303     1.831057
    2.217220     0.118863     0.633303
    1.717565     2.217220     0.118863
    1.955348     1.717565     2.217220
    3.158230     1.955348     1.717565
    4.716274     3.158230     1.955348
    2.182122     4.716274     3.158230
    2.213705     2.182122     4.716274
    2.847970     2.213705     2.182122
    2.091027     2.847970     2.213705
    2.243277     2.091027     2.847970
    1.641077     2.243277     2.091027
    0.382966     1.641077     2.243277
   -0.343138     0.382966     1.641077
