    2.274332     3.527249     1.739091
    3.363238     2.274332     3.527249
    1.650582     3.363238     2.274332
    1.490751     1.650582     3.363238
    2.054956     1.490751     1.650582
    2.913518     2.054956     1.490751
    4.144178     2.913518     2.054956
    2.993950     4.144178     2.913518
    5.270524     2.993950     4.144178
    4.822890     5.270524     2.993950
    2.309939     4.822890     5.270524
    2.608776     2.309939     4.822890
    1.652587     2.608776     2.309939
    4.138012     1.652587     2.608776
    2.064437     4.138012     1.652587
    2.485122     2.064437     4.138012
    3.238934     2.485122     2.064437
    3.915798     3.238934     2.485122
    3.011362     3.915798     3.238934
    2.606535     3.011362     3.915798
    4.333865     2.606535     3.011362
    3.267768     4.333865     2.606535
    3.098903     3.267768     4.333865
    2.316492     3.098903     3.267768
    4.478783     2.316492     3.098903
    4.266759     4.478783     2.316492
    5.494971     4.266759     4.478783
    5.037499     5.494971     4.266759
    4.793463     5.037499     5.494971
    5.657931     4.793463     5.037499
    4.722473     5.657931     4.793463
    2.980932     4.722473     5.657931
    3.285203     2.980932     4.722473
    2.643947     3.285203     2.980932
    2.645336     2.643947     3.285203
    3.270681     2.645336     2.643947
    2.727877     3.270681     2.645336
    4.283995     2.727877     3.270681
    3.137146     4.283995     2.727877
    4.766366     3.137146     4.283995
    4.944490     4.766366     3.137146
    2.745107     4.944490     4.766366
    2.845208     2.745107     4.944490
    4.095716     2.845208     2.745107
    4.213282     4.095716     2.845208
    4.426274     4.213282     4.095716
    4.636526     4.426274     4.213282
    4.451063     4.636526     4.426274
    5.011021     4.451063     4.636526
    4.812456     5.011021     4.451063
    3.646733     4.812456     5.011021
    3.910129     3.646733     4.812456
    4.778644     3.910129     3.646733
    2.835051     4.778644     3.910129
    3.565362     2.835051     4.778644
    4.283920     3.565362     2.835051
    4.236347     4.283920     3.565362
    5.469597     4.236347     4.283920
    5.536114     5.469597     4.236347
    6.145741     5.536114     5.469597
    5.212439     6.145741     5.536114
    5.498698     5.212439     6.145741
    3.814391     5.498698     5.212439
    4.595468     3.814391     5.498698
    2.272246     4.595468     3.814391
    4.691937     2.272246     4.595468
    3.428493     4.691937     2.272246
    4.183893     3.428493     4.691937
    4.599117     4.183893     3.428493
    2.626891     4.599117     4.183893
    2.344441     2.626891     4.599117
    2.028579     2.344441     2.626891
    1.227809     2.028579     2.344441
    2.807039     1.227809     2.028579
    2.806899     2.807039     1.227809
    3.419461     2.806899     2.807039
    4.416070     3.419461     2.806899
    6.424103     4.416070     3.419461
    6.018196     6.424103     4.416070
    6.593425     6.018196     6.424103
    4.835307     6.593425     6.018196
    3.651486     4.835307     6.593425
    4.159932     3.651486     4.835307
    3.166378     4.159932     3.651486
    4.530378     3.166378     4.159932
    6.632076     4.530378     3.166378
    4.790557     6.632076     4.530378
    5.053345     4.790557     6.632076
    4.742844     5.053345     4.790557
    4.669700     4.742844     5.053345
    5.177088     4.669700     4.742844
    4.771888     5.177088     4.669700
    4.797826     4.771888     5.177088
    3.996589     4.797826     4.771888
    2.955646     3.996589     4.797826
    2.625395     2.955646     3.996589
    3.122777     2.625395     2.955646
    3.786993     3.122777     2.625395
    4.029557     3.786993     3.122777
    2.369102     4.029557     3.786993
    2.999286     2.369102     4.029557
    2.546501     2.999286     2.369102
    1.365578     2.546501     2.999286
    1.480144     1.365578     2.546501
    1.882655     1.480144     1.365578
    2.994348     1.882655     1.480144
    3.284440     2.994348     1.882655
    3.196515     3.284440     2.994348
    3.424995     3.196515     3.284440
    3.662146     3.424995     3.196515
    2.458493     3.662146     3.424995
   -0.119447     2.458493     3.662146
    2.129505    -0.119447     2.458493
    4.373536     2.129505    -0.119447
    4.497933     4.373536     2.129505
    5.554367     4.497933     4.373536
    4.549879     5.554367     4.497933
    5.252509     4.549879     5.554367
    4.236823     5.252509     4.549879
    4.299531     4.236823     5.252509
    4.213315     4.299531     4.236823
    4.788923     4.213315     4.299531
    4.106573     4.788923     4.213315
    5.119564     4.106573     4.788923
    5.367599     5.119564     4.106573
    4.854444     5.367599     5.119564
    4.789728     4.854444     5.367599
    5.495821     4.789728     4.854444
    6.674240     5.495821     4.789728
    4.351167     6.674240     5.495821
    2.708712     4.351167     6.674240
    3.549868     2.708712     4.351167
    3.865744     3.549868     2.708712
    4.270300     3.865744     3.549868
    4.562080     4.270300     3.865744
    5.209151     4.562080     4.270300
    6.118927     5.209151     4.562080
    5.846460     6.118927     5.209151
    5.571295     5.846460     6.118927
    4.372473     5.571295     5.846460
    5.039697     4.372473     5.571295
    1.990827     5.039697     4.372473
    2.542544     1.990827     5.039697
    2.774103     2.542544     1.990827
    2.910064     2.774103     2.542544
    3.558878     2.910064     2.774103
    2.117644     3.558878     2.910064
    1.421206     2.117644     3.558878
    1.163182     1.421206     2.117644
    2.692099     1.163182     1.421206
    2.430101     2.692099     1.163182
    1.557773     2.430101     2.692099
    1.693239     1.557773     2.430101
    2.290827     1.693239     1.557773
    1.787934     2.290827     1.693239
    2.978436     1.787934     2.290827
    3.151378     2.978436     1.787934
    2.998044     3.151378     2.978436
    2.614949     2.998044     3.151378
    3.858801     2.614949     2.998044
    2.865393     3.858801     2.614949
    3.338937     2.865393     3.858801
    3.886994     3.338937     2.865393
    2.528046     3.886994     3.338937
    5.268986     2.528046     3.886994
    2.524349     5.268986     2.528046
    2.979528     2.524349     5.268986
    0.812858     2.979528     2.524349
    0.854751     0.812858     2.979528
    1.280960     0.854751     0.812858
    2.713882     1.280960     0.854751
    1.312140     2.713882     1.280960
    1.977125     1.312140     2.713882
    3.252149     1.977125     1.312140
    2.557904     3.252149     1.977125
    4.043680     2.557904     3.252149
    3.745049     4.043680     2.557904
    4.071364     3.745049     4.043680
    3.974900     4.071364     3.745049
    5.384381     3.974900     4.071364
    4.597647     5.384381     3.974900
    5.805397     4.597647     5.384381
    5.178080     5.805397     4.597647
    2.214954     5.178080     5.805397
    3.865901     2.214954     5.178080
    3.067072     3.865901     2.214954
    1.422802     3.067072     3.865901
    1.100108     1.422802     3.067072
    1.593879     1.100108     1.422802
    3.185371     1.593879     1.100108
    2.473178     3.185371     1.593879
    2.217158     2.473178     3.185371
    4.192365     2.217158     2.473178
    4.312144     4.192365     2.217158
    4.697414     4.312144     4.192365
    4.007117     4.697414     4.312144
    4.185879     4.007117     4.697414
    4.127751     4.185879     4.007117
    5.982371     4.127751     4.185879
    5.057538     5.982371     4.127751
    5.282568     5.057538     5.982371
    5.578895     5.282568     5.057538
    5.941267     5.578895     5.282568
    4.174456     5.941267     5.578895
    4.700153     4.174456     5.941267
    5.136871     4.700153     4.174456
    0.830913     5.136871     4.700153
    2.767976     0.830913     5.136871
    4.141617     2.767976     0.830913
    3.810766     4.141617     2.767976
    5.239062     3.810766     4.141617
    3.992863     5.239062     3.810766
    3.537766     3.992863     5.239062
    3.581620     3.537766     3.992863
    3.964988     3.581620     3.537766
    1.015460     3.964988     3.581620
    3.608437     1.015460     3.964988
    6.589409     3.608437     1.015460
    5.286708     6.589409     3.608437
    6.164090     5.286708     6.589409
    4.886963     6.164090     5.286708
    5.663659     4.886963     6.164090
    4.817731     5.663659     4.886963
    7.219492     4.817731     5.663659
    5.250164     7.219492     4.817731
    3.881522     5.250164     7.219492
    6.298214     3.881522     5.250164
    4.819379     6.298214     3.881522
    4.136649     4.819379     6.298214
    3.125371     4.136649     4.819379
    3.844915     3.125371     4.136649
    4.241016     3.844915     3.125371
    3.264725     4.241016     3.844915
    3.568255     3.264725     4.241016
    4.635994     3.568255     3.264725
    2.229822     4.635994     3.568255
    3.501391     2.229822     4.635994
    3.323156     3.501391     2.229822
    1.724569     3.323156     3.501391
    3.794049     1.724569     3.323156
    2.572805     3.794049     1.724569
    2.867277     2.572805     3.794049
    1.946077     2.867277     2.572805
    3.515561     1.946077     2.867277
    4.811385     3.515561     1.946077
    3.792067     4.811385     3.515561
    4.820551     3.792067     4.811385
    2.042378     4.820551     3.792067
    3.201733     2.042378     4.820551
    1.375250     3.201733     2.042378
    0.012279     1.375250     3.201733
    0.698831     0.012279     1.375250
   -0.344124     0.698831     0.012279
    2.013801    -0.344124     0.698831
    3.271032     2.013801    -0.344124
    1.644676     3.271032     2.013801
    1.786630     1.644676     3.271032
    4.432585     1.786630     1.644676
    3.067099     4.432585     1.786630
    1.571595     3.067099     4.432585
    3.175887     1.571595     3.067099
    3.028288     3.175887     1.571595
    3.530933     3.028288     3.175887
    2.571766     3.530933     3.028288
    2.223053     2.571766     3.530933
    2.521927     2.223053     2.571766
    4.385028     2.521927     2.223053
    4.208487     4.385028     2.521927
    4.534581     4.208487     4.385028
    3.981279     4.534581     4.208487
    3.710970     3.981279     4.534581
    3.787300     3.710970     3.981279
    3.553524     3.787300     3.710970
    2.955632     3.553524     3.787300
    2.172771     2.955632     3.553524
    3.568909     2.172771     2.955632
    3.609127     3.568909     2.172771
    5.218607     3.609127     3.568909
    2.959090     5.218607     3.609127
    2.887637     2.959090     5.218607
    4.353896     2.887637     2.959090
    2.457007     4.353896     2.887637
    4.408928     2.457007     4.353896
    3.827238     4.408928     2.457007
    4.089150     3.827238     4.408928
    4.392960     4.089150     3.827238
    4.305706     4.392960     4.089150
    4.003648     4.305706     4.392960
    4.045055     4.003648     4.305706
    3.832911     4.045055     4.003648
    3.544482     3.832911     4.045055
    4.548078     3.544482     3.832911
    2.341174     4.548078     3.544482
    1.683785     2.341174     4.548078
    2.993076     1.683785     2.341174
    1.036453     2.993076     1.683785
    3.099532     1.036453     2.993076
    2.051921     3.099532     1.036453
    1.975070     2.051921     3.099532
    3.085568     1.975070     2.051921
    2.969821     3.085568     1.975070
    2.996948     2.969821     3.085568
    4.822478     2.996948     2.969821
    4.011488     4.822478     2.996948
    4.730178     4.011488     4.822478
    3.687027     4.730178     4.011488
    4.499286     3.687027     4.730178
    5.015998     4.499286     3.687027
    5.292082     5.015998     4.499286
    5.399304     5.292082     5.015998
    4.556048     5.399304     5.292082
    3.372644     4.556048     5.399304
    2.605251     3.372644     4.556048
    3.411544     2.605251     3.372644
    3.368689     3.411544     2.605251
    3.244110     3.368689     3.411544
    3.552019     3.244110     3.368689
    4.874622     3.552019     3.244110
    5.313421     4.874622     3.552019
    4.484352     5.313421     4.874622
    4.881334     4.484352     5.313421
    4.371970     4.881334     4.484352
    3.647947     4.371970     4.881334
    2.373317     3.647947     4.371970
    3.027737     2.373317     3.647947
    3.379598     3.027737     2.373317
    2.221385     3.379598     3.027737
    3.323180     2.221385     3.379598
    4.012672     3.323180     2.221385
    2.654723     4.012672     3.323180
    2.415888     2.654723     4.012672
    2.874054     2.415888     2.654723
    3.124706     2.874054     2.415888
    3.004751     3.124706     2.874054
    3.333286     3.004751     3.124706
    2.345877     3.333286     3.004751
    2.117353     2.345877     3.333286
    2.348613     2.117353     2.345877
    4.288094     2.348613     2.117353
    5.032150     4.288094     2.348613
    4.676554     5.032150     4.288094
    5.384795     4.676554     5.032150
    3.788190     5.384795     4.676554
    5.336375     3.788190     5.384795
    5.340019     5.336375     3.788190
    6.667098     5.340019     5.336375
    5.864226     6.667098     5.340019
    4.593833     5.864226     6.667098
    4.799550     4.593833     5.864226
    6.380345     4.799550     4.593833
    5.867066     6.380345     4.799550
    6.257474     5.867066     6.380345
    7.224260     6.257474     5.867066
    4.927883     7.224260     6.257474
    3.305320     4.927883     7.224260
    3.846490     3.305320     4.927883
    3.326761     3.846490     3.305320
    3.958590     3.326761     3.846490
    2.607960     3.958590     3.326761
    2.506131     2.607960     3.958590
    1.599660     2.506131     2.607960
    2.743071     1.599660     2.506131
    1.974750     2.743071     1.599660
    0.798928     1.974750     2.743071
    2.743960     0.798928     1.974750
    2.073290     2.743960     0.798928
    2.531977     2.073290     2.743960
    1.612292     2.531977     2.073290
    3.046542     1.612292     2.531977
    4.646593     3.046542     1.612292
    1.587504     4.646593     3.046542
    2.642644     1.587504     4.646593
    3.684947     2.642644     1.587504
    4.176536     3.684947     2.642644
    4.461435     4.176536     3.684947
    4.189991     4.461435     4.176536
    4.401307     4.189991     4.461435
    4.815181     4.401307     4.189991
    4.997367     4.815181     4.401307
    3.798460     4.997367     4.815181
    3.811931     3.798460     4.997367
    3.348877     3.811931     3.798460
    5.138825     3.348877     3.811931
    7.494454     5.138825     3.348877
    5.086738     7.494454     5.138825
    3.640501     5.086738     7.494454
    2.615505     3.640501     5.086738
    2.803955     2.615505     3.640501
    2.366725     2.803955     2.615505
    3.985797     2.366725     2.803955
    3.310921     3.985797     2.366725
    3.485175     3.310921     3.985797
    1.723912     3.485175     3.310921
    4.222146     1.723912     3.485175
    2.712304     4.222146     1.723912
    2.404563     2.712304     4.222146
    3.139900     2.404563     2.712304
    2.142352     3.139900     2.404563
    2.372685     2.142352     3.139900
    1.589987     2.372685     2.142352
    2.705699     1.589987     2.372685
    0.837656     2.705699     1.589987
    1.372939     0.837656     2.705699
    2.844359     1.372939     0.837656
    2.177238     2.844359     1.372939
    3.894908     2.177238     2.844359
    5.127676     3.894908     2.177238
    3.479755     5.127676     3.894908
    4.738589     3.479755     5.127676
    6.401995     4.738589     3.479755
    4.349037     6.401995     4.738589
    5.065471     4.349037     6.401995
    3.466397     5.065471     4.349037
    4.256789     3.466397     5.065471
    3.246578     4.256789     3.466397
    3.481189     3.246578     4.256789
    2.373572     3.481189     3.246578
    3.477226     2.373572     3.481189
    3.162511     3.477226     2.373572
    4.367595     3.162511     3.477226
    3.916762     4.367595     3.162511
    5.495151     3.916762     4.367595
    2.657630     5.495151     3.916762
    2.600619     2.657630     5.495151
    2.215900     2.600619     2.657630
    1.844991     2.215900     2.600619
    2.110653     1.844991     2.215900
    1.525075     2.110653     1.844991
    1.806453     1.525075     2.110653
    3.005150     1.806453     1.525075
    2.473758     3.005150     1.806453
    4.709100     2.473758     3.005150
    0.559798     4.709100     2.473758
    1.326089     0.559798     4.709100
    3.504643     1.326089     0.559798
    4.070106     3.504643     1.326089
    3.639118     4.070106     3.504643
    4.617659     3.639118     4.070106
    4.786316     4.617659     3.639118
    3.524765     4.786316     4.617659
    4.031800     3.524765     4.786316
    5.424479     4.031800     3.524765
    2.590850     5.424479     4.031800
    2.956048     2.590850     5.424479
    5.156692     2.956048     2.590850
    4.788162     5.156692     2.956048
    3.519378     4.788162     5.156692
    3.594718     3.519378     4.788162
    2.997719     3.594718     3.519378
    3.081778     2.997719     3.594718
    2.769076     3.081778     2.997719
    4.052224     2.769076     3.081778
    2.764614     4.052224     2.769076
    0.877622     2.764614     4.052224
    1.384420     0.877622     2.764614
    1.762663     1.384420     0.877622
    3.393802     1.762663     1.384420
    3.186873     3.393802     1.762663
    2.320507     3.186873     3.393802
    2.997015     2.320507     3.186873
    1.742434     2.997015     2.320507
    3.562770     1.742434     2.997015
    4.316766     3.562770     1.742434
    4.156240     4.316766     3.562770
    3.039616     4.156240     4.316766
    2.784380     3.039616     4.156240
    2.616003     2.784380     3.039616
    4.146155     2.616003     2.784380
    5.580209     4.146155     2.616003
    4.020391     5.580209     4.146155
    5.578268     4.020391     5.580209
    4.985702     5.578268     4.020391
    5.723506     4.985702     5.578268
    4.983358     5.723506     4.985702
    6.405191     4.983358     5.723506
    5.928192     6.405191     4.983358
    4.354845     5.928192     6.405191
    6.180387     4.354845     5.928192
    6.449995     6.180387     4.354845
    6.410985     6.449995     6.180387
    4.646194     6.410985     6.449995
    4.863125     4.646194     6.410985
    6.229111     4.863125     4.646194
    5.592350     6.229111     4.863125
    3.806973     5.592350     6.229111
    5.153678     3.806973     5.592350
    4.950138     5.153678     3.806973
    3.154387     4.950138     5.153678
    4.960020     3.154387     4.950138
    3.676260     4.960020     3.154387
    4.389713     3.676260     4.960020
    1.714135     4.389713     3.676260
    3.296578     1.714135     4.389713
    2.523261     3.296578     1.714135
    2.749415     2.523261     3.296578
    2.815632     2.749415     2.523261
    4.390237     2.815632     2.749415
    4.356055     4.390237     2.815632
    3.800023     4.356055     4.390237
    1.609794     3.800023     4.356055
