    2.574262     2.706802     2.306534
    4.638674     2.574262     2.706802
    4.049925     4.638674     2.574262
    3.609079     4.049925     4.638674
    4.590903     3.609079     4.049925
    4.299611     4.590903     3.609079
    3.509683     4.299611     4.590903
    2.634152     3.509683     4.299611
    2.471219     2.634152     3.509683
    3.361759     2.471219     2.634152
    3.175963     3.361759     2.471219
    2.976144     3.175963     3.361759
    2.959670     2.976144     3.175963
    5.134921     2.959670     2.976144
    4.832356     5.134921     2.959670
    4.885217     4.832356     5.134921
    5.019072     4.885217     4.832356
    4.291191     5.019072     4.885217
    4.481733     4.291191     5.019072
    4.137967     4.481733     4.291191
    3.863007     4.137967     4.481733
    5.574930     3.863007     4.137967
    5.448945     5.574930     3.863007
    5.444169     5.448945     5.574930
    5.384387     5.444169     5.448945
    4.952492     5.384387     5.444169
    4.480817     4.952492     5.384387
    3.540472     4.480817     4.952492
    3.698408     3.540472     4.480817
    3.245607     3.698408     3.540472
    2.896410     3.245607     3.698408
    3.051024     2.896410     3.245607
    3.700929     3.051024     2.896410
    3.973871     3.700929     3.051024
    1.866548     3.973871     3.700929
    3.331706     1.866548     3.973871
    2.656788     3.331706     1.866548
    2.487654     2.656788     3.331706
    1.869127     2.487654     2.656788
    3.307106     1.869127     2.487654
    1.946436     3.307106     1.869127
    1.472588     1.946436     3.307106
    0.328331     1.472588     1.946436
    1.735915     0.328331     1.472588
    1.460805     1.735915     0.328331
    0.902808     1.460805     1.735915
    2.562446     0.902808     1.460805
    2.760539     2.562446     0.902808
    3.253269     2.760539     2.562446
    1.857420     3.253269     2.760539
    2.839177     1.857420     3.253269
    5.277289     2.839177     1.857420
    4.007359     5.277289     2.839177
    4.765671     4.007359     5.277289
    4.747642     4.765671     4.007359
    3.868276     4.747642     4.765671
    5.367175     3.868276     4.747642
    2.841375     5.367175     3.868276
    2.860001     2.841375     5.367175
    2.725438     2.860001     2.841375
    1.476527     2.725438     2.860001
    1.933068     1.476527     2.725438
    2.479615     1.933068     1.476527
    4.123149     2.479615     1.933068
    2.955928     4.123149     2.479615
    3.326898     2.955928     4.123149
    4.676781     3.326898     2.955928
    2.897926     4.676781     3.326898
    3.879364     2.897926     4.676781
    4.002589     3.879364     2.897926
    3.802343     4.002589     3.879364
    4.427060     3.802343     4.002589
    2.770114     4.427060     3.802343
    4.652667     2.770114     4.427060
    4.201033     4.652667     2.770114
    4.706495     4.201033     4.652667
    3.939839     4.706495     4.201033
    5.929472     3.939839     4.706495
    5.295521     5.929472     3.939839
    5.344209     5.295521     5.929472
    5.173183     5.344209     5.295521
    6.674225     5.173183     5.344209
    6.780613     6.674225     5.173183
    6.236506     6.780613     6.674225
    7.150460     6.236506     6.780613
    6.138746     7.150460     6.236506
    5.022951     6.138746     7.150460
    5.544415     5.022951     6.138746
    4.796856     5.544415     5.022951
    2.878523     4.796856     5.544415
    3.427113     2.878523     4.796856
    3.171945     3.427113     2.878523
    1.138334     3.171945     3.427113
    3.812564     1.138334     3.171945
    4.685796     3.812564     1.138334
    3.332126     4.685796     3.812564
    4.702857     3.332126     4.685796
    2.400592     4.702857     3.332126
    4.418176     2.400592     4.702857
    2.205634     4.418176     2.400592
    2.065630     2.205634     4.418176
    3.127816     2.065630     2.205634
    1.769103     3.127816     2.065630
    1.523177     1.769103     3.127816
    2.053384     1.523177     1.769103
    1.208119     2.053384     1.523177
    2.007200     1.208119     2.053384
    3.432580     2.007200     1.208119
    4.592068     3.432580     2.007200
    4.228602     4.592068     3.432580
    4.899743     4.228602     4.592068
    4.307422     4.899743     4.228602
    4.274794     4.307422     4.899743
    2.562802     4.274794     4.307422
    2.897415     2.562802     4.274794
    4.375952     2.897415     2.562802
    5.499575     4.375952     2.897415
    4.405754     5.499575     4.375952
    4.127269     4.405754     5.499575
    4.139652     4.127269     4.405754
    2.163606     4.139652     4.127269
    4.196544     2.163606     4.139652
    3.555717     4.196544     2.163606
    1.880942     3.555717     4.196544
    3.285753     1.880942     3.555717
    3.494083     3.285753     1.880942
    3.980029     3.494083     3.285753
    2.755293     3.980029     3.494083
    2.487801     2.755293     3.980029
    2.612235     2.487801     2.755293
    3.135873     2.612235     2.487801
    4.073240     3.135873     2.612235
    2.749217     4.073240     3.135873
    1.440949     2.749217     4.073240
    1.943366     1.440949     2.749217
    1.840213     1.943366     1.440949
    2.528787     1.840213     1.943366
    2.591821     2.528787     1.840213
    1.508401     2.591821     2.528787
    2.442186     1.508401     2.591821
    2.700441     2.442186     1.508401
    2.655466     2.700441     2.442186
    2.388102     2.655466     2.700441
    3.365362     2.388102     2.655466
    2.418149     3.365362     2.388102
    3.433980     2.418149     3.365362
    3.580423     3.433980     2.418149
    2.945626     3.580423     3.433980
    1.810642     2.945626     3.580423
    3.090643     1.810642     2.945626
    3.705425     3.090643     1.810642
    3.954164     3.705425     3.090643
    4.629911     3.954164     3.705425
    4.336607     4.629911     3.954164
    3.180884     4.336607     4.629911
    2.666956     3.180884     4.336607
    3.123016     2.666956     3.180884
    5.030424     3.123016     2.666956
    3.696216     5.030424     3.123016
    2.794247     3.696216     5.030424
    2.375455     2.794247     3.696216
    4.542431     2.375455     2.794247
    4.047371     4.542431     2.375455
    4.470996     4.047371     4.542431
    2.660518     4.470996     4.047371
    4.969437     2.660518     4.470996
    3.248993     4.969437     2.660518
    2.947818     3.248993     4.969437
    2.447805     2.947818     3.248993
    2.933927     2.447805     2.947818
    2.972094     2.933927     2.447805
    2.798266     2.972094     2.933927
    3.870139     2.798266     2.972094
    3.062313     3.870139     2.798266
    4.206662     3.062313     3.870139
    4.118993     4.206662     3.062313
    3.476751     4.118993     4.206662
    3.608929     3.476751     4.118993
    0.583776     3.608929     3.476751
    1.707401     0.583776     3.608929
    4.340286     1.707401     0.583776
    3.594388     4.340286     1.707401
    3.637721     3.594388     4.340286
    4.579065     3.637721     3.594388
    3.571374     4.579065     3.637721
    2.941508     3.571374     4.579065
    4.980093     2.941508     3.571374
    4.880962     4.980093     2.941508
    4.847372     4.880962     4.980093
    3.543940     4.847372     4.880962
    4.855973     3.543940     4.847372
    4.555698     4.855973     3.543940
    2.174259     4.555698     4.855973
    3.977620     2.174259     4.555698
    4.604082     3.977620     2.174259
    3.580152     4.604082     3.977620
    2.746116     3.580152     4.604082
    4.943511     2.746116     3.580152
    4.628949     4.943511     2.746116
    4.292392     4.628949     4.943511
    4.414039     4.292392     4.628949
    4.042916     4.414039     4.292392
    3.989613     4.042916     4.414039
    3.295251     3.989613     4.042916
    3.631507     3.295251     3.989613
    5.150155     3.631507     3.295251
    3.683116     5.150155     3.631507
    3.721981     3.683116     5.150155
    4.083467     3.721981     3.683116
    5.137733     4.083467     3.721981
    4.102332     5.137733     4.083467
    4.120419     4.102332     5.137733
    3.556200     4.120419     4.102332
    3.808730     3.556200     4.120419
    3.148931     3.808730     3.556200
    2.930085     3.148931     3.808730
    3.072119     2.930085     3.148931
    2.981370     3.072119     2.930085
    3.401192     2.981370     3.072119
    4.005714     3.401192     2.981370
    0.228962     4.005714     3.401192
    1.828862     0.228962     4.005714
    3.069103     1.828862     0.228962
    2.312501     3.069103     1.828862
    2.336743     2.312501     3.069103
    0.892044     2.336743     2.312501
    0.973173     0.892044     2.336743
    2.793991     0.973173     0.892044
    1.549478     2.793991     0.973173
    2.935352     1.549478     2.793991
    3.115202     2.935352     1.549478
    3.393229     3.115202     2.935352
    2.565683     3.393229     3.115202
    4.688470     2.565683     3.393229
    5.098003     4.688470     2.565683
    3.050297     5.098003     4.688470
    2.154943     3.050297     5.098003
    3.849256     2.154943     3.050297
    4.547429     3.849256     2.154943
    5.257868     4.547429     3.849256
    4.949364     5.257868     4.547429
    3.424904     4.949364     5.257868
    2.851856     3.424904     4.949364
    2.922131     2.851856     3.424904
    4.693031     2.922131     2.851856
    5.560902     4.693031     2.922131
    5.375609     5.560902     4.693031
    3.969945     5.375609     5.560902
    2.638510     3.969945     5.375609
    2.802510     2.638510     3.969945
    3.416869     2.802510     2.638510
    4.266656     3.416869     2.802510
    5.726250     4.266656     3.416869
    3.555772     5.726250     4.266656
    1.877451     3.555772     5.726250
    4.317493     1.877451     3.555772
    2.085716     4.317493     1.877451
    2.720260     2.085716     4.317493
    2.649277     2.720260     2.085716
    2.298872     2.649277     2.720260
    2.132524     2.298872     2.649277
    1.460678     2.132524     2.298872
    1.362704     1.460678     2.132524
    1.393260     1.362704     1.460678
    1.320912     1.393260     1.362704
    3.043041     1.320912     1.393260
    2.930165     3.043041     1.320912
    1.618069     2.930165     3.043041
    2.210763     1.618069     2.930165
    1.634064     2.210763     1.618069
    0.952375     1.634064     2.210763
    0.997417     0.952375     1.634064
    1.129247     0.997417     0.952375
    1.541820     1.129247     0.997417
    0.953721     1.541820     1.129247
    1.986791     0.953721     1.541820
    1.762670     1.986791     0.953721
    1.339222     1.762670     1.986791
    2.034622     1.339222     1.762670
    2.708649     2.034622     1.339222
    3.573661     2.708649     2.034622
    3.848682     3.573661     2.708649
    1.647260     3.848682     3.573661
    3.217131     1.647260     3.848682
    2.057279     3.217131     1.647260
    0.205488     2.057279     3.217131
    0.613185     0.205488     2.057279
   -0.109220     0.613185     0.205488
    0.873839    -0.109220     0.613185
    1.215221     0.873839    -0.109220
    0.264069     1.215221     0.873839
    1.077818     0.264069     1.215221
    2.792282     1.077818     0.264069
    2.944061     2.792282     1.077818
    2.919865     2.944061     2.792282
    4.510067     2.919865     2.944061
    3.535517     4.510067     2.919865
    4.296205     3.535517     4.510067
    2.673643     4.296205     3.535517
    2.431954     2.673643     4.296205
    1.946155     2.431954     2.673643
    1.076139     1.946155     2.431954
    1.316246     1.076139     1.946155
    0.584513     1.316246     1.076139
    2.434796     0.584513     1.316246
    1.371168     2.434796     0.584513
    2.681935     1.371168     2.434796
    1.713439     2.681935     1.371168
    1.613595     1.713439     2.681935
    0.971495     1.613595     1.713439
    0.680963     0.971495     1.613595
   -0.998767     0.680963     0.971495
   -0.382796    -0.998767     0.680963
    0.586986    -0.382796    -0.998767
   -0.510829     0.586986    -0.382796
    2.269335    -0.510829     0.586986
    2.038305     2.269335    -0.510829
    3.082757     2.038305     2.269335
    2.750357     3.082757     2.038305
    2.944489     2.750357     3.082757
    3.022157     2.944489     2.750357
    3.754035     3.022157     2.944489
    3.026374     3.754035     3.022157
    2.828772     3.026374     3.754035
    2.293544     2.828772     3.026374
    1.803918     2.293544     2.828772
    1.436607     1.803918     2.293544
    0.622779     1.436607     1.803918
   -0.849769     0.622779     1.436607
    0.333529    -0.849769     0.622779
    2.097794     0.333529    -0.849769
    2.335511     2.097794     0.333529
    3.143814     2.335511     2.097794
    2.967584     3.143814     2.335511
    3.898719     2.967584     3.143814
    2.352852     3.898719     2.967584
    2.244585     2.352852     3.898719
    2.869607     2.244585     2.352852
    1.897520     2.869607     2.244585
    1.768670     1.897520     2.869607
    4.189265     1.768670     1.897520
    3.673994     4.189265     1.768670
    3.963906     3.673994     4.189265
    3.695429     3.963906     3.673994
    4.361716     3.695429     3.963906
    3.354021     4.361716     3.695429
    4.151354     3.354021     4.361716
    4.357692     4.151354     3.354021
    3.279225     4.357692     4.151354
    3.122075     3.279225     4.357692
    3.406692     3.122075     3.279225
    3.144848     3.406692     3.122075
    4.115629     3.144848     3.406692
    4.074786     4.115629     3.144848
    3.774342     4.074786     4.115629
    3.652146     3.774342     4.074786
    3.975961     3.652146     3.774342
    5.405551     3.975961     3.652146
    3.738989     5.405551     3.975961
    3.642926     3.738989     5.405551
    4.983195     3.642926     3.738989
    3.863860     4.983195     3.642926
    2.843385     3.863860     4.983195
    3.060862     2.843385     3.863860
    2.650938     3.060862     2.843385
    2.621212     2.650938     3.060862
    0.525983     2.621212     2.650938
    1.146724     0.525983     2.621212
    2.095504     1.146724     0.525983
    2.692503     2.095504     1.146724
    2.934226     2.692503     2.095504
    5.026893     2.934226     2.692503
    5.643984     5.026893     2.934226
    7.923650     5.643984     5.026893
    5.889816     7.923650     5.643984
    6.617542     5.889816     7.923650
    4.768940     6.617542     5.889816
    5.655147     4.768940     6.617542
    5.640162     5.655147     4.768940
    4.435218     5.640162     5.655147
    2.812903     4.435218     5.640162
    2.675382     2.812903     4.435218
    4.068098     2.675382     2.812903
    3.534565     4.068098     2.675382
    4.476514     3.534565     4.068098
    3.476578     4.476514     3.534565
    2.042685     3.476578     4.476514
    2.407784     2.042685     3.476578
    1.612270     2.407784     2.042685
    3.080489     1.612270     2.407784
    4.417865     3.080489     1.612270
    4.188373     4.417865     3.080489
    4.013408     4.188373     4.417865
    4.195526     4.013408     4.188373
    4.439560     4.195526     4.013408
    5.388735     4.439560     4.195526
    3.934805     5.388735     4.439560
    5.356422     3.934805     5.388735
    4.823067     5.356422     3.934805
    6.032712     4.823067     5.356422
    5.415002     6.032712     4.823067
    5.012142     5.415002     6.032712
    5.192587     5.012142     5.415002
    5.178973     5.192587     5.012142
    4.557545     5.178973     5.192587
    5.022225     4.557545     5.178973
    4.627231     5.022225     4.557545
    3.778018     4.627231     5.022225
    3.690933     3.778018     4.627231
    5.426155     3.690933     3.778018
    3.602861     5.426155     3.690933
    5.148782     3.602861     5.426155
    2.682927     5.148782     3.602861
    3.388028     2.682927     5.148782
    3.117882     3.388028     2.682927
    2.362427     3.117882     3.388028
    1.830761     2.362427     3.117882
    2.891021     1.830761     2.362427
    3.970951     2.891021     1.830761
    3.513209     3.970951     2.891021
    1.717151     3.513209     3.970951
    3.869543     1.717151     3.513209
    3.648996     3.869543     1.717151
    3.078867     3.648996     3.869543
    2.317079     3.078867     3.648996
    1.687349     2.317079     3.078867
    2.565513     1.687349     2.317079
    2.610826     2.565513     1.687349
    3.213016     2.610826     2.565513
    4.123240     3.213016     2.610826
    1.653376     4.123240     3.213016
    3.193421     1.653376     4.123240
    4.597785     3.193421     1.653376
    2.675757     4.597785     3.193421
    4.983267     2.675757     4.597785
    3.407229     4.983267     2.675757
    4.738496     3.407229     4.983267
    3.527381     4.738496     3.407229
    3.920772     3.527381     4.738496
    1.344618     3.920772     3.527381
    1.190960     1.344618     3.920772
    0.985291     1.190960     1.344618
   -0.398648     0.985291     1.190960
    1.374523    -0.398648     0.985291
    3.904518     1.374523    -0.398648
    3.324844     3.904518     1.374523
    2.101211     3.324844     3.904518
    2.941971     2.101211     3.324844
    1.561536     2.941971     2.101211
    3.432322     1.561536     2.941971
    4.858905     3.432322     1.561536
    6.879452     4.858905     3.432322
    5.318182     6.879452     4.858905
    5.732077     5.318182     6.879452
    2.568598     5.732077     5.318182
    5.052184     2.568598     5.732077
    4.480642     5.052184     2.568598
    4.517007     4.480642     5.052184
    4.580410     4.517007     4.480642
    3.412878     4.580410     4.517007
    3.247050     3.412878     4.580410
    3.278418     3.247050     3.412878
    3.578984     3.278418     3.247050
    4.897871     3.578984     3.278418
    4.063376     4.897871     3.578984
    4.204771     4.063376     4.897871
    3.117922     4.204771     4.063376
    5.187731     3.117922     4.204771
    4.070409     5.187731     3.117922
    2.874218     4.070409     5.187731
    1.454542     2.874218     4.070409
    1.230211     1.454542     2.874218
    3.681466     1.230211     1.454542
    3.757919     3.681466     1.230211
    3.316790     3.757919     3.681466
    3.520394     3.316790     3.757919
    4.522391     3.520394     3.316790
    3.063673     4.522391     3.520394
    3.214315     3.063673     4.522391
    3.258466     3.214315     3.063673
    3.730889     3.258466     3.214315
    4.998001     3.730889     3.258466
    4.005447     4.998001     3.730889
    2.887078     4.005447     4.998001
    4.858456     2.887078     4.005447
    3.690030     4.858456     2.887078
    3.239995     3.690030     4.858456
    3.909390     3.239995     3.690030
    3.533810     3.909390     3.239995
    3.940229     3.533810     3.909390
    4.168876     3.940229     3.533810
    3.732718     4.168876     3.940229
    5.292771     3.732718     4.168876
    6.481488     5.292771     3.732718
    4.949218     6.481488     5.292771
    4.410389     4.949218     6.481488
    4.301860     4.410389     4.949218
    3.163797     4.301860     4.410389
    4.911990     3.163797     4.301860
    5.540228     4.911990     3.163797
