    4.321888     4.673430     3.883735
    4.237779     4.321888     4.673430
    3.724862     4.237779     4.321888
    3.082902     3.724862     4.237779
    3.291806     3.082902     3.724862
    4.855235     3.291806     3.082902
    4.273630     4.855235     3.291806
    5.942927     4.273630     4.855235
    3.986145     5.942927     4.273630
    5.321261     3.986145     5.942927
    6.048059     5.321261     3.986145
    6.556224     6.048059     5.321261
    4.531722     6.556224     6.048059
    5.072597     4.531722     6.556224
    2.801720     5.072597     4.531722
    2.596902     2.801720     5.072597
    2.659287     2.596902     2.801720
    2.817925     2.659287     2.596902
    4.098966     2.817925     2.659287
    3.324789     4.098966     2.817925
    4.221857     3.324789     4.098966
    5.060996     4.221857     3.324789
    3.715714     5.060996     4.221857
    2.959199     3.715714     5.060996
    4.925619     2.959199     3.715714
    4.022840     4.925619     2.959199
    3.281613     4.022840     4.925619
    4.466117     3.281613     4.022840
    2.998595     4.466117     3.281613
    4.031024     2.998595     4.466117
    3.763729     4.031024     2.998595
    2.048344     3.763729     4.031024
    3.268866     2.048344     3.763729
    1.931570     3.268866     2.048344
    3.698380     1.931570     3.268866
    3.363706     3.698380     1.931570
    3.301012     3.363706     3.698380
    1.377042     3.301012     3.363706
    1.544285     1.377042     3.301012
    2.272494     1.544285     1.377042
    1.946650     2.272494     1.544285
    3.721239     1.946650     2.272494
    2.544712     3.721239     1.946650
    3.529981     2.544712     3.721239
    4.633319     3.529981     2.544712
    4.151933     4.633319     3.529981
    3.687052     4.151933     4.633319
    2.426924     3.687052     4.151933
    3.241687     2.426924     3.687052
    4.149902     3.241687     2.426924
    3.996519     4.149902     3.241687
    4.398466     3.996519     4.149902
    4.367920     4.398466     3.996519
    6.471709     4.367920     4.398466
    5.760106     6.471709     4.367920
    7.767078     5.760106     6.471709
    4.895704     7.767078     5.760106
    5.418575     4.895704     7.767078
    3.651999     5.418575     4.895704
    4.019058     3.651999     5.418575
    4.684517     4.019058     3.651999
    3.307470     4.684517     4.019058
    4.457320     3.307470     4.684517
    5.199450     4.457320     3.307470
    5.336128     5.199450     4.457320
    3.111111     5.336128     5.199450
    3.633558     3.111111     5.336128
    3.701317     3.633558     3.111111
    3.105014     3.701317     3.633558
    3.566908     3.105014     3.701317
    5.391027     3.566908     3.105014
    5.015470     5.391027     3.566908
    5.959072     5.015470     5.391027
    5.513498     5.959072     5.015470
    5.508211     5.513498     5.959072
    3.437727     5.508211     5.513498
    5.814657     3.437727     5.508211
    5.141101     5.814657     3.437727
    5.680378     5.141101     5.814657
    4.985481     5.680378     5.141101
    5.361531     4.985481     5.680378
    6.019393     5.361531     4.985481
    3.298906     6.019393     5.361531
    3.388875     3.298906     6.019393
    3.988535     3.388875     3.298906
    4.593388     3.988535     3.388875
    3.797298     4.593388     3.988535
    3.474625     3.797298     4.593388
    3.590580     3.474625     3.797298
    3.121830     3.590580     3.474625
    2.968835     3.121830     3.590580
    1.104544     2.968835     3.121830
    4.484650     1.104544     2.968835
    3.780265     4.484650     1.104544
    4.314574     3.780265     4.484650
    2.932810     4.314574     3.780265
    2.954292     2.932810     4.314574
    3.594761     2.954292     2.932810
    3.102147     3.594761     2.954292
    3.733569     3.102147     3.594761
    3.618803     3.733569     3.102147
    3.753491     3.618803     3.733569
    3.947423     3.753491     3.618803
    3.090523     3.947423     3.753491
    1.246857     3.090523     3.947423
    3.184903     1.246857     3.090523
    3.172764     3.184903     1.246857
    5.112752     3.172764     3.184903
    3.521478     5.112752     3.172764
    4.140484     3.521478     5.112752
    2.117458     4.140484     3.521478
    3.880817     2.117458     4.140484
    5.003407     3.880817     2.117458
    4.140244     5.003407     3.880817
    2.726879     4.140244     5.003407
    3.287900     2.726879     4.140244
    1.341144     3.287900     2.726879
    2.219841     1.341144     3.287900
    1.482494     2.219841     1.341144
    2.506392     1.482494     2.219841
    1.871630     2.506392     1.482494
    3.629081     1.871630     2.506392
    2.692087     3.629081     1.871630
    4.222708     2.692087     3.629081
    4.751537     4.222708     2.692087
    4.122789     4.751537     4.222708
    3.155556     4.122789     4.751537
    5.034438     3.155556     4.122789
    4.536632     5.034438     3.155556
    2.694310     4.536632     5.034438
    2.584046     2.694310     4.536632
    3.505102     2.584046     2.694310
    2.688592     3.505102     2.584046
    2.802621     2.688592     3.505102
    2.494081     2.802621     2.688592
    3.213723     2.494081     2.802621
    2.559099     3.213723     2.494081
    2.712018     2.559099     3.213723
    3.465351     2.712018     2.559099
    3.047700     3.465351     2.712018
    4.637098     3.047700     3.465351
    4.701163     4.637098     3.047700
    4.917072     4.701163     4.637098
    3.646470     4.917072     4.701163
    6.312162     3.646470     4.917072
    5.324103     6.312162     3.646470
    4.554292     5.324103     6.312162
    5.960044     4.554292     5.324103
    5.190777     5.960044     4.554292
    5.662958     5.190777     5.960044
    3.885884     5.662958     5.190777
    4.103103     3.885884     5.662958
    3.232573     4.103103     3.885884
    2.712934     3.232573     4.103103
    3.044749     2.712934     3.232573
    3.238567     3.044749     2.712934
    3.455520     3.238567     3.044749
    2.400647     3.455520     3.238567
    2.472352     2.400647     3.455520
    1.773155     2.472352     2.400647
    1.893679     1.773155     2.472352
    1.508389     1.893679     1.773155
    3.346090     1.508389     1.893679
    2.255342     3.346090     1.508389
    3.797399     2.255342     3.346090
    1.732422     3.797399     2.255342
    4.015141     1.732422     3.797399
    3.496021     4.015141     1.732422
    4.397502     3.496021     4.015141
    2.988749     4.397502     3.496021
    3.273739     2.988749     4.397502
    3.399800     3.273739     2.988749
    3.851824     3.399800     3.273739
    3.442131     3.851824     3.399800
    4.121209     3.442131     3.851824
    3.450892     4.121209     3.442131
    4.296090     3.450892     4.121209
    4.725460     4.296090     3.450892
    4.680499     4.725460     4.296090
    4.181769     4.680499     4.725460
    2.582216     4.181769     4.680499
    2.366238     2.582216     4.181769
    4.459301     2.366238     2.582216
    5.145634     4.459301     2.366238
    3.535725     5.145634     4.459301
    3.495723     3.535725     5.145634
    2.377381     3.495723     3.535725
    1.658269     2.377381     3.495723
    2.541762     1.658269     2.377381
    1.728523     2.541762     1.658269
    3.532069     1.728523     2.541762
    3.084375     3.532069     1.728523
    1.894282     3.084375     3.532069
    2.310958     1.894282     3.084375
    1.459340     2.310958     1.894282
    1.998818     1.459340     2.310958
    2.173550     1.998818     1.459340
    2.276323     2.173550     1.998818
    1.729782     2.276323     2.173550
    2.955573     1.729782     2.276323
    2.307649     2.955573     1.729782
    3.043598     2.307649     2.955573
    4.182815     3.043598     2.307649
    4.320625     4.182815     3.043598
    5.554420     4.320625     4.182815
    3.563712     5.554420     4.320625
    5.407124     3.563712     5.554420
    5.173724     5.407124     3.563712
    4.383897     5.173724     5.407124
    4.955405     4.383897     5.173724
    4.895918     4.955405     4.383897
    4.834333     4.895918     4.955405
    3.157679     4.834333     4.895918
    3.089720     3.157679     4.834333
    5.032734     3.089720     3.157679
    5.610432     5.032734     3.089720
    4.866094     5.610432     5.032734
    5.339967     4.866094     5.610432
    4.080643     5.339967     4.866094
    5.458137     4.080643     5.339967
    4.365414     5.458137     4.080643
    4.107283     4.365414     5.458137
    1.760741     4.107283     4.365414
    3.042216     1.760741     4.107283
    1.150402     3.042216     1.760741
    1.977015     1.150402     3.042216
    0.783359     1.977015     1.150402
    2.395413     0.783359     1.977015
    2.844072     2.395413     0.783359
    4.351280     2.844072     2.395413
    3.419990     4.351280     2.844072
    3.212015     3.419990     4.351280
    3.228414     3.212015     3.419990
    3.504287     3.228414     3.212015
    4.033240     3.504287     3.228414
    3.745158     4.033240     3.504287
    5.784884     3.745158     4.033240
    5.909221     5.784884     3.745158
    4.669235     5.909221     5.784884
    3.618756     4.669235     5.909221
    3.967434     3.618756     4.669235
    4.064419     3.967434     3.618756
    4.301074     4.064419     3.967434
    3.690502     4.301074     4.064419
    5.143309     3.690502     4.301074
    2.406608     5.143309     3.690502
    4.413469     2.406608     5.143309
    2.612763     4.413469     2.406608
    2.733078     2.612763     4.413469
    2.814446     2.733078     2.612763
    2.871768     2.814446     2.733078
    2.982048     2.871768     2.814446
    3.101340     2.982048     2.871768
    1.622839     3.101340     2.982048
    0.915758     1.622839     3.101340
    1.551172     0.915758     1.622839
    0.399229     1.551172     0.915758
    1.759843     0.399229     1.551172
    2.693430     1.759843     0.399229
    2.418530     2.693430     1.759843
    3.238079     2.418530     2.693430
    4.582864     3.238079     2.418530
    4.831861     4.582864     3.238079
    2.807056     4.831861     4.582864
    3.369012     2.807056     4.831861
    3.175659     3.369012     2.807056
    2.200640     3.175659     3.369012
    3.573984     2.200640     3.175659
    3.763540     3.573984     2.200640
    3.156022     3.763540     3.573984
    2.930087     3.156022     3.763540
    2.615420     2.930087     3.156022
    2.296382     2.615420     2.930087
    2.864806     2.296382     2.615420
    3.687113     2.864806     2.296382
    2.986745     3.687113     2.864806
    2.695917     2.986745     3.687113
    3.912167     2.695917     2.986745
    2.678860     3.912167     2.695917
    3.649157     2.678860     3.912167
    4.271245     3.649157     2.678860
    4.435635     4.271245     3.649157
    4.350255     4.435635     4.271245
    3.578257     4.350255     4.435635
    5.346722     3.578257     4.350255
    5.210849     5.346722     3.578257
    3.473827     5.210849     5.346722
    3.557193     3.473827     5.210849
    3.954147     3.557193     3.473827
    2.969018     3.954147     3.557193
    3.248805     2.969018     3.954147
    4.133670     3.248805     2.969018
    2.698475     4.133670     3.248805
    3.567184     2.698475     4.133670
    2.649014     3.567184     2.698475
    3.291589     2.649014     3.567184
    4.552439     3.291589     2.649014
    5.473428     4.552439     3.291589
    5.453672     5.473428     4.552439
    5.062102     5.453672     5.473428
    3.400600     5.062102     5.453672
    3.213389     3.400600     5.062102
    3.296622     3.213389     3.400600
    2.092045     3.296622     3.213389
    3.331534     2.092045     3.296622
    4.325105     3.331534     2.092045
    3.201095     4.325105     3.331534
    3.473882     3.201095     4.325105
    3.878973     3.473882     3.201095
    2.275489     3.878973     3.473882
    4.180009     2.275489     3.878973
    4.465515     4.180009     2.275489
    3.500842     4.465515     4.180009
    3.302965     3.500842     4.465515
    3.618035     3.302965     3.500842
    5.472256     3.618035     3.302965
    4.641514     5.472256     3.618035
    4.237240     4.641514     5.472256
    4.455918     4.237240     4.641514
    3.556759     4.455918     4.237240
    4.630782     3.556759     4.455918
    4.740297     4.630782     3.556759
    2.669343     4.740297     4.630782
    2.322149     2.669343     4.740297
    2.784991     2.322149     2.669343
    2.410629     2.784991     2.322149
    2.110035     2.410629     2.784991
    2.166779     2.110035     2.410629
    5.025521     2.166779     2.110035
    5.468572     5.025521     2.166779
    4.576971     5.468572     5.025521
    4.958076     4.576971     5.468572
    3.967077     4.958076     4.576971
    5.794149     3.967077     4.958076
    6.746380     5.794149     3.967077
    5.080330     6.746380     5.794149
    6.507341     5.080330     6.746380
    4.927785     6.507341     5.080330
    5.407603     4.927785     6.507341
    4.991816     5.407603     4.927785
    5.133087     4.991816     5.407603
    5.922840     5.133087     4.991816
    5.902968     5.922840     5.133087
    3.964860     5.902968     5.922840
    3.743656     3.964860     5.902968
    4.103882     3.743656     3.964860
    4.685295     4.103882     3.743656
    2.786410     4.685295     4.103882
    4.569929     2.786410     4.685295
    5.357407     4.569929     2.786410
    3.428052     5.357407     4.569929
    5.603998     3.428052     5.357407
    3.327319     5.603998     3.428052
    2.041822     3.327319     5.603998
    2.617231     2.041822     3.327319
    3.998896     2.617231     2.041822
    2.582353     3.998896     2.617231
    2.104527     2.582353     3.998896
    2.464625     2.104527     2.582353
    2.589192     2.464625     2.104527
    3.834910     2.589192     2.464625
    3.200475     3.834910     2.589192
    4.048414     3.200475     3.834910
    3.659591     4.048414     3.200475
    2.511443     3.659591     4.048414
    3.268713     2.511443     3.659591
    2.274284     3.268713     2.511443
    0.774296     2.274284     3.268713
    2.571612     0.774296     2.274284
    1.981537     2.571612     0.774296
    1.644162     1.981537     2.571612
    1.136985     1.644162     1.981537
    1.688489     1.136985     1.644162
    2.472543     1.688489     1.136985
    3.537680     2.472543     1.688489
    4.045132     3.537680     2.472543
    2.035436     4.045132     3.537680
    2.067079     2.035436     4.045132
    2.084009     2.067079     2.035436
    3.208354     2.084009     2.067079
    2.354661     3.208354     2.084009
    2.829134     2.354661     3.208354
    1.208117     2.829134     2.354661
    2.127274     1.208117     2.829134
    2.097657     2.127274     1.208117
    3.859741     2.097657     2.127274
    3.129365     3.859741     2.097657
    4.463558     3.129365     3.859741
    3.523189     4.463558     3.129365
    3.237340     3.523189     4.463558
    2.667530     3.237340     3.523189
    5.114671     2.667530     3.237340
    4.269778     5.114671     2.667530
    5.281653     4.269778     5.114671
    4.411487     5.281653     4.269778
    3.872952     4.411487     5.281653
    2.764434     3.872952     4.411487
    1.590719     2.764434     3.872952
    2.612878     1.590719     2.764434
    2.049173     2.612878     1.590719
    1.255545     2.049173     2.612878
    0.689927     1.255545     2.049173
    0.724426     0.689927     1.255545
   -0.113207     0.724426     0.689927
    1.524354    -0.113207     0.724426
    3.246969     1.524354    -0.113207
    1.367816     3.246969     1.524354
    1.581536     1.367816     3.246969
    1.754015     1.581536     1.367816
    2.568404     1.754015     1.581536
    2.295854     2.568404     1.754015
    2.575830     2.295854     2.568404
    1.912634     2.575830     2.295854
    1.950719     1.912634     2.575830
    3.651125     1.950719     1.912634
    2.798285     3.651125     1.950719
    3.020103     2.798285     3.651125
    2.720415     3.020103     2.798285
    1.135753     2.720415     3.020103
    4.022759     1.135753     2.720415
    4.175109     4.022759     1.135753
    4.033125     4.175109     4.022759
    3.829814     4.033125     4.175109
    2.227143     3.829814     4.033125
    2.962960     2.227143     3.829814
    5.129314     2.962960     2.227143
    3.030716     5.129314     2.962960
    2.900637     3.030716     5.129314
    2.687760     2.900637     3.030716
    2.569877     2.687760     2.900637
    2.911324     2.569877     2.687760
    2.367476     2.911324     2.569877
    2.374164     2.367476     2.911324
    1.671419     2.374164     2.367476
    1.210800     1.671419     2.374164
    3.368944     1.210800     1.671419
    2.840467     3.368944     1.210800
    5.910716     2.840467     3.368944
    4.419296     5.910716     2.840467
    3.442252     4.419296     5.910716
    4.678115     3.442252     4.419296
    6.476573     4.678115     3.442252
    4.516233     6.476573     4.678115
    4.433947     4.516233     6.476573
    3.657740     4.433947     4.516233
    3.679019     3.657740     4.433947
    2.898599     3.679019     3.657740
    3.911149     2.898599     3.679019
    3.196491     3.911149     2.898599
    2.699973     3.196491     3.911149
    3.910514     2.699973     3.196491
    4.177095     3.910514     2.699973
    2.891487     4.177095     3.910514
    3.472699     2.891487     4.177095
    4.972032     3.472699     2.891487
    3.915629     4.972032     3.472699
    3.934998     3.915629     4.972032
    3.352350     3.934998     3.915629
    3.126840     3.352350     3.934998
    4.228756     3.126840     3.352350
    4.828830     4.228756     3.126840
    6.516382     4.828830     4.228756
    4.658490     6.516382     4.828830
    5.167267     4.658490     6.516382
    4.602908     5.167267     4.658490
    5.561303     4.602908     5.167267
    4.726717     5.561303     4.602908
    5.859936     4.726717     5.561303
    5.111290     5.859936     4.726717
    4.151130     5.111290     5.859936
    6.999726     4.151130     5.111290
    4.772455     6.999726     4.151130
    4.982566     4.772455     6.999726
    4.872230     4.982566     4.772455
    5.749134     4.872230     4.982566
    4.627923     5.749134     4.872230
    5.767971     4.627923     5.749134
    5.314279     5.767971     4.627923
    5.492020     5.314279     5.767971
    6.207405     5.492020     5.314279
    5.196671     6.207405     5.492020
    3.035340     5.196671     6.207405
    2.908418     3.035340     5.196671
    3.921549     2.908418     3.035340
    3.609834     3.921549     2.908418
    3.742761     3.609834     3.921549
    2.777806     3.742761     3.609834
    2.605473     2.777806     3.742761
    2.337773     2.605473     2.777806
    3.319453     2.337773     2.605473
    3.354613     3.319453     2.337773
    4.165114     3.354613     3.319453
    1.838133     4.165114     3.354613
    1.494122     1.838133     4.165114
    3.015112     1.494122     1.838133
    3.132410     3.015112     1.494122
    2.554142     3.132410     3.015112
    2.300443     2.554142     3.132410
    3.473170     2.300443     2.554142
    2.789737     3.473170     2.300443
