    4.665274     4.224869     3.735681
    4.065143     4.665274     4.224869
    4.203821     4.065143     4.665274
    3.515896     4.203821     4.065143
    3.142732     3.515896     4.203821
    3.646726     3.142732     3.515896
    4.187066     3.646726     3.142732
    2.218006     4.187066     3.646726
    3.813538     2.218006     4.187066
    3.242510     3.813538     2.218006
    4.826261     3.242510     3.813538
    3.794002     4.826261     3.242510
    2.408279     3.794002     4.826261
    3.232867     2.408279     3.794002
    4.975251     3.232867     2.408279
    2.241936     4.975251     3.232867
    2.596355     2.241936     4.975251
    2.309871     2.596355     2.241936
    1.798075     2.309871     2.596355
    3.341002     1.798075     2.309871
    3.156413     3.341002     1.798075
    3.132881     3.156413     3.341002
    4.716912     3.132881     3.156413
    4.424080     4.716912     3.132881
    2.314765     4.424080     4.716912
    2.167238     2.314765     4.424080
    1.600418     2.167238     2.314765
    2.021933     1.600418     2.167238
    0.099457     2.021933     1.600418
    0.099089     0.099457     2.021933
    0.646013     0.099089     0.099457
    1.685916     0.646013     0.099089
    2.095351     1.685916     0.646013
    1.316434     2.095351     1.685916
    0.928595     1.316434     2.095351
    0.985840     0.928595     1.316434
    1.281221     0.985840     0.928595
    0.115123     1.281221     0.985840
    2.455070     0.115123     1.281221
    0.584102     2.455070     0.115123
    0.737987     0.584102     2.455070
    1.270249     0.737987     0.584102
    0.524487     1.270249     0.737987
    0.208883     0.524487     1.270249
    2.000971     0.208883     0.524487
    0.961489     2.000971     0.208883
    2.220395     0.961489     2.000971
    2.297764     2.220395     0.961489
    3.514812     2.297764     2.220395
    2.636319     3.514812     2.297764
    3.038241     2.636319     3.514812
    1.743860     3.038241     2.636319
    2.475083     1.743860     3.038241
    1.982601     2.475083     1.743860
    3.899036     1.982601     2.475083
    4.436882     3.899036     1.982601
    3.895100     4.436882     3.899036
    3.833592     3.895100     4.436882
    5.387739     3.833592     3.895100
    4.136925     5.387739     3.833592
    4.426657     4.136925     5.387739
    5.404975     4.426657     4.136925
    4.348463     5.404975     4.426657
    3.048147     4.348463     5.404975
    2.710788     3.048147     4.348463
    3.703479     2.710788     3.048147
    3.884420     3.703479     2.710788
    5.179678     3.884420     3.703479
    3.942048     5.179678     3.884420
    3.834126     3.942048     5.179678
    3.202217     3.834126     3.942048
    4.785946     3.202217     3.834126
    1.617762     4.785946     3.202217
    2.914356     1.617762     4.785946
    4.576712     2.914356     1.617762
    3.911089     4.576712     2.914356
    4.452155     3.911089     4.576712
    4.561419     4.452155     3.911089
    4.964502     4.561419     4.452155
    3.794768     4.964502     4.561419
    5.837512     3.794768     4.964502
    4.241594     5.837512     3.794768
    4.744354     4.241594     5.837512
    4.297621     4.744354     4.241594
    2.285242     4.297621     4.744354
    2.758079     2.285242     4.297621
    4.383140     2.758079     2.285242
    5.013054     4.383140     2.758079
    4.635225     5.013054     4.383140
    4.635231     4.635225     5.013054
    4.476254     4.635231     4.635225
    2.673540     4.476254     4.635231
    4.067689     2.673540     4.476254
    3.838717     4.067689     2.673540
    4.951020     3.838717     4.067689
    3.589895     4.951020     3.838717
    2.944923     3.589895     4.951020
    3.545445     2.944923     3.589895
    3.027583     3.545445     2.944923
    3.059787     3.027583     3.545445
    1.648807     3.059787     3.027583
    3.775130     1.648807     3.059787
    4.657870     3.775130     1.648807
    4.195852     4.657870     3.775130
    4.185072     4.195852     4.657870
    3.998265     4.185072     4.195852
    3.413819     3.998265     4.185072
    2.763088     3.413819     3.998265
    4.814981     2.763088     3.413819
    4.923869     4.814981     2.763088
    3.734180     4.923869     4.814981
    4.275788     3.734180     4.923869
    3.395541     4.275788     3.734180
    2.273721     3.395541     4.275788
    1.543861     2.273721     3.395541
    3.447733     1.543861     2.273721
    2.810864     3.447733     1.543861
    4.209172     2.810864     3.447733
    4.368570     4.209172     2.810864
    4.554399     4.368570     4.209172
    3.949851     4.554399     4.368570
    5.640125     3.949851     4.554399
    4.809091     5.640125     3.949851
    4.314825     4.809091     5.640125
    3.008166     4.314825     4.809091
    4.876414     3.008166     4.314825
    5.596303     4.876414     3.008166
    6.736956     5.596303     4.876414
    5.417177     6.736956     5.596303
    5.590732     5.417177     6.736956
    4.617687     5.590732     5.417177
    3.364541     4.617687     5.590732
    3.575932     3.364541     4.617687
    3.447012     3.575932     3.364541
    3.820591     3.447012     3.575932
    3.512004     3.820591     3.447012
    3.006771     3.512004     3.820591
    3.959041     3.006771     3.512004
    3.950113     3.959041     3.006771
    2.268490     3.950113     3.959041
    2.670927     2.268490     3.950113
    2.137299     2.670927     2.268490
    0.483434     2.137299     2.670927
    1.738451     0.483434     2.137299
    1.533878     1.738451     0.483434
    1.596128     1.533878     1.738451
    3.113700     1.596128     1.533878
    3.967416     3.113700     1.596128
    3.882746     3.967416     3.113700
    3.910559     3.882746     3.967416
    2.539526     3.910559     3.882746
    2.667028     2.539526     3.910559
    2.466317     2.667028     2.539526
    2.119577     2.466317     2.667028
    3.305210     2.119577     2.466317
    2.811776     3.305210     2.119577
    4.277564     2.811776     3.305210
    4.518292     4.277564     2.811776
    5.508133     4.518292     4.277564
    5.374607     5.508133     4.518292
    5.143604     5.374607     5.508133
    3.071247     5.143604     5.374607
    2.281911     3.071247     5.143604
    2.255249     2.281911     3.071247
    2.016624     2.255249     2.281911
    2.024241     2.016624     2.255249
    3.018969     2.024241     2.016624
    3.525285     3.018969     2.024241
    1.590945     3.525285     3.018969
    2.045796     1.590945     3.525285
   -0.295233     2.045796     1.590945
    2.136678    -0.295233     2.045796
    3.570353     2.136678    -0.295233
    4.562588     3.570353     2.136678
    3.335670     4.562588     3.570353
    3.705329     3.335670     4.562588
    3.753306     3.705329     3.335670
    2.887884     3.753306     3.705329
    2.332591     2.887884     3.753306
    3.360453     2.332591     2.887884
    2.786511     3.360453     2.332591
    2.789747     2.786511     3.360453
    2.234483     2.789747     2.786511
    2.501506     2.234483     2.789747
    1.234597     2.501506     2.234483
    0.817084     1.234597     2.501506
    2.371885     0.817084     1.234597
    2.701649     2.371885     0.817084
    1.098950     2.701649     2.371885
    3.721821     1.098950     2.701649
    3.397609     3.721821     1.098950
    3.488635     3.397609     3.721821
    3.184372     3.488635     3.397609
    4.472978     3.184372     3.488635
    4.438599     4.472978     3.184372
    3.808702     4.438599     4.472978
    4.394338     3.808702     4.438599
    4.111715     4.394338     3.808702
    3.982475     4.111715     4.394338
    4.473880     3.982475     4.111715
    5.040023     4.473880     3.982475
    5.673246     5.040023     4.473880
    5.333429     5.673246     5.040023
    5.296218     5.333429     5.673246
    4.147000     5.296218     5.333429
    4.198974     4.147000     5.296218
    3.777013     4.198974     4.147000
    4.693885     3.777013     4.198974
    3.596038     4.693885     3.777013
    2.135908     3.596038     4.693885
    3.009858     2.135908     3.596038
    3.634206     3.009858     2.135908
    4.517350     3.634206     3.009858
    3.875900     4.517350     3.634206
    4.083758     3.875900     4.517350
    3.816417     4.083758     3.875900
    2.683510     3.816417     4.083758
    2.766658     2.683510     3.816417
    4.079039     2.766658     2.683510
    2.669120     4.079039     2.766658
    3.762398     2.669120     4.079039
    4.402426     3.762398     2.669120
    4.184539     4.402426     3.762398
    3.646805     4.184539     4.402426
    2.527222     3.646805     4.184539
    2.699959     2.527222     3.646805
    3.061582     2.699959     2.527222
    4.023131     3.061582     2.699959
    2.407269     4.023131     3.061582
    2.082962     2.407269     4.023131
    2.784286     2.082962     2.407269
    3.954485     2.784286     2.082962
    4.131094     3.954485     2.784286
    4.276749     4.131094     3.954485
    5.907755     4.276749     4.131094
    4.651537     5.907755     4.276749
    3.733412     4.651537     5.907755
    3.620596     3.733412     4.651537
    3.033021     3.620596     3.733412
    3.133018     3.033021     3.620596
    2.524339     3.133018     3.033021
    4.159607     2.524339     3.133018
    3.223678     4.159607     2.524339
    3.719497     3.223678     4.159607
    4.464615     3.719497     3.223678
    3.407327     4.464615     3.719497
    5.216713     3.407327     4.464615
    4.244353     5.216713     3.407327
    3.093673     4.244353     5.216713
    2.885046     3.093673     4.244353
    2.942491     2.885046     3.093673
    2.774026     2.942491     2.885046
    3.962707     2.774026     2.942491
    5.225984     3.962707     2.774026
    6.628455     5.225984     3.962707
    5.683988     6.628455     5.225984
    5.670121     5.683988     6.628455
    4.496794     5.670121     5.683988
    4.224839     4.496794     5.670121
    2.911050     4.224839     4.496794
    2.839061     2.911050     4.224839
    3.292916     2.839061     2.911050
    4.351721     3.292916     2.839061
    2.936463     4.351721     3.292916
    3.657788     2.936463     4.351721
    2.332746     3.657788     2.936463
    3.328437     2.332746     3.657788
    2.878608     3.328437     2.332746
    2.468479     2.878608     3.328437
    1.994480     2.468479     2.878608
    3.243230     1.994480     2.468479
    2.798884     3.243230     1.994480
    2.111702     2.798884     3.243230
    3.603770     2.111702     2.798884
    5.309055     3.603770     2.111702
    4.418831     5.309055     3.603770
    3.454480     4.418831     5.309055
    4.101284     3.454480     4.418831
    3.252512     4.101284     3.454480
    3.537627     3.252512     4.101284
    2.494867     3.537627     3.252512
    3.594483     2.494867     3.537627
    3.468360     3.594483     2.494867
    4.903499     3.468360     3.594483
    3.960320     4.903499     3.468360
    4.996269     3.960320     4.903499
    3.403416     4.996269     3.960320
    3.104412     3.403416     4.996269
    1.965056     3.104412     3.403416
    1.805938     1.965056     3.104412
    2.086618     1.805938     1.965056
    3.322023     2.086618     1.805938
    3.705814     3.322023     2.086618
    2.854624     3.705814     3.322023
    1.817079     2.854624     3.705814
    3.285952     1.817079     2.854624
    0.635293     3.285952     1.817079
    1.267329     0.635293     3.285952
    1.200206     1.267329     0.635293
    2.446401     1.200206     1.267329
    3.032070     2.446401     1.200206
    2.737046     3.032070     2.446401
    1.786741     2.737046     3.032070
    4.711136     1.786741     2.737046
    3.360886     4.711136     1.786741
    4.096650     3.360886     4.711136
    4.090355     4.096650     3.360886
    4.836700     4.090355     4.096650
    5.950794     4.836700     4.090355
    4.540436     5.950794     4.836700
    4.841628     4.540436     5.950794
    4.518715     4.841628     4.540436
    6.048949     4.518715     4.841628
    5.231106     6.048949     4.518715
    4.995192     5.231106     6.048949
    4.359163     4.995192     5.231106
    4.259389     4.359163     4.995192
    4.584760     4.259389     4.359163
    4.765460     4.584760     4.259389
    6.314328     4.765460     4.584760
    4.937952     6.314328     4.765460
    4.150846     4.937952     6.314328
    3.883650     4.150846     4.937952
    1.448526     3.883650     4.150846
    3.555386     1.448526     3.883650
    3.049330     3.555386     1.448526
    3.271189     3.049330     3.555386
    2.719297     3.271189     3.049330
    2.181839     2.719297     3.271189
    3.022355     2.181839     2.719297
    4.147740     3.022355     2.181839
    4.085856     4.147740     3.022355
    4.156589     4.085856     4.147740
    3.307114     4.156589     4.085856
    2.620339     3.307114     4.156589
    2.834301     2.620339     3.307114
    2.502211     2.834301     2.620339
    3.456058     2.502211     2.834301
    2.098712     3.456058     2.502211
    0.827791     2.098712     3.456058
    2.202390     0.827791     2.098712
    3.048388     2.202390     0.827791
    1.001524     3.048388     2.202390
    2.871261     1.001524     3.048388
    2.957727     2.871261     1.001524
    0.916160     2.957727     2.871261
    2.451957     0.916160     2.957727
    1.766966     2.451957     0.916160
    1.521033     1.766966     2.451957
    2.024505     1.521033     1.766966
    0.872523     2.024505     1.521033
    0.402496     0.872523     2.024505
    2.724719     0.402496     0.872523
    2.531242     2.724719     0.402496
    3.576628     2.531242     2.724719
    2.708820     3.576628     2.531242
    1.819400     2.708820     3.576628
    1.931406     1.819400     2.708820
    1.309850     1.931406     1.819400
   -0.905298     1.309850     1.931406
    2.242889    -0.905298     1.309850
    1.830334     2.242889    -0.905298
    2.176599     1.830334     2.242889
    2.586286     2.176599     1.830334
    4.060723     2.586286     2.176599
    4.510421     4.060723     2.586286
    4.151241     4.510421     4.060723
    5.371590     4.151241     4.510421
    3.360125     5.371590     4.151241
    2.354283     3.360125     5.371590
    2.320669     2.354283     3.360125
    1.502858     2.320669     2.354283
    3.237478     1.502858     2.320669
    3.134108     3.237478     1.502858
    1.850028     3.134108     3.237478
    3.819555     1.850028     3.134108
    2.969755     3.819555     1.850028
    4.087044     2.969755     3.819555
    3.266455     4.087044     2.969755
    5.067031     3.266455     4.087044
    4.114922     5.067031     3.266455
    5.082186     4.114922     5.067031
    4.354872     5.082186     4.114922
    4.466827     4.354872     5.082186
    3.395082     4.466827     4.354872
    2.924706     3.395082     4.466827
    2.883647     2.924706     3.395082
    1.921866     2.883647     2.924706
    2.893064     1.921866     2.883647
    2.637476     2.893064     1.921866
    3.042442     2.637476     2.893064
    2.529611     3.042442     2.637476
    3.264123     2.529611     3.042442
    4.566769     3.264123     2.529611
    2.700413     4.566769     3.264123
    2.121672     2.700413     4.566769
    3.025237     2.121672     2.700413
    2.250120     3.025237     2.121672
    2.371420     2.250120     3.025237
    2.341603     2.371420     2.250120
    1.450744     2.341603     2.371420
    2.891090     1.450744     2.341603
    1.777967     2.891090     1.450744
    0.965999     1.777967     2.891090
    3.571148     0.965999     1.777967
    4.243477     3.571148     0.965999
    3.598533     4.243477     3.571148
    1.817735     3.598533     4.243477
    1.745701     1.817735     3.598533
    3.341247     1.745701     1.817735
    1.580820     3.341247     1.745701
    1.194073     1.580820     3.341247
    2.856758     1.194073     1.580820
    3.384574     2.856758     1.194073
    2.997152     3.384574     2.856758
    1.982087     2.997152     3.384574
    2.233484     1.982087     2.997152
    3.540525     2.233484     1.982087
    5.758109     3.540525     2.233484
    3.905829     5.758109     3.540525
    4.048420     3.905829     5.758109
    4.352965     4.048420     3.905829
    2.520232     4.352965     4.048420
    2.752290     2.520232     4.352965
    1.011854     2.752290     2.520232
    1.678530     1.011854     2.752290
    1.464909     1.678530     1.011854
    2.176902     1.464909     1.678530
    2.012514     2.176902     1.464909
    2.527134     2.012514     2.176902
    1.031599     2.527134     2.012514
    2.049860     1.031599     2.527134
    3.880769     2.049860     1.031599
    5.005190     3.880769     2.049860
    3.366039     5.005190     3.880769
    5.493766     3.366039     5.005190
    4.815031     5.493766     3.366039
    4.785866     4.815031     5.493766
    4.790590     4.785866     4.815031
    3.759686     4.790590     4.785866
    4.281878     3.759686     4.790590
    3.763753     4.281878     3.759686
    3.627215     3.763753     4.281878
    4.621050     3.627215     3.763753
    2.910660     4.621050     3.627215
    4.527925     2.910660     4.621050
    2.396865     4.527925     2.910660
    1.141558     2.396865     4.527925
    1.098359     1.141558     2.396865
    3.144142     1.098359     1.141558
    4.382456     3.144142     1.098359
    3.023524     4.382456     3.144142
    1.716187     3.023524     4.382456
    2.495189     1.716187     3.023524
    2.819777     2.495189     1.716187
    4.034072     2.819777     2.495189
    5.859672     4.034072     2.819777
    7.761281     5.859672     4.034072
    5.082834     7.761281     5.859672
    4.329545     5.082834     7.761281
    3.370739     4.329545     5.082834
    3.860404     3.370739     4.329545
    3.997575     3.860404     3.370739
    4.393026     3.997575     3.860404
    4.776714     4.393026     3.997575
    5.262913     4.776714     4.393026
    4.627190     5.262913     4.776714
    4.584321     4.627190     5.262913
    4.781030     4.584321     4.627190
    5.113153     4.781030     4.584321
    3.851967     5.113153     4.781030
    5.005379     3.851967     5.113153
    4.007878     5.005379     3.851967
    2.703534     4.007878     5.005379
    0.956653     2.703534     4.007878
    1.911847     0.956653     2.703534
    0.756094     1.911847     0.956653
    2.792474     0.756094     1.911847
    1.712251     2.792474     0.756094
    1.826701     1.712251     2.792474
    1.146682     1.826701     1.712251
    1.625737     1.146682     1.826701
    3.754419     1.625737     1.146682
    2.730461     3.754419     1.625737
    2.212256     2.730461     3.754419
    2.444720     2.212256     2.730461
    3.142993     2.444720     2.212256
    2.754992     3.142993     2.444720
    4.404757     2.754992     3.142993
    3.954509     4.404757     2.754992
    2.900934     3.954509     4.404757
    2.841808     2.900934     3.954509
    3.196105     2.841808     2.900934
    3.665560     3.196105     2.841808
    3.333035     3.665560     3.196105
    1.941896     3.333035     3.665560
    2.200640     1.941896     3.333035
    2.179826     2.200640     1.941896
    2.494577     2.179826     2.200640
    2.195315     2.494577     2.179826
