    3.285211     3.056204     4.462999
    2.205490     3.285211     3.056204
    3.031114     2.205490     3.285211
    1.723405     3.031114     2.205490
   -0.106833     1.723405     3.031114
    0.787072    -0.106833     1.723405
    1.691693     0.787072    -0.106833
    0.513092     1.691693     0.787072
    1.870876     0.513092     1.691693
    1.199816     1.870876     0.513092
    2.778983     1.199816     1.870876
    1.444035     2.778983     1.199816
    2.940431     1.444035     2.778983
    2.533612     2.940431     1.444035
    2.750339     2.533612     2.940431
    2.757511     2.750339     2.533612
    3.654342     2.757511     2.750339
    3.653414     3.654342     2.757511
    3.557581     3.653414     3.654342
    2.949968     3.557581     3.653414
    2.955207     2.949968     3.557581
    0.976772     2.955207     2.949968
    0.862498     0.976772     2.955207
    1.868763     0.862498     0.976772
    3.385851     1.868763     0.862498
    2.437630     3.385851     1.868763
    3.976628     2.437630     3.385851
    3.869777     3.976628     2.437630
    6.187488     3.869777     3.976628
    3.473279     6.187488     3.869777
    2.933069     3.473279     6.187488
    3.263416     2.933069     3.473279
    3.554579     3.263416     2.933069
    3.063541     3.554579     3.263416
    2.738921     3.063541     3.554579
    3.575173     2.738921     3.063541
    2.451668     3.575173     2.738921
    2.088108     2.451668     3.575173
    1.890394     2.088108     2.451668
    5.151035     1.890394     2.088108
    3.599304     5.151035     1.890394
    3.136447     3.599304     5.151035
    4.994767     3.136447     3.599304
    3.962772     4.994767     3.136447
    3.845326     3.962772     4.994767
    5.412543     3.845326     3.962772
    3.656264     5.412543     3.845326
    4.444399     3.656264     5.412543
    3.938884     4.444399     3.656264
    5.663953     3.938884     4.444399
    5.744357     5.663953     3.938884
    5.655722     5.744357     5.663953
    4.979025     5.655722     5.744357
    4.201709     4.979025     5.655722
    4.359235     4.201709     4.979025
    2.542260     4.359235     4.201709
    6.039687     2.542260     4.359235
    3.609698     6.039687     2.542260
    2.434851     3.609698     6.039687
    2.657523     2.434851     3.609698
    2.221126     2.657523     2.434851
    2.732440     2.221126     2.657523
    2.191437     2.732440     2.221126
    2.919401     2.191437     2.732440
    2.801591     2.919401     2.191437
    3.306033     2.801591     2.919401
    3.644128     3.306033     2.801591
    3.452377     3.644128     3.306033
    3.560023     3.452377     3.644128
    2.659000     3.560023     3.452377
    3.498084     2.659000     3.560023
    2.644935     3.498084     2.659000
    1.718752     2.644935     3.498084
    3.260679     1.718752     2.644935
    2.112110     3.260679     1.718752
    4.576776     2.112110     3.260679
    3.745141     4.576776     2.112110
    5.496147     3.745141     4.576776
    5.958880     5.496147     3.745141
    5.073568     5.958880     5.496147
    3.646165     5.073568     5.958880
    4.314328     3.646165     5.073568
    3.489360     4.314328     3.646165
    3.596540     3.489360     4.314328
    1.966027     3.596540     3.489360
    3.336399     1.966027     3.596540
    3.580517     3.336399     1.966027
    3.290644     3.580517     3.336399
    4.177365     3.290644     3.580517
    3.754922     4.177365     3.290644
    3.974274     3.754922     4.177365
    4.663781     3.974274     3.754922
    3.234685     4.663781     3.974274
    3.622028     3.234685     4.663781
    3.953826     3.622028     3.234685
    2.144766     3.953826     3.622028
    4.050238     2.144766     3.953826
    4.102957     4.050238     2.144766
    3.159694     4.102957     4.050238
    4.277670     3.159694     4.102957
    3.475277     4.277670     3.159694
    2.892197     3.475277     4.277670
    2.206255     2.892197     3.475277
    3.683430     2.206255     2.892197
    3.713159     3.683430     2.206255
    3.222809     3.713159     3.683430
    2.632156     3.222809     3.713159
    2.093335     2.632156     3.222809
    1.617618     2.093335     2.632156
    1.832455     1.617618     2.093335
    2.577842     1.832455     1.617618
    1.166132     2.577842     1.832455
    2.063181     1.166132     2.577842
    2.615681     2.063181     1.166132
    4.262745     2.615681     2.063181
    3.724488     4.262745     2.615681
    3.062245     3.724488     4.262745
    3.002722     3.062245     3.724488
    2.918053     3.002722     3.062245
    2.669985     2.918053     3.002722
    4.894708     2.669985     2.918053
    4.203790     4.894708     2.669985
    4.592536     4.203790     4.894708
    5.087829     4.592536     4.203790
    4.713904     5.087829     4.592536
    3.334201     4.713904     5.087829
    3.068849     3.334201     4.713904
    3.516239     3.068849     3.334201
    3.700121     3.516239     3.068849
    2.229941     3.700121     3.516239
    3.749324     2.229941     3.700121
    4.186800     3.749324     2.229941
    3.726796     4.186800     3.749324
    3.074141     3.726796     4.186800
    2.575617     3.074141     3.726796
    1.254269     2.575617     3.074141
    3.717499     1.254269     2.575617
    5.192208     3.717499     1.254269
    4.328306     5.192208     3.717499
    3.025818     4.328306     5.192208
    2.475500     3.025818     4.328306
    2.884929     2.475500     3.025818
    3.467546     2.884929     2.475500
    1.336975     3.467546     2.884929
    2.990629     1.336975     3.467546
    3.055532     2.990629     1.336975
    4.321805     3.055532     2.990629
    2.672381     4.321805     3.055532
    3.920131     2.672381     4.321805
    3.201913     3.920131     2.672381
    2.959917     3.201913     3.920131
    3.456944     2.959917     3.201913
    1.704635     3.456944     2.959917
    3.432697     1.704635     3.456944
    3.544865     3.432697     1.704635
    4.137676     3.544865     3.432697
    4.220342     4.137676     3.544865
    4.643825     4.220342     4.137676
    2.506169     4.643825     4.220342
    3.261017     2.506169     4.643825
    4.875883     3.261017     2.506169
    2.633089     4.875883     3.261017
    4.369259     2.633089     4.875883
    4.416866     4.369259     2.633089
    4.824247     4.416866     4.369259
    5.189935     4.824247     4.416866
    4.312422     5.189935     4.824247
    3.558572     4.312422     5.189935
    4.401509     3.558572     4.312422
    3.543906     4.401509     3.558572
    3.954729     3.543906     4.401509
    3.887358     3.954729     3.543906
    3.305756     3.887358     3.954729
    2.967332     3.305756     3.887358
    1.268939     2.967332     3.305756
    2.399437     1.268939     2.967332
    4.093078     2.399437     1.268939
    3.283679     4.093078     2.399437
    3.834428     3.283679     4.093078
    3.964770     3.834428     3.283679
    2.050748     3.964770     3.834428
    3.021921     2.050748     3.964770
    1.477599     3.021921     2.050748
    0.570021     1.477599     3.021921
    0.564593     0.570021     1.477599
    1.451505     0.564593     0.570021
    1.275593     1.451505     0.564593
   -0.135411     1.275593     1.451505
    0.170594    -0.135411     1.275593
    1.569046     0.170594    -0.135411
    2.233448     1.569046     0.170594
    2.855437     2.233448     1.569046
    3.680937     2.855437     2.233448
    4.693215     3.680937     2.855437
    5.726474     4.693215     3.680937
    7.750529     5.726474     4.693215
    6.202723     7.750529     5.726474
    3.848716     6.202723     7.750529
    2.192562     3.848716     6.202723
    2.182121     2.192562     3.848716
    2.977843     2.182121     2.192562
    0.984017     2.977843     2.182121
    1.810239     0.984017     2.977843
    1.999398     1.810239     0.984017
    2.903713     1.999398     1.810239
    3.623052     2.903713     1.999398
    1.013619     3.623052     2.903713
    2.003408     1.013619     3.623052
    3.283810     2.003408     1.013619
    4.202531     3.283810     2.003408
    3.739066     4.202531     3.283810
    4.084096     3.739066     4.202531
    4.705372     4.084096     3.739066
    4.926416     4.705372     4.084096
    6.157245     4.926416     4.705372
    5.160516     6.157245     4.926416
    4.722427     5.160516     6.157245
    4.608881     4.722427     5.160516
    3.622456     4.608881     4.722427
    1.037485     3.622456     4.608881
    2.255160     1.037485     3.622456
    2.993354     2.255160     1.037485
    5.117105     2.993354     2.255160
    5.071335     5.117105     2.993354
    3.156660     5.071335     5.117105
    4.887265     3.156660     5.071335
    4.429753     4.887265     3.156660
    5.123544     4.429753     4.887265
    5.510082     5.123544     4.429753
    4.451122     5.510082     5.123544
    3.535773     4.451122     5.510082
    4.423280     3.535773     4.451122
    4.529249     4.423280     3.535773
    2.717401     4.529249     4.423280
    2.134458     2.717401     4.529249
    3.217456     2.134458     2.717401
    2.467977     3.217456     2.134458
    1.376889     2.467977     3.217456
    2.065765     1.376889     2.467977
    3.211447     2.065765     1.376889
    1.969176     3.211447     2.065765
    2.669324     1.969176     3.211447
    2.651675     2.669324     1.969176
    2.783851     2.651675     2.669324
    1.995794     2.783851     2.651675
    2.065394     1.995794     2.783851
    2.914246     2.065394     1.995794
    2.216154     2.914246     2.065394
    3.506642     2.216154     2.914246
    2.166701     3.506642     2.216154
    2.523642     2.166701     3.506642
    2.461980     2.523642     2.166701
    2.651523     2.461980     2.523642
    3.385873     2.651523     2.461980
    2.407037     3.385873     2.651523
    2.620717     2.407037     3.385873
    3.208840     2.620717     2.407037
    2.231921     3.208840     2.620717
    2.069728     2.231921     3.208840
    1.592373     2.069728     2.231921
    2.519400     1.592373     2.069728
    1.147667     2.519400     1.592373
    3.549040     1.147667     2.519400
    2.493003     3.549040     1.147667
    2.331135     2.493003     3.549040
    3.316553     2.331135     2.493003
    3.948518     3.316553     2.331135
    3.560238     3.948518     3.316553
    4.900369     3.560238     3.948518
    5.106806     4.900369     3.560238
    3.694197     5.106806     4.900369
    3.540683     3.694197     5.106806
    2.866761     3.540683     3.694197
    3.806684     2.866761     3.540683
    2.287960     3.806684     2.866761
    3.748195     2.287960     3.806684
    4.039591     3.748195     2.287960
    4.262983     4.039591     3.748195
    5.465636     4.262983     4.039591
    4.078971     5.465636     4.262983
    4.193116     4.078971     5.465636
    4.762711     4.193116     4.078971
    4.036228     4.762711     4.193116
    3.710314     4.036228     4.762711
    3.270934     3.710314     4.036228
    2.158878     3.270934     3.710314
    3.800022     2.158878     3.270934
    3.946938     3.800022     2.158878
    2.105007     3.946938     3.800022
    2.831791     2.105007     3.946938
    2.540919     2.831791     2.105007
    2.771266     2.540919     2.831791
    3.798433     2.771266     2.540919
    3.234139     3.798433     2.771266
    2.252184     3.234139     3.798433
    1.528675     2.252184     3.234139
    0.703725     1.528675     2.252184
    1.038198     0.703725     1.528675
    1.612525     1.038198     0.703725
    2.626422     1.612525     1.038198
    3.930618     2.626422     1.612525
    2.238957     3.930618     2.626422
    1.982217     2.238957     3.930618
    3.912385     1.982217     2.238957
    2.085934     3.912385     1.982217
    2.534381     2.085934     3.912385
    2.597795     2.534381     2.085934
    4.078894     2.597795     2.534381
    5.621388     4.078894     2.597795
    5.747570     5.621388     4.078894
    4.104985     5.747570     5.621388
    4.102772     4.104985     5.747570
    3.618489     4.102772     4.104985
    4.668950     3.618489     4.102772
    5.423686     4.668950     3.618489
    5.044384     5.423686     4.668950
    2.837697     5.044384     5.423686
    1.466234     2.837697     5.044384
    4.101644     1.466234     2.837697
    3.912021     4.101644     1.466234
    4.216796     3.912021     4.101644
    6.391512     4.216796     3.912021
    4.998303     6.391512     4.216796
    5.101539     4.998303     6.391512
    3.735325     5.101539     4.998303
    5.841100     3.735325     5.101539
    4.134719     5.841100     3.735325
    3.899693     4.134719     5.841100
    3.507079     3.899693     4.134719
    3.427624     3.507079     3.899693
    3.787751     3.427624     3.507079
    2.488256     3.787751     3.427624
    2.826505     2.488256     3.787751
    1.808543     2.826505     2.488256
    3.011320     1.808543     2.826505
    0.336261     3.011320     1.808543
    1.733102     0.336261     3.011320
    0.857667     1.733102     0.336261
    1.332836     0.857667     1.733102
    0.905349     1.332836     0.857667
    1.821308     0.905349     1.332836
    3.293957     1.821308     0.905349
    3.617471     3.293957     1.821308
    2.156600     3.617471     3.293957
    2.596879     2.156600     3.617471
    2.094947     2.596879     2.156600
    5.842911     2.094947     2.596879
    5.115188     5.842911     2.094947
    4.117330     5.115188     5.842911
    4.132154     4.117330     5.115188
    3.898751     4.132154     4.117330
    3.483571     3.898751     4.132154
    3.626820     3.483571     3.898751
    2.900764     3.626820     3.483571
    3.115172     2.900764     3.626820
    2.944825     3.115172     2.900764
    2.052199     2.944825     3.115172
    2.254661     2.052199     2.944825
    2.697731     2.254661     2.052199
    1.856008     2.697731     2.254661
    2.084599     1.856008     2.697731
    2.020152     2.084599     1.856008
    1.928288     2.020152     2.084599
    2.903903     1.928288     2.020152
    1.667569     2.903903     1.928288
    4.015336     1.667569     2.903903
    4.322660     4.015336     1.667569
    4.907982     4.322660     4.015336
    2.002140     4.907982     4.322660
    2.064865     2.002140     4.907982
    2.235413     2.064865     2.002140
    1.926089     2.235413     2.064865
    2.999203     1.926089     2.235413
    4.145511     2.999203     1.926089
    5.298359     4.145511     2.999203
    5.596451     5.298359     4.145511
    6.598107     5.596451     5.298359
    4.507744     6.598107     5.596451
    3.934226     4.507744     6.598107
    4.953666     3.934226     4.507744
    4.918601     4.953666     3.934226
    5.744343     4.918601     4.953666
    4.541520     5.744343     4.918601
    4.062251     4.541520     5.744343
    5.682606     4.062251     4.541520
    4.422591     5.682606     4.062251
    5.365959     4.422591     5.682606
    3.567170     5.365959     4.422591
    3.051189     3.567170     5.365959
    3.288690     3.051189     3.567170
    1.636390     3.288690     3.051189
    3.671442     1.636390     3.288690
    2.767604     3.671442     1.636390
    4.231778     2.767604     3.671442
    2.092062     4.231778     2.767604
    1.515613     2.092062     4.231778
    1.541788     1.515613     2.092062
    2.016065     1.541788     1.515613
    2.108818     2.016065     1.541788
    2.997108     2.108818     2.016065
    2.113037     2.997108     2.108818
    1.369731     2.113037     2.997108
    2.431787     1.369731     2.113037
    4.229324     2.431787     1.369731
    4.180478     4.229324     2.431787
    5.024450     4.180478     4.229324
    4.881578     5.024450     4.180478
    4.994457     4.881578     5.024450
    6.325512     4.994457     4.881578
    5.891948     6.325512     4.994457
    3.568374     5.891948     6.325512
    3.623233     3.568374     5.891948
    4.395451     3.623233     3.568374
    4.175146     4.395451     3.623233
    4.397660     4.175146     4.395451
    3.557879     4.397660     4.175146
    5.607454     3.557879     4.397660
    5.268458     5.607454     3.557879
    4.496310     5.268458     5.607454
    5.016087     4.496310     5.268458
    3.826008     5.016087     4.496310
    2.712243     3.826008     5.016087
    3.528755     2.712243     3.826008
    3.069043     3.528755     2.712243
    4.394704     3.069043     3.528755
    3.655680     4.394704     3.069043
    4.291125     3.655680     4.394704
    3.943814     4.291125     3.655680
    4.212622     3.943814     4.291125
    3.458434     4.212622     3.943814
    3.988972     3.458434     4.212622
    3.934449     3.988972     3.458434
    3.027669     3.934449     3.988972
    2.416626     3.027669     3.934449
    3.747154     2.416626     3.027669
    3.502926     3.747154     2.416626
    3.187292     3.502926     3.747154
    4.114494     3.187292     3.502926
    3.331970     4.114494     3.187292
    3.693302     3.331970     4.114494
    5.005886     3.693302     3.331970
    4.353231     5.005886     3.693302
    3.911726     4.353231     5.005886
    5.052547     3.911726     4.353231
    4.212293     5.052547     3.911726
    3.977977     4.212293     5.052547
    3.457748     3.977977     4.212293
    3.775699     3.457748     3.977977
    3.988453     3.775699     3.457748
    1.097335     3.988453     3.775699
    2.737403     1.097335     3.988453
    2.153261     2.737403     1.097335
    2.999916     2.153261     2.737403
    0.719968     2.999916     2.153261
    1.744657     0.719968     2.999916
    2.076644     1.744657     0.719968
    3.450724     2.076644     1.744657
    2.365879     3.450724     2.076644
    3.708675     2.365879     3.450724
    2.137595     3.708675     2.365879
    3.691583     2.137595     3.708675
    3.927443     3.691583     2.137595
    3.553367     3.927443     3.691583
    3.747218     3.553367     3.927443
    3.973317     3.747218     3.553367
    4.937626     3.973317     3.747218
    3.839227     4.937626     3.973317
    3.153077     3.839227     4.937626
    4.197754     3.153077     3.839227
    2.560253     4.197754     3.153077
    3.468959     2.560253     4.197754
    1.817191     3.468959     2.560253
    3.963370     1.817191     3.468959
    3.079062     3.963370     1.817191
    4.235657     3.079062     3.963370
    3.888722     4.235657     3.079062
    2.650422     3.888722     4.235657
    3.418561     2.650422     3.888722
    4.759762     3.418561     2.650422
    3.544569     4.759762     3.418561
    4.963145     3.544569     4.759762
    4.360644     4.963145     3.544569
    3.401464     4.360644     4.963145
    2.853120     3.401464     4.360644
    3.891744     2.853120     3.401464
    3.842221     3.891744     2.853120
    5.347498     3.842221     3.891744
    5.544732     5.347498     3.842221
    5.351697     5.544732     5.347498
    6.837388     5.351697     5.544732
    4.748094     6.837388     5.351697
    3.476350     4.748094     6.837388
    0.362472     3.476350     4.748094
    2.447492     0.362472     3.476350
    1.993844     2.447492     0.362472
    2.602933     1.993844     2.447492
    3.039961     2.602933     1.993844
    3.694644     3.039961     2.602933
    4.870524     3.694644     3.039961
    4.841458     4.870524     3.694644
