    2.361870     2.796968     2.342728
    2.405462     2.361870     2.796968
    3.902153     2.405462     2.361870
    4.707194     3.902153     2.405462
    3.667912     4.707194     3.902153
    4.906883     3.667912     4.707194
    2.495942     4.906883     3.667912
    2.486678     2.495942     4.906883
    3.893048     2.486678     2.495942
    2.393466     3.893048     2.486678
    3.549504     2.393466     3.893048
    3.569077     3.549504     2.393466
    3.400588     3.569077     3.549504
    1.405755     3.400588     3.569077
    0.561269     1.405755     3.400588
   -0.585170     0.561269     1.405755
    0.370791    -0.585170     0.561269
    1.382041     0.370791    -0.585170
    1.784770     1.382041     0.370791
    1.973141     1.784770     1.382041
    0.604645     1.973141     1.784770
    1.668708     0.604645     1.973141
    2.892485     1.668708     0.604645
    2.283158     2.892485     1.668708
    3.353757     2.283158     2.892485
    4.799194     3.353757     2.283158
    3.980059     4.799194     3.353757
    4.148264     3.980059     4.799194
    3.801433     4.148264     3.980059
    1.140688     3.801433     4.148264
    3.581750     1.140688     3.801433
    2.304956     3.581750     1.140688
    4.011639     2.304956     3.581750
    3.723377     4.011639     2.304956
    2.203014     3.723377     4.011639
    3.303837     2.203014     3.723377
    3.303964     3.303837     2.203014
    3.793053     3.303964     3.303837
    4.274726     3.793053     3.303964
    2.464074     4.274726     3.793053
    2.030644     2.464074     4.274726
    4.170563     2.030644     2.464074
    4.626902     4.170563     2.030644
    2.939667     4.626902     4.170563
    0.931833     2.939667     4.626902
    2.958332     0.931833     2.939667
    1.397974     2.958332     0.931833
    1.994511     1.397974     2.958332
    3.220031     1.994511     1.397974
    3.701176     3.220031     1.994511
    3.236650     3.701176     3.220031
    3.686505     3.236650     3.701176
    3.363177     3.686505     3.236650
    3.530773     3.363177     3.686505
    3.835343     3.530773     3.363177
    2.306283     3.835343     3.530773
    4.612044     2.306283     3.835343
    4.382202     4.612044     2.306283
    3.523902     4.382202     4.612044
    3.065832     3.523902     4.382202
    4.752274     3.065832     3.523902
    4.213571     4.752274     3.065832
    2.271915     4.213571     4.752274
    3.194819     2.271915     4.213571
    3.481036     3.194819     2.271915
    2.480720     3.481036     3.194819
    1.789894     2.480720     3.481036
    2.593197     1.789894     2.480720
    3.673719     2.593197     1.789894
    4.503669     3.673719     2.593197
    4.522280     4.503669     3.673719
    4.082965     4.522280     4.503669
    4.975462     4.082965     4.522280
    5.164152     4.975462     4.082965
    6.391569     5.164152     4.975462
    5.207048     6.391569     5.164152
    5.295443     5.207048     6.391569
    4.936855     5.295443     5.207048
    1.515017     4.936855     5.295443
    1.797816     1.515017     4.936855
    2.784174     1.797816     1.515017
    1.710385     2.784174     1.797816
   -0.272717     1.710385     2.784174
    0.703231    -0.272717     1.710385
    1.145059     0.703231    -0.272717
    2.263058     1.145059     0.703231
    2.119032     2.263058     1.145059
    2.130826     2.119032     2.263058
    3.249009     2.130826     2.119032
    3.113353     3.249009     2.130826
    4.450122     3.113353     3.249009
    4.223189     4.450122     3.113353
    6.143007     4.223189     4.450122
    5.098848     6.143007     4.223189
    3.452798     5.098848     6.143007
    2.998721     3.452798     5.098848
    3.514605     2.998721     3.452798
    2.646331     3.514605     2.998721
    3.225341     2.646331     3.514605
    2.364180     3.225341     2.646331
    4.548029     2.364180     3.225341
    3.463616     4.548029     2.364180
    4.288177     3.463616     4.548029
    3.819289     4.288177     3.463616
    1.804013     3.819289     4.288177
    4.465512     1.804013     3.819289
    5.376421     4.465512     1.804013
    4.485522     5.376421     4.465512
    4.429657     4.485522     5.376421
    3.697713     4.429657     4.485522
    2.327060     3.697713     4.429657
    1.822213     2.327060     3.697713
    1.818569     1.822213     2.327060
    1.620181     1.818569     1.822213
    0.860737     1.620181     1.818569
    2.407981     0.860737     1.620181
    3.768686     2.407981     0.860737
    3.086947     3.768686     2.407981
    2.175212     3.086947     3.768686
    3.353077     2.175212     3.086947
    1.706406     3.353077     2.175212
    2.296546     1.706406     3.353077
    2.173124     2.296546     1.706406
    2.699141     2.173124     2.296546
    2.624247     2.699141     2.173124
    2.082515     2.624247     2.699141
    3.506255     2.082515     2.624247
    3.492444     3.506255     2.082515
    2.504108     3.492444     3.506255
    3.388258     2.504108     3.492444
    3.441659     3.388258     2.504108
    2.023040     3.441659     3.388258
    0.892003     2.023040     3.441659
    2.537736     0.892003     2.023040
    3.982120     2.537736     0.892003
    3.808163     3.982120     2.537736
    2.178959     3.808163     3.982120
    3.286521     2.178959     3.808163
    2.803837     3.286521     2.178959
    3.148120     2.803837     3.286521
    1.829022     3.148120     2.803837
    1.887997     1.829022     3.148120
    1.106635     1.887997     1.829022
    0.876141     1.106635     1.887997
    3.309780     0.876141     1.106635
    2.266676     3.309780     0.876141
    4.276385     2.266676     3.309780
    4.883107     4.276385     2.266676
    3.310601     4.883107     4.276385
    3.939341     3.310601     4.883107
    3.281756     3.939341     3.310601
    2.706520     3.281756     3.939341
    3.263129     2.706520     3.281756
    4.203382     3.263129     2.706520
    3.618328     4.203382     3.263129
    2.750662     3.618328     4.203382
    4.247287     2.750662     3.618328
    3.604591     4.247287     2.750662
    4.665100     3.604591     4.247287
    3.632507     4.665100     3.604591
    2.744852     3.632507     4.665100
    2.566675     2.744852     3.632507
    1.095117     2.566675     2.744852
   -0.346020     1.095117     2.566675
    0.475023    -0.346020     1.095117
    1.323250     0.475023    -0.346020
    1.098472     1.323250     0.475023
    2.095275     1.098472     1.323250
    2.351119     2.095275     1.098472
    2.417371     2.351119     2.095275
    2.337906     2.417371     2.351119
    0.083803     2.337906     2.417371
    2.225475     0.083803     2.337906
    1.746918     2.225475     0.083803
    2.964957     1.746918     2.225475
    3.026304     2.964957     1.746918
    2.781204     3.026304     2.964957
    1.217162     2.781204     3.026304
    2.419817     1.217162     2.781204
    1.898555     2.419817     1.217162
    0.544315     1.898555     2.419817
    0.870006     0.544315     1.898555
    0.872242     0.870006     0.544315
    3.431925     0.872242     0.870006
    3.662599     3.431925     0.872242
    4.742148     3.662599     3.431925
    3.168492     4.742148     3.662599
    4.157243     3.168492     4.742148
    2.973823     4.157243     3.168492
    2.426928     2.973823     4.157243
    1.803720     2.426928     2.973823
    3.054449     1.803720     2.426928
    1.967636     3.054449     1.803720
    2.202782     1.967636     3.054449
    3.807791     2.202782     1.967636
    3.006229     3.807791     2.202782
    3.512097     3.006229     3.807791
    1.829103     3.512097     3.006229
    3.804551     1.829103     3.512097
    2.273840     3.804551     1.829103
    1.686523     2.273840     3.804551
    3.060896     1.686523     2.273840
    1.660661     3.060896     1.686523
    1.517198     1.660661     3.060896
    4.370311     1.517198     1.660661
    3.967074     4.370311     1.517198
    3.309533     3.967074     4.370311
    2.480228     3.309533     3.967074
    2.174643     2.480228     3.309533
    1.753046     2.174643     2.480228
    1.064701     1.753046     2.174643
    0.206474     1.064701     1.753046
    0.705840     0.206474     1.064701
    2.237320     0.705840     0.206474
    2.238202     2.237320     0.705840
    2.988693     2.238202     2.237320
    5.058649     2.988693     2.238202
    1.969678     5.058649     2.988693
    2.749654     1.969678     5.058649
    3.569073     2.749654     1.969678
    3.245388     3.569073     2.749654
    4.575061     3.245388     3.569073
    3.596988     4.575061     3.245388
    2.491040     3.596988     4.575061
    3.127922     2.491040     3.596988
    3.806065     3.127922     2.491040
    2.809808     3.806065     3.127922
    2.392533     2.809808     3.806065
    1.857923     2.392533     2.809808
    3.183418     1.857923     2.392533
    2.487514     3.183418     1.857923
    2.635819     2.487514     3.183418
    3.406437     2.635819     2.487514
    2.968405     3.406437     2.635819
    4.299309     2.968405     3.406437
    4.052368     4.299309     2.968405
    4.079311     4.052368     4.299309
    5.517436     4.079311     4.052368
    5.713031     5.517436     4.079311
    3.189264     5.713031     5.517436
    3.333058     3.189264     5.713031
    2.748417     3.333058     3.189264
    0.881330     2.748417     3.333058
    1.645067     0.881330     2.748417
    0.640890     1.645067     0.881330
    1.129923     0.640890     1.645067
    3.012108     1.129923     0.640890
    3.569954     3.012108     1.129923
    3.171585     3.569954     3.012108
    3.810745     3.171585     3.569954
    3.581964     3.810745     3.171585
    0.780503     3.581964     3.810745
    1.075009     0.780503     3.581964
    2.735056     1.075009     0.780503
    3.578910     2.735056     1.075009
    4.208973     3.578910     2.735056
    4.444200     4.208973     3.578910
    4.847787     4.444200     4.208973
    4.572923     4.847787     4.444200
    5.901073     4.572923     4.847787
    4.193732     5.901073     4.572923
    3.403893     4.193732     5.901073
    3.286158     3.403893     4.193732
    3.218282     3.286158     3.403893
    2.986807     3.218282     3.286158
    3.157277     2.986807     3.218282
    2.530851     3.157277     2.986807
    2.424794     2.530851     3.157277
    2.829063     2.424794     2.530851
    2.060347     2.829063     2.424794
    2.666420     2.060347     2.829063
    3.750349     2.666420     2.060347
    2.111787     3.750349     2.666420
    4.739396     2.111787     3.750349
    3.952474     4.739396     2.111787
    4.509709     3.952474     4.739396
    4.240892     4.509709     3.952474
    6.371620     4.240892     4.509709
    5.098671     6.371620     4.240892
    4.084207     5.098671     6.371620
    3.314868     4.084207     5.098671
    2.987269     3.314868     4.084207
    3.809811     2.987269     3.314868
    2.605210     3.809811     2.987269
    1.969511     2.605210     3.809811
    1.997635     1.969511     2.605210
    0.716029     1.997635     1.969511
    1.049944     0.716029     1.997635
    1.387270     1.049944     0.716029
    0.838252     1.387270     1.049944
    2.733888     0.838252     1.387270
    3.650557     2.733888     0.838252
    2.800586     3.650557     2.733888
    2.326280     2.800586     3.650557
    3.162103     2.326280     2.800586
    4.175597     3.162103     2.326280
    4.945001     4.175597     3.162103
    5.086535     4.945001     4.175597
    4.945095     5.086535     4.945001
    3.084265     4.945095     5.086535
    3.834982     3.084265     4.945095
    3.492337     3.834982     3.084265
    1.985071     3.492337     3.834982
    2.504225     1.985071     3.492337
    4.853241     2.504225     1.985071
    5.078351     4.853241     2.504225
    4.034085     5.078351     4.853241
    2.762421     4.034085     5.078351
    2.194441     2.762421     4.034085
    0.662243     2.194441     2.762421
    3.003839     0.662243     2.194441
    2.870139     3.003839     0.662243
    1.352644     2.870139     3.003839
    1.928899     1.352644     2.870139
    2.129342     1.928899     1.352644
    2.244605     2.129342     1.928899
    3.437823     2.244605     2.129342
    2.601879     3.437823     2.244605
    2.163874     2.601879     3.437823
    2.197354     2.163874     2.601879
    2.891487     2.197354     2.163874
    4.426099     2.891487     2.197354
    3.672786     4.426099     2.891487
    4.624421     3.672786     4.426099
    4.502625     4.624421     3.672786
    4.018910     4.502625     4.624421
    3.719425     4.018910     4.502625
    3.271915     3.719425     4.018910
    2.930433     3.271915     3.719425
    2.819147     2.930433     3.271915
    3.998850     2.819147     2.930433
    3.714594     3.998850     2.819147
    3.285479     3.714594     3.998850
    3.753837     3.285479     3.714594
    2.652475     3.753837     3.285479
    3.548121     2.652475     3.753837
    3.687003     3.548121     2.652475
    4.570885     3.687003     3.548121
    6.045777     4.570885     3.687003
    3.819525     6.045777     4.570885
    4.277380     3.819525     6.045777
    3.699315     4.277380     3.819525
    3.615679     3.699315     4.277380
    3.179235     3.615679     3.699315
    4.294053     3.179235     3.615679
    3.826394     4.294053     3.179235
    4.816818     3.826394     4.294053
    3.586190     4.816818     3.826394
    4.135472     3.586190     4.816818
    3.035067     4.135472     3.586190
    4.224979     3.035067     4.135472
    3.913131     4.224979     3.035067
    3.053319     3.913131     4.224979
    3.358463     3.053319     3.913131
    1.943462     3.358463     3.053319
    1.805811     1.943462     3.358463
   -0.298783     1.805811     1.943462
    2.040358    -0.298783     1.805811
    2.998784     2.040358    -0.298783
    1.555398     2.998784     2.040358
    2.576760     1.555398     2.998784
    3.243664     2.576760     1.555398
    4.121630     3.243664     2.576760
    1.722387     4.121630     3.243664
    1.802974     1.722387     4.121630
    1.409635     1.802974     1.722387
    4.168085     1.409635     1.802974
    2.087415     4.168085     1.409635
    2.203259     2.087415     4.168085
    1.085836     2.203259     2.087415
    2.020340     1.085836     2.203259
    3.220856     2.020340     1.085836
    4.649302     3.220856     2.020340
    5.026030     4.649302     3.220856
    4.294659     5.026030     4.649302
    3.892379     4.294659     5.026030
    3.879914     3.892379     4.294659
    3.311456     3.879914     3.892379
    2.723103     3.311456     3.879914
    3.515530     2.723103     3.311456
    2.481801     3.515530     2.723103
    2.931515     2.481801     3.515530
    3.934115     2.931515     2.481801
    3.758067     3.934115     2.931515
    4.766650     3.758067     3.934115
    5.158339     4.766650     3.758067
    3.949910     5.158339     4.766650
    3.559851     3.949910     5.158339
    2.779488     3.559851     3.949910
    1.849061     2.779488     3.559851
    0.805273     1.849061     2.779488
    1.803762     0.805273     1.849061
    1.743455     1.803762     0.805273
    1.653443     1.743455     1.803762
    2.554263     1.653443     1.743455
    2.307223     2.554263     1.653443
    3.558435     2.307223     2.554263
    3.137120     3.558435     2.307223
    1.428339     3.137120     3.558435
    1.924296     1.428339     3.137120
    2.271573     1.924296     1.428339
    3.004391     2.271573     1.924296
    3.680061     3.004391     2.271573
    3.461264     3.680061     3.004391
    3.287886     3.461264     3.680061
    3.492154     3.287886     3.461264
    3.405619     3.492154     3.287886
    3.666393     3.405619     3.492154
    3.232030     3.666393     3.405619
    2.498251     3.232030     3.666393
    5.546535     2.498251     3.232030
    4.552613     5.546535     2.498251
    3.818123     4.552613     5.546535
    5.280812     3.818123     4.552613
    5.960369     5.280812     3.818123
    5.447121     5.960369     5.280812
    5.184970     5.447121     5.960369
    4.750868     5.184970     5.447121
    2.387899     4.750868     5.184970
    1.597334     2.387899     4.750868
    2.177201     1.597334     2.387899
    1.134752     2.177201     1.597334
    1.434191     1.134752     2.177201
    0.872489     1.434191     1.134752
    1.468773     0.872489     1.434191
    3.236710     1.468773     0.872489
    2.109700     3.236710     1.468773
    2.871574     2.109700     3.236710
    2.389886     2.871574     2.109700
    1.813053     2.389886     2.871574
    1.466345     1.813053     2.389886
    4.812815     1.466345     1.813053
    3.327473     4.812815     1.466345
    3.897753     3.327473     4.812815
    2.877769     3.897753     3.327473
    1.157248     2.877769     3.897753
    2.047515     1.157248     2.877769
    2.484087     2.047515     1.157248
    2.848196     2.484087     2.047515
    1.860849     2.848196     2.484087
    4.444431     1.860849     2.848196
    3.635576     4.444431     1.860849
    3.638780     3.635576     4.444431
    2.946659     3.638780     3.635576
    3.785727     2.946659     3.638780
    2.656145     3.785727     2.946659
    3.714309     2.656145     3.785727
    2.480813     3.714309     2.656145
    2.420060     2.480813     3.714309
    0.587179     2.420060     2.480813
    0.248024     0.587179     2.420060
    0.329694     0.248024     0.587179
    1.916401     0.329694     0.248024
    3.162046     1.916401     0.329694
    3.697220     3.162046     1.916401
    1.983195     3.697220     3.162046
    4.781159     1.983195     3.697220
    5.236029     4.781159     1.983195
    4.142047     5.236029     4.781159
    3.937921     4.142047     5.236029
    4.688945     3.937921     4.142047
    4.592934     4.688945     3.937921
    4.036312     4.592934     4.688945
    3.643952     4.036312     4.592934
    3.734749     3.643952     4.036312
    3.547299     3.734749     3.643952
    2.593142     3.547299     3.734749
    3.574145     2.593142     3.547299
    2.448764     3.574145     2.593142
    2.150884     2.448764     3.574145
    2.501054     2.150884     2.448764
    2.511849     2.501054     2.150884
    3.161840     2.511849     2.501054
    2.505449     3.161840     2.511849
    2.361160     2.505449     3.161840
    2.104828     2.361160     2.505449
    2.220075     2.104828     2.361160
    3.835569     2.220075     2.104828
    4.952398     3.835569     2.220075
    2.452734     4.952398     3.835569
    2.082116     2.452734     4.952398
    1.765834     2.082116     2.452734
    3.190663     1.765834     2.082116
    3.715267     3.190663     1.765834
    3.398062     3.715267     3.190663
    3.721377     3.398062     3.715267
    3.448285     3.721377     3.398062
    4.270278     3.448285     3.721377
    5.975999     4.270278     3.448285
    3.366841     5.975999     4.270278
    4.147552     3.366841     5.975999
    2.084411     4.147552     3.366841
    0.357108     2.084411     4.147552
    2.350608     0.357108     2.084411
    2.650783     2.350608     0.357108
    2.584709     2.650783     2.350608
    2.684090     2.584709     2.650783
    2.595096     2.684090     2.584709
    2.168217     2.595096     2.684090
    4.111847     2.168217     2.595096
