    4.853842     4.476989     4.276345
    5.532458     4.853842     4.476989
    5.230648     5.532458     4.853842
    3.367993     5.230648     5.532458
    2.427840     3.367993     5.230648
    3.195629     2.427840     3.367993
    2.259746     3.195629     2.427840
    1.116457     2.259746     3.195629
    2.792793     1.116457     2.259746
    3.924814     2.792793     1.116457
    4.503633     3.924814     2.792793
    4.018615     4.503633     3.924814
    3.236213     4.018615     4.503633
    1.073177     3.236213     4.018615
    2.685940     1.073177     3.236213
    3.803903     2.685940     1.073177
    3.441017     3.803903     2.685940
    2.844806     3.441017     3.803903
    3.669787     2.844806     3.441017
    2.755186     3.669787     2.844806
    3.394143     2.755186     3.669787
    4.172642     3.394143     2.755186
    4.718564     4.172642     3.394143
    2.665547     4.718564     4.172642
    2.155042     2.665547     4.718564
    3.352384     2.155042     2.665547
    4.956247     3.352384     2.155042
    4.250497     4.956247     3.352384
    2.699216     4.250497     4.956247
    5.280968     2.699216     4.250497
    1.578869     5.280968     2.699216
    3.488380     1.578869     5.280968
    3.430504     3.488380     1.578869
    3.858092     3.430504     3.488380
    2.946586     3.858092     3.430504
    4.395909     2.946586     3.858092
    3.903040     4.395909     2.946586
    3.832638     3.903040     4.395909
    3.436068     3.832638     3.903040
    3.856490     3.436068     3.832638
    2.504729     3.856490     3.436068
    2.653314     2.504729     3.856490
    2.846363     2.653314     2.504729
    0.675315     2.846363     2.653314
    2.116399     0.675315     2.846363
   -0.343357     2.116399     0.675315
    0.654378    -0.343357     2.116399
    2.069966     0.654378    -0.343357
    2.727376     2.069966     0.654378
    3.751615     2.727376     2.069966
    4.174830     3.751615     2.727376
    4.734717     4.174830     3.751615
    4.434489     4.734717     4.174830
    3.768447     4.434489     4.734717
    2.844711     3.768447     4.434489
    4.158710     2.844711     3.768447
    3.290419     4.158710     2.844711
    4.194361     3.290419     4.158710
    4.876941     4.194361     3.290419
    5.234819     4.876941     4.194361
    5.640477     5.234819     4.876941
    4.505033     5.640477     5.234819
    2.553037     4.505033     5.640477
    2.302743     2.553037     4.505033
    2.532280     2.302743     2.553037
    3.055354     2.532280     2.302743
    2.556767     3.055354     2.532280
    3.679037     2.556767     3.055354
    3.962024     3.679037     2.556767
    3.206683     3.962024     3.679037
    3.200196     3.206683     3.962024
    1.672831     3.200196     3.206683
    2.130292     1.672831     3.200196
    2.906600     2.130292     1.672831
    3.729415     2.906600     2.130292
    4.889463     3.729415     2.906600
    4.207948     4.889463     3.729415
    4.341118     4.207948     4.889463
    3.539462     4.341118     4.207948
    5.446583     3.539462     4.341118
    3.757236     5.446583     3.539462
    2.483633     3.757236     5.446583
    4.654342     2.483633     3.757236
    1.969226     4.654342     2.483633
    2.497385     1.969226     4.654342
    1.189084     2.497385     1.969226
    2.118066     1.189084     2.497385
    1.344976     2.118066     1.189084
    2.861594     1.344976     2.118066
    1.827554     2.861594     1.344976
    3.513466     1.827554     2.861594
    2.373102     3.513466     1.827554
    2.196727     2.373102     3.513466
    3.072423     2.196727     2.373102
    5.094005     3.072423     2.196727
    4.335466     5.094005     3.072423
    3.050265     4.335466     5.094005
    1.524171     3.050265     4.335466
    3.171075     1.524171     3.050265
    2.011856     3.171075     1.524171
    1.721485     2.011856     3.171075
    2.325593     1.721485     2.011856
    2.854713     2.325593     1.721485
    2.058650     2.854713     2.325593
    2.557200     2.058650     2.854713
    1.323555     2.557200     2.058650
    1.743329     1.323555     2.557200
   -0.310744     1.743329     1.323555
    1.272996    -0.310744     1.743329
   -0.332516     1.272996    -0.310744
    0.792999    -0.332516     1.272996
    3.403377     0.792999    -0.332516
    2.830593     3.403377     0.792999
    2.950773     2.830593     3.403377
    2.136755     2.950773     2.830593
    3.169326     2.136755     2.950773
    2.445359     3.169326     2.136755
    3.799484     2.445359     3.169326
    3.503055     3.799484     2.445359
    3.455055     3.503055     3.799484
    4.642717     3.455055     3.503055
    3.121412     4.642717     3.455055
    3.122874     3.121412     4.642717
    3.151715     3.122874     3.121412
    3.625779     3.151715     3.122874
    3.177889     3.625779     3.151715
    3.888331     3.177889     3.625779
    3.194842     3.888331     3.177889
    2.682996     3.194842     3.888331
    1.962704     2.682996     3.194842
    2.322011     1.962704     2.682996
    2.256701     2.322011     1.962704
    1.527931     2.256701     2.322011
    0.319537     1.527931     2.256701
    2.190775     0.319537     1.527931
    4.177622     2.190775     0.319537
    5.476512     4.177622     2.190775
    3.343389     5.476512     4.177622
    2.627101     3.343389     5.476512
    3.405588     2.627101     3.343389
    1.667828     3.405588     2.627101
    3.154694     1.667828     3.405588
    3.108441     3.154694     1.667828
    3.130387     3.108441     3.154694
    3.247925     3.130387     3.108441
    4.374836     3.247925     3.130387
    2.848405     4.374836     3.247925
    3.357611     2.848405     4.374836
    4.602016     3.357611     2.848405
    3.906434     4.602016     3.357611
    5.382591     3.906434     4.602016
    4.213414     5.382591     3.906434
    3.173345     4.213414     5.382591
    2.681904     3.173345     4.213414
    4.540422     2.681904     3.173345
    3.953093     4.540422     2.681904
    4.167926     3.953093     4.540422
    2.865910     4.167926     3.953093
    3.060437     2.865910     4.167926
    2.752832     3.060437     2.865910
    3.112064     2.752832     3.060437
    3.601647     3.112064     2.752832
    2.656594     3.601647     3.112064
    2.582829     2.656594     3.601647
    3.315867     2.582829     2.656594
    3.497828     3.315867     2.582829
    1.847156     3.497828     3.315867
    2.240229     1.847156     3.497828
    4.479806     2.240229     1.847156
    4.151401     4.479806     2.240229
    2.191060     4.151401     4.479806
    5.253599     2.191060     4.151401
    2.980743     5.253599     2.191060
    3.488683     2.980743     5.253599
    2.918269     3.488683     2.980743
    2.847602     2.918269     3.488683
    3.966518     2.847602     2.918269
    3.006445     3.966518     2.847602
    3.957517     3.006445     3.966518
    3.226325     3.957517     3.006445
    3.846168     3.226325     3.957517
    4.865443     3.846168     3.226325
    4.195531     4.865443     3.846168
    4.164427     4.195531     4.865443
    3.735278     4.164427     4.195531
    3.750224     3.735278     4.164427
    3.477133     3.750224     3.735278
    2.308147     3.477133     3.750224
    5.340846     2.308147     3.477133
    3.249196     5.340846     2.308147
    4.681234     3.249196     5.340846
    5.594009     4.681234     3.249196
    5.332351     5.594009     4.681234
    4.963936     5.332351     5.594009
    4.301132     4.963936     5.332351
    3.924970     4.301132     4.963936
    1.398352     3.924970     4.301132
    3.999908     1.398352     3.924970
    1.585754     3.999908     1.398352
    3.924422     1.585754     3.999908
    3.140792     3.924422     1.585754
    4.023483     3.140792     3.924422
    6.340010     4.023483     3.140792
    5.947183     6.340010     4.023483
    4.263083     5.947183     6.340010
    3.469138     4.263083     5.947183
    3.178996     3.469138     4.263083
    3.547974     3.178996     3.469138
    2.273099     3.547974     3.178996
    1.942184     2.273099     3.547974
    4.172280     1.942184     2.273099
    3.314096     4.172280     1.942184
    4.083028     3.314096     4.172280
    3.999549     4.083028     3.314096
    3.675200     3.999549     4.083028
    4.431466     3.675200     3.999549
    2.445654     4.431466     3.675200
    3.177498     2.445654     4.431466
    2.974370     3.177498     2.445654
    4.539790     2.974370     3.177498
    4.083451     4.539790     2.974370
    4.368203     4.083451     4.539790
    4.353572     4.368203     4.083451
    3.662428     4.353572     4.368203
    3.470406     3.662428     4.353572
    3.426127     3.470406     3.662428
    3.942960     3.426127     3.470406
    3.160102     3.942960     3.426127
    2.922210     3.160102     3.942960
    4.390928     2.922210     3.160102
    4.695614     4.390928     2.922210
    2.914033     4.695614     4.390928
    2.576164     2.914033     4.695614
    2.944464     2.576164     2.914033
    2.064297     2.944464     2.576164
    1.883618     2.064297     2.944464
    1.915313     1.883618     2.064297
    3.251627     1.915313     1.883618
    2.653773     3.251627     1.915313
    2.676588     2.653773     3.251627
    0.489343     2.676588     2.653773
   -0.038273     0.489343     2.676588
    2.053777    -0.038273     0.489343
    1.335375     2.053777    -0.038273
    2.610920     1.335375     2.053777
    4.089313     2.610920     1.335375
    2.963432     4.089313     2.610920
    3.092818     2.963432     4.089313
    4.649608     3.092818     2.963432
    2.272992     4.649608     3.092818
    3.739935     2.272992     4.649608
    2.601134     3.739935     2.272992
    1.894921     2.601134     3.739935
    3.076041     1.894921     2.601134
    3.180953     3.076041     1.894921
    2.970438     3.180953     3.076041
    1.988884     2.970438     3.180953
    2.043266     1.988884     2.970438
    3.726725     2.043266     1.988884
    2.828775     3.726725     2.043266
    2.772359     2.828775     3.726725
    3.706017     2.772359     2.828775
    4.351185     3.706017     2.772359
    3.141109     4.351185     3.706017
    3.975304     3.141109     4.351185
    3.628721     3.975304     3.141109
    3.161406     3.628721     3.975304
    2.948657     3.161406     3.628721
    2.345370     2.948657     3.161406
    2.704634     2.345370     2.948657
    3.933511     2.704634     2.345370
    2.608395     3.933511     2.704634
    3.950687     2.608395     3.933511
    3.450857     3.950687     2.608395
    3.498616     3.450857     3.950687
    2.880444     3.498616     3.450857
    2.084707     2.880444     3.498616
    3.097036     2.084707     2.880444
    4.391756     3.097036     2.084707
    3.892000     4.391756     3.097036
    4.065825     3.892000     4.391756
    5.488583     4.065825     3.892000
    5.056262     5.488583     4.065825
    5.382100     5.056262     5.488583
    3.824124     5.382100     5.056262
    4.637600     3.824124     5.382100
    4.499117     4.637600     3.824124
    4.080880     4.499117     4.637600
    3.936240     4.080880     4.499117
    4.196809     3.936240     4.080880
    4.612583     4.196809     3.936240
    4.148225     4.612583     4.196809
    4.716222     4.148225     4.612583
    4.264973     4.716222     4.148225
    5.399550     4.264973     4.716222
    3.897096     5.399550     4.264973
    3.402766     3.897096     5.399550
    5.034100     3.402766     3.897096
    4.955551     5.034100     3.402766
    4.499633     4.955551     5.034100
    5.616612     4.499633     4.955551
    4.788736     5.616612     4.499633
    4.613431     4.788736     5.616612
    3.103423     4.613431     4.788736
    3.944207     3.103423     4.613431
    2.721232     3.944207     3.103423
    2.859356     2.721232     3.944207
    2.164842     2.859356     2.721232
    2.579889     2.164842     2.859356
    2.353939     2.579889     2.164842
    3.567668     2.353939     2.579889
    2.155975     3.567668     2.353939
    1.801013     2.155975     3.567668
    1.671514     1.801013     2.155975
    1.567280     1.671514     1.801013
    2.441315     1.567280     1.671514
    2.491286     2.441315     1.567280
    3.812097     2.491286     2.441315
    3.215520     3.812097     2.491286
    2.073370     3.215520     3.812097
    2.508524     2.073370     3.215520
    2.984378     2.508524     2.073370
    3.862923     2.984378     2.508524
    2.078005     3.862923     2.984378
    3.415737     2.078005     3.862923
    1.091639     3.415737     2.078005
    2.322196     1.091639     3.415737
    1.962365     2.322196     1.091639
    2.826473     1.962365     2.322196
    3.248823     2.826473     1.962365
    4.649532     3.248823     2.826473
    3.673686     4.649532     3.248823
    3.249986     3.673686     4.649532
    3.318446     3.249986     3.673686
    2.040308     3.318446     3.249986
    0.838502     2.040308     3.318446
    2.994458     0.838502     2.040308
    2.945500     2.994458     0.838502
    3.056948     2.945500     2.994458
    3.965968     3.056948     2.945500
    5.659461     3.965968     3.056948
    5.420634     5.659461     3.965968
    7.102250     5.420634     5.659461
    5.774799     7.102250     5.420634
    4.664793     5.774799     7.102250
    5.150786     4.664793     5.774799
    4.074014     5.150786     4.664793
    4.539928     4.074014     5.150786
    4.480448     4.539928     4.074014
    3.948039     4.480448     4.539928
    2.830107     3.948039     4.480448
    3.852845     2.830107     3.948039
    4.175366     3.852845     2.830107
    5.240542     4.175366     3.852845
    3.714267     5.240542     4.175366
    3.442228     3.714267     5.240542
    3.473662     3.442228     3.714267
    4.804467     3.473662     3.442228
    3.712128     4.804467     3.473662
    4.642450     3.712128     4.804467
    2.978017     4.642450     3.712128
    2.936719     2.978017     4.642450
    3.589016     2.936719     2.978017
    3.469563     3.589016     2.936719
    2.776414     3.469563     3.589016
    1.077699     2.776414     3.469563
    3.485846     1.077699     2.776414
    2.831647     3.485846     1.077699
    3.489695     2.831647     3.485846
    2.608741     3.489695     2.831647
    3.909275     2.608741     3.489695
    2.930595     3.909275     2.608741
    1.312947     2.930595     3.909275
    1.939083     1.312947     2.930595
    2.111677     1.939083     1.312947
    1.856306     2.111677     1.939083
    1.100782     1.856306     2.111677
    2.161759     1.100782     1.856306
    2.454972     2.161759     1.100782
    1.384895     2.454972     2.161759
    2.276773     1.384895     2.454972
    0.566764     2.276773     1.384895
    1.039587     0.566764     2.276773
    1.455056     1.039587     0.566764
    0.342024     1.455056     1.039587
    1.742404     0.342024     1.455056
    3.727976     1.742404     0.342024
    1.996047     3.727976     1.742404
    2.566731     1.996047     3.727976
    3.281170     2.566731     1.996047
    2.250361     3.281170     2.566731
    2.320766     2.250361     3.281170
    1.233008     2.320766     2.250361
    1.345746     1.233008     2.320766
    2.411184     1.345746     1.233008
    3.141608     2.411184     1.345746
    2.140798     3.141608     2.411184
    4.754299     2.140798     3.141608
    3.756278     4.754299     2.140798
    4.483746     3.756278     4.754299
    1.829145     4.483746     3.756278
    4.267376     1.829145     4.483746
    3.349039     4.267376     1.829145
    3.622522     3.349039     4.267376
    2.544489     3.622522     3.349039
    3.584973     2.544489     3.622522
    2.958808     3.584973     2.544489
    3.214425     2.958808     3.584973
    2.834589     3.214425     2.958808
    3.533568     2.834589     3.214425
    2.315056     3.533568     2.834589
    2.424632     2.315056     3.533568
    1.335219     2.424632     2.315056
    2.314683     1.335219     2.424632
    3.696289     2.314683     1.335219
    5.261715     3.696289     2.314683
    4.972382     5.261715     3.696289
    3.787839     4.972382     5.261715
    4.968470     3.787839     4.972382
    3.730638     4.968470     3.787839
    4.273185     3.730638     4.968470
    5.200766     4.273185     3.730638
    5.049425     5.200766     4.273185
    4.575862     5.049425     5.200766
    5.574205     4.575862     5.049425
    5.754765     5.574205     4.575862
    5.973190     5.754765     5.574205
    4.264990     5.973190     5.754765
    4.869109     4.264990     5.973190
    4.125161     4.869109     4.264990
    5.013354     4.125161     4.869109
    4.585028     5.013354     4.125161
    3.549671     4.585028     5.013354
    4.141715     3.549671     4.585028
    3.816061     4.141715     3.549671
    5.101018     3.816061     4.141715
    3.291601     5.101018     3.816061
    2.190016     3.291601     5.101018
    3.589659     2.190016     3.291601
    2.705942     3.589659     2.190016
    1.151518     2.705942     3.589659
    1.492494     1.151518     2.705942
    0.877862     1.492494     1.151518
    3.885309     0.877862     1.492494
    1.952355     3.885309     0.877862
    3.839951     1.952355     3.885309
    3.353196     3.839951     1.952355
    3.902849     3.353196     3.839951
    3.281815     3.902849     3.353196
    3.540532     3.281815     3.902849
    4.392376     3.540532     3.281815
    4.389603     4.392376     3.540532
    5.367080     4.389603     4.392376
    4.998086     5.367080     4.389603
    2.313246     4.998086     5.367080
    4.221295     2.313246     4.998086
    4.111840     4.221295     2.313246
    1.959546     4.111840     4.221295
    2.454392     1.959546     4.111840
    3.893312     2.454392     1.959546
    2.981384     3.893312     2.454392
    4.630431     2.981384     3.893312
    3.962321     4.630431     2.981384
    1.857224     3.962321     4.630431
    1.064832     1.857224     3.962321
    2.392990     1.064832     1.857224
    2.001938     2.392990     1.064832
    2.598427     2.001938     2.392990
    2.458882     2.598427     2.001938
    3.213632     2.458882     2.598427
    3.805645     3.213632     2.458882
    2.463807     3.805645     3.213632
    2.637660     2.463807     3.805645
    3.565685     2.637660     2.463807
    3.847397     3.565685     2.637660
    3.967926     3.847397     3.565685
    2.889563     3.967926     3.847397
    2.790847     2.889563     3.967926
    2.127161     2.790847     2.889563
    2.154882     2.127161     2.790847
    3.759340     2.154882     2.127161
    4.949696     3.759340     2.154882
    5.122333     4.949696     3.759340
    4.963266     5.122333     4.949696
    4.523712     4.963266     5.122333
    4.616745     4.523712     4.963266
    3.057162     4.616745     4.523712
    2.566812     3.057162     4.616745
    2.792917     2.566812     3.057162
    2.316141     2.792917     2.566812
    2.814182     2.316141     2.792917
    1.114235     2.814182     2.316141
    1.278027     1.114235     2.814182
    1.790633     1.278027     1.114235
    0.425535     1.790633     1.278027
    1.389148     0.425535     1.790633
    0.427743     1.389148     0.425535
    1.924483     0.427743     1.389148
    3.135211     1.924483     0.427743
    3.816958     3.135211     1.924483
