    3.846721     4.670338     4.291352
    4.407355     3.846721     4.670338
    4.711343     4.407355     3.846721
    2.229424     4.711343     4.407355
    2.925221     2.229424     4.711343
    3.491495     2.925221     2.229424
    2.875215     3.491495     2.925221
    4.476962     2.875215     3.491495
    3.881750     4.476962     2.875215
    6.355513     3.881750     4.476962
    4.497087     6.355513     3.881750
    3.713892     4.497087     6.355513
    3.145958     3.713892     4.497087
    3.333665     3.145958     3.713892
    2.794629     3.333665     3.145958
    1.863677     2.794629     3.333665
    3.292646     1.863677     2.794629
    3.481799     3.292646     1.863677
    1.633162     3.481799     3.292646
    0.907017     1.633162     3.481799
    2.208919     0.907017     1.633162
    1.815250     2.208919     0.907017
    1.460434     1.815250     2.208919
    1.639939     1.460434     1.815250
    0.485398     1.639939     1.460434
    1.191457     0.485398     1.639939
    1.846856     1.191457     0.485398
    2.249493     1.846856     1.191457
    1.964133     2.249493     1.846856
    2.973550     1.964133     2.249493
    3.115178     2.973550     1.964133
    5.349902     3.115178     2.973550
    4.265645     5.349902     3.115178
    3.816735     4.265645     5.349902
    1.971045     3.816735     4.265645
    1.286444     1.971045     3.816735
    0.960139     1.286444     1.971045
    1.113874     0.960139     1.286444
    0.968392     1.113874     0.960139
    3.237491     0.968392     1.113874
    2.080651     3.237491     0.968392
    2.221259     2.080651     3.237491
    2.799103     2.221259     2.080651
    3.664652     2.799103     2.221259
    3.837418     3.664652     2.799103
    4.592380     3.837418     3.664652
    4.318230     4.592380     3.837418
    3.146615     4.318230     4.592380
    3.087458     3.146615     4.318230
    2.166017     3.087458     3.146615
    2.469825     2.166017     3.087458
    1.705378     2.469825     2.166017
    2.602709     1.705378     2.469825
    3.200648     2.602709     1.705378
    3.377102     3.200648     2.602709
    4.547828     3.377102     3.200648
    3.704713     4.547828     3.377102
    3.793238     3.704713     4.547828
    3.745209     3.793238     3.704713
    4.265272     3.745209     3.793238
    3.548265     4.265272     3.745209
    4.019754     3.548265     4.265272
    2.914162     4.019754     3.548265
    1.493510     2.914162     4.019754
    4.125055     1.493510     2.914162
    5.744480     4.125055     1.493510
    4.258552     5.744480     4.125055
    4.236829     4.258552     5.744480
    4.083086     4.236829     4.258552
    5.182601     4.083086     4.236829
    3.711619     5.182601     4.083086
    2.903418     3.711619     5.182601
    3.215919     2.903418     3.711619
    1.201409     3.215919     2.903418
    1.726656     1.201409     3.215919
    0.908737     1.726656     1.201409
    1.109078     0.908737     1.726656
    2.254679     1.109078     0.908737
    2.714269     2.254679     1.109078
    3.883493     2.714269     2.254679
    2.896359     3.883493     2.714269
    1.924790     2.896359     3.883493
    4.326784     1.924790     2.896359
    2.143354     4.326784     1.924790
    4.188263     2.143354     4.326784
    3.123892     4.188263     2.143354
    2.900455     3.123892     4.188263
    3.468263     2.900455     3.123892
    3.809514     3.468263     2.900455
    3.759415     3.809514     3.468263
    2.575288     3.759415     3.809514
    1.709171     2.575288     3.759415
    2.810030     1.709171     2.575288
    3.599886     2.810030     1.709171
    3.571325     3.599886     2.810030
    4.387801     3.571325     3.599886
    4.023301     4.387801     3.571325
    3.601982     4.023301     4.387801
    2.719111     3.601982     4.023301
    4.055784     2.719111     3.601982
    3.553069     4.055784     2.719111
    2.688469     3.553069     4.055784
    2.712979     2.688469     3.553069
    2.811376     2.712979     2.688469
    1.216429     2.811376     2.712979
    2.397586     1.216429     2.811376
    3.589886     2.397586     1.216429
    4.185951     3.589886     2.397586
    3.869723     4.185951     3.589886
    2.950728     3.869723     4.185951
    2.218954     2.950728     3.869723
    2.132326     2.218954     2.950728
    3.421204     2.132326     2.218954
    4.015804     3.421204     2.132326
    4.129051     4.015804     3.421204
    4.819455     4.129051     4.015804
    4.224384     4.819455     4.129051
    4.000465     4.224384     4.819455
    2.655089     4.000465     4.224384
    2.164177     2.655089     4.000465
    4.126934     2.164177     2.655089
    4.120442     4.126934     2.164177
    3.987033     4.120442     4.126934
    2.178363     3.987033     4.120442
    3.006651     2.178363     3.987033
    4.026702     3.006651     2.178363
    3.340702     4.026702     3.006651
    3.900126     3.340702     4.026702
    4.375379     3.900126     3.340702
    4.946289     4.375379     3.900126
    3.514511     4.946289     4.375379
    3.885349     3.514511     4.946289
    3.300073     3.885349     3.514511
    4.939386     3.300073     3.885349
    3.580750     4.939386     3.300073
    4.107449     3.580750     4.939386
    3.606363     4.107449     3.580750
    4.104859     3.606363     4.107449
    4.585085     4.104859     3.606363
    4.805463     4.585085     4.104859
    3.573504     4.805463     4.585085
    3.464252     3.573504     4.805463
    3.143580     3.464252     3.573504
    2.816983     3.143580     3.464252
    2.981088     2.816983     3.143580
    2.994871     2.981088     2.816983
    2.920694     2.994871     2.981088
    4.776770     2.920694     2.994871
    5.030433     4.776770     2.920694
    6.102231     5.030433     4.776770
    5.068580     6.102231     5.030433
    6.114186     5.068580     6.102231
    4.845549     6.114186     5.068580
    3.132097     4.845549     6.114186
    4.355875     3.132097     4.845549
    5.011297     4.355875     3.132097
    3.721120     5.011297     4.355875
    2.686691     3.721120     5.011297
    2.675350     2.686691     3.721120
    3.032340     2.675350     2.686691
    3.257126     3.032340     2.675350
    3.639242     3.257126     3.032340
    3.575275     3.639242     3.257126
    3.832962     3.575275     3.639242
    3.728829     3.832962     3.575275
    4.124190     3.728829     3.832962
    1.203025     4.124190     3.728829
    3.595076     1.203025     4.124190
    3.681356     3.595076     1.203025
    2.142101     3.681356     3.595076
    2.144799     2.142101     3.681356
    2.385576     2.144799     2.142101
    3.236445     2.385576     2.144799
    3.883050     3.236445     2.385576
    2.728096     3.883050     3.236445
    2.668003     2.728096     3.883050
    2.328515     2.668003     2.728096
    0.891319     2.328515     2.668003
    1.960752     0.891319     2.328515
    2.196542     1.960752     0.891319
    1.006181     2.196542     1.960752
    2.514237     1.006181     2.196542
    3.496331     2.514237     1.006181
    4.181734     3.496331     2.514237
    4.076214     4.181734     3.496331
    4.273892     4.076214     4.181734
    3.594475     4.273892     4.076214
    3.112604     3.594475     4.273892
    1.668354     3.112604     3.594475
    2.159561     1.668354     3.112604
    2.407274     2.159561     1.668354
    3.932387     2.407274     2.159561
    3.933613     3.932387     2.407274
    2.899718     3.933613     3.932387
    2.292544     2.899718     3.933613
    3.534896     2.292544     2.899718
    3.560264     3.534896     2.292544
    3.140243     3.560264     3.534896
    3.004080     3.140243     3.560264
    3.399702     3.004080     3.140243
    2.512140     3.399702     3.004080
    2.072998     2.512140     3.399702
    3.209933     2.072998     2.512140
    4.291048     3.209933     2.072998
    3.381780     4.291048     3.209933
    4.735052     3.381780     4.291048
    3.560887     4.735052     3.381780
    3.935402     3.560887     4.735052
    5.346018     3.935402     3.560887
    4.369906     5.346018     3.935402
    4.631605     4.369906     5.346018
    4.463364     4.631605     4.369906
    4.229528     4.463364     4.631605
    5.654780     4.229528     4.463364
    3.930620     5.654780     4.229528
    3.480392     3.930620     5.654780
    2.595070     3.480392     3.930620
    3.100265     2.595070     3.480392
    1.916834     3.100265     2.595070
    2.092714     1.916834     3.100265
    0.928921     2.092714     1.916834
    1.740973     0.928921     2.092714
    1.411956     1.740973     0.928921
    2.394476     1.411956     1.740973
    3.337701     2.394476     1.411956
    4.246152     3.337701     2.394476
    3.778099     4.246152     3.337701
    3.484548     3.778099     4.246152
    2.843690     3.484548     3.778099
    1.794853     2.843690     3.484548
    0.970421     1.794853     2.843690
    0.559832     0.970421     1.794853
    0.606773     0.559832     0.970421
    0.809907     0.606773     0.559832
    1.693602     0.809907     0.606773
    2.874732     1.693602     0.809907
    1.753979     2.874732     1.693602
    1.656244     1.753979     2.874732
    2.325785     1.656244     1.753979
    2.572040     2.325785     1.656244
    5.081272     2.572040     2.325785
    2.390970     5.081272     2.572040
    3.210740     2.390970     5.081272
    3.198701     3.210740     2.390970
    3.493052     3.198701     3.210740
    4.456560     3.493052     3.198701
    4.620940     4.456560     3.493052
    5.444199     4.620940     4.456560
    2.512730     5.444199     4.620940
    2.178030     2.512730     5.444199
    3.891548     2.178030     2.512730
    4.703091     3.891548     2.178030
    3.540580     4.703091     3.891548
    3.899636     3.540580     4.703091
    3.813430     3.899636     3.540580
    3.631762     3.813430     3.899636
    3.523310     3.631762     3.813430
    3.517876     3.523310     3.631762
    4.543226     3.517876     3.523310
    3.309217     4.543226     3.517876
    3.234162     3.309217     4.543226
    2.327183     3.234162     3.309217
    3.449786     2.327183     3.234162
    3.736136     3.449786     2.327183
    4.437754     3.736136     3.449786
    5.124016     4.437754     3.736136
    4.002001     5.124016     4.437754
    3.824604     4.002001     5.124016
    1.623796     3.824604     4.002001
    3.056100     1.623796     3.824604
    1.774265     3.056100     1.623796
    2.333793     1.774265     3.056100
    2.306435     2.333793     1.774265
    2.923903     2.306435     2.333793
    2.183973     2.923903     2.306435
    3.366725     2.183973     2.923903
    5.103071     3.366725     2.183973
    5.738808     5.103071     3.366725
    4.708808     5.738808     5.103071
    3.661268     4.708808     5.738808
    4.110763     3.661268     4.708808
    3.418902     4.110763     3.661268
    3.085018     3.418902     4.110763
    3.013704     3.085018     3.418902
    3.576913     3.013704     3.085018
    2.230725     3.576913     3.013704
    1.415437     2.230725     3.576913
    1.547024     1.415437     2.230725
    2.488919     1.547024     1.415437
    2.369679     2.488919     1.547024
    1.437899     2.369679     2.488919
    1.383291     1.437899     2.369679
    2.480856     1.383291     1.437899
    1.963909     2.480856     1.383291
    1.901253     1.963909     2.480856
    1.549990     1.901253     1.963909
    2.134447     1.549990     1.901253
    2.144009     2.134447     1.549990
    2.800173     2.144009     2.134447
    2.952852     2.800173     2.144009
    4.380562     2.952852     2.800173
    3.309512     4.380562     2.952852
    2.130466     3.309512     4.380562
    2.828750     2.130466     3.309512
    2.312087     2.828750     2.130466
    4.927444     2.312087     2.828750
    2.611907     4.927444     2.312087
    4.623846     2.611907     4.927444
    4.557802     4.623846     2.611907
    3.729317     4.557802     4.623846
    4.059750     3.729317     4.557802
    4.071144     4.059750     3.729317
    4.544393     4.071144     4.059750
    2.451445     4.544393     4.071144
    4.200233     2.451445     4.544393
    3.271880     4.200233     2.451445
    4.696603     3.271880     4.200233
    2.633817     4.696603     3.271880
    4.975816     2.633817     4.696603
    3.423189     4.975816     2.633817
    4.222093     3.423189     4.975816
    4.801287     4.222093     3.423189
    3.213806     4.801287     4.222093
    3.704101     3.213806     4.801287
    1.104250     3.704101     3.213806
    3.631096     1.104250     3.704101
    1.389146     3.631096     1.104250
    2.278299     1.389146     3.631096
    3.935094     2.278299     1.389146
    1.654852     3.935094     2.278299
    2.989731     1.654852     3.935094
    1.252940     2.989731     1.654852
    1.265308     1.252940     2.989731
    2.619641     1.265308     1.252940
    0.832446     2.619641     1.265308
    2.665016     0.832446     2.619641
    2.679679     2.665016     0.832446
    1.083672     2.679679     2.665016
    0.797393     1.083672     2.679679
    2.156553     0.797393     1.083672
    0.808190     2.156553     0.797393
    1.241824     0.808190     2.156553
    0.517892     1.241824     0.808190
    1.669202     0.517892     1.241824
    2.308563     1.669202     0.517892
    2.831667     2.308563     1.669202
    3.625781     2.831667     2.308563
    4.570489     3.625781     2.831667
    3.684293     4.570489     3.625781
    3.330208     3.684293     4.570489
    3.087791     3.330208     3.684293
    4.577607     3.087791     3.330208
    4.650287     4.577607     3.087791
    3.133306     4.650287     4.577607
    4.130751     3.133306     4.650287
    3.278338     4.130751     3.133306
    4.018918     3.278338     4.130751
    1.848492     4.018918     3.278338
    3.782379     1.848492     4.018918
    2.536669     3.782379     1.848492
    3.430763     2.536669     3.782379
    1.923645     3.430763     2.536669
    2.180880     1.923645     3.430763
    4.716202     2.180880     1.923645
    4.783915     4.716202     2.180880
    4.700310     4.783915     4.716202
    4.094626     4.700310     4.783915
    4.447484     4.094626     4.700310
    4.101077     4.447484     4.094626
    2.845878     4.101077     4.447484
    5.448320     2.845878     4.101077
    5.146957     5.448320     2.845878
    4.748682     5.146957     5.448320
    2.904873     4.748682     5.146957
    3.546147     2.904873     4.748682
    3.462988     3.546147     2.904873
    3.521449     3.462988     3.546147
    3.360307     3.521449     3.462988
    2.564326     3.360307     3.521449
    4.177233     2.564326     3.360307
    5.809943     4.177233     2.564326
    4.436128     5.809943     4.177233
    4.295865     4.436128     5.809943
    3.990195     4.295865     4.436128
    1.626858     3.990195     4.295865
    1.598353     1.626858     3.990195
    2.324452     1.598353     1.626858
    1.183801     2.324452     1.598353
    0.363999     1.183801     2.324452
    0.197656     0.363999     1.183801
    0.100046     0.197656     0.363999
    1.897913     0.100046     0.197656
    0.692755     1.897913     0.100046
    3.767980     0.692755     1.897913
    3.518915     3.767980     0.692755
    3.496011     3.518915     3.767980
    3.143347     3.496011     3.518915
    3.464256     3.143347     3.496011
    1.781133     3.464256     3.143347
    1.891369     1.781133     3.464256
    3.316752     1.891369     1.781133
    1.263274     3.316752     1.891369
    2.135455     1.263274     3.316752
    1.614212     2.135455     1.263274
    2.780900     1.614212     2.135455
    0.525730     2.780900     1.614212
    2.964481     0.525730     2.780900
    3.341233     2.964481     0.525730
    3.847851     3.341233     2.964481
    4.290847     3.847851     3.341233
    4.356506     4.290847     3.847851
    3.285488     4.356506     4.290847
    5.683606     3.285488     4.356506
    3.738904     5.683606     3.285488
    3.662273     3.738904     5.683606
    1.905287     3.662273     3.738904
    1.908708     1.905287     3.662273
    3.691527     1.908708     1.905287
    2.710200     3.691527     1.908708
    2.254129     2.710200     3.691527
    2.231088     2.254129     2.710200
    2.265073     2.231088     2.254129
    3.771598     2.265073     2.231088
    4.450844     3.771598     2.265073
    3.503110     4.450844     3.771598
    3.889491     3.503110     4.450844
    3.585249     3.889491     3.503110
    1.983661     3.585249     3.889491
    2.136646     1.983661     3.585249
    0.887221     2.136646     1.983661
    1.290809     0.887221     2.136646
    2.819081     1.290809     0.887221
    2.966889     2.819081     1.290809
    3.429265     2.966889     2.819081
    3.582463     3.429265     2.966889
    4.142278     3.582463     3.429265
    2.953842     4.142278     3.582463
    3.377717     2.953842     4.142278
    3.768090     3.377717     2.953842
    4.412915     3.768090     3.377717
    1.716633     4.412915     3.768090
    2.747931     1.716633     4.412915
    2.280407     2.747931     1.716633
    1.462615     2.280407     2.747931
    2.477713     1.462615     2.280407
    1.382095     2.477713     1.462615
    4.138701     1.382095     2.477713
    4.416701     4.138701     1.382095
    3.254300     4.416701     4.138701
    1.656280     3.254300     4.416701
    2.711185     1.656280     3.254300
    3.441314     2.711185     1.656280
    2.336919     3.441314     2.711185
    3.887391     2.336919     3.441314
    3.581759     3.887391     2.336919
    3.176340     3.581759     3.887391
    3.854509     3.176340     3.581759
    2.577721     3.854509     3.176340
    1.394543     2.577721     3.854509
    3.280279     1.394543     2.577721
    2.019287     3.280279     1.394543
    1.646789     2.019287     3.280279
    2.206682     1.646789     2.019287
    1.525924     2.206682     1.646789
    3.496078     1.525924     2.206682
    2.953430     3.496078     1.525924
    2.632433     2.953430     3.496078
    2.788558     2.632433     2.953430
    1.767826     2.788558     2.632433
    1.316209     1.767826     2.788558
    1.780650     1.316209     1.767826
    2.944413     1.780650     1.316209
    2.324939     2.944413     1.780650
    2.584805     2.324939     2.944413
    0.954783     2.584805     2.324939
    2.212656     0.954783     2.584805
    3.204927     2.212656     0.954783
    3.121641     3.204927     2.212656
    2.219703     3.121641     3.204927
    1.988466     2.219703     3.121641
    1.873739     1.988466     2.219703
    1.910097     1.873739     1.988466
    3.083810     1.910097     1.873739
    2.445823     3.083810     1.910097
    3.816005     2.445823     3.083810
    4.434530     3.816005     2.445823
    2.990801     4.434530     3.816005
    3.002258     2.990801     4.434530
    2.253598     3.002258     2.990801
    3.410340     2.253598     3.002258
    2.808501     3.410340     2.253598
    3.466670     2.808501     3.410340
    3.683128     3.466670     2.808501
    3.352014     3.683128     3.466670
    3.876778     3.352014     3.683128
    3.728262     3.876778     3.352014
    2.180033     3.728262     3.876778
    2.451294     2.180033     3.728262
    2.992016     2.451294     2.180033
    3.054626     2.992016     2.451294
