    2.904907     2.208288     2.830831
    4.722667     2.904907     2.208288
    3.335328     4.722667     2.904907
    2.889777     3.335328     4.722667
    3.879553     2.889777     3.335328
    4.582594     3.879553     2.889777
    3.693644     4.582594     3.879553
    3.461772     3.693644     4.582594
    3.103020     3.461772     3.693644
    3.325999     3.103020     3.461772
    3.523921     3.325999     3.103020
    2.341267     3.523921     3.325999
    3.715281     2.341267     3.523921
    3.110157     3.715281     2.341267
    3.163872     3.110157     3.715281
    1.651245     3.163872     3.110157
    3.040783     1.651245     3.163872
    4.020384     3.040783     1.651245
    4.585464     4.020384     3.040783
    4.358023     4.585464     4.020384
    3.238692     4.358023     4.585464
    1.834067     3.238692     4.358023
    1.453445     1.834067     3.238692
    0.888914     1.453445     1.834067
    2.934755     0.888914     1.453445
    2.596046     2.934755     0.888914
    1.003079     2.596046     2.934755
    2.425050     1.003079     2.596046
    1.510982     2.425050     1.003079
    3.177654     1.510982     2.425050
    3.202723     3.177654     1.510982
    1.776495     3.202723     3.177654
    2.960172     1.776495     3.202723
    3.319031     2.960172     1.776495
    4.193791     3.319031     2.960172
    2.997004     4.193791     3.319031
    3.950350     2.997004     4.193791
    4.310264     3.950350     2.997004
    4.199225     4.310264     3.950350
    4.278908     4.199225     4.310264
    3.786946     4.278908     4.199225
    3.726019     3.786946     4.278908
    5.875473     3.726019     3.786946
    4.929646     5.875473     3.726019
    3.791964     4.929646     5.875473
    1.798578     3.791964     4.929646
    2.974851     1.798578     3.791964
    5.303344     2.974851     1.798578
    5.591520     5.303344     2.974851
    4.750634     5.591520     5.303344
    4.905011     4.750634     5.591520
    4.593460     4.905011     4.750634
    3.581090     4.593460     4.905011
    3.394950     3.581090     4.593460
    3.784992     3.394950     3.581090
    4.745200     3.784992     3.394950
    5.581869     4.745200     3.784992
    3.762774     5.581869     4.745200
    2.000010     3.762774     5.581869
    3.876389     2.000010     3.762774
    1.180533     3.876389     2.000010
    4.619672     1.180533     3.876389
    3.922931     4.619672     1.180533
    2.491243     3.922931     4.619672
    3.415655     2.491243     3.922931
    2.153554     3.415655     2.491243
    2.435290     2.153554     3.415655
    2.147566     2.435290     2.153554
    3.435235     2.147566     2.435290
    3.045129     3.435235     2.147566
    1.578648     3.045129     3.435235
    2.530437     1.578648     3.045129
    2.858718     2.530437     1.578648
    1.496811     2.858718     2.530437
    4.165387     1.496811     2.858718
    3.522973     4.165387     1.496811
    2.748174     3.522973     4.165387
    5.072068     2.748174     3.522973
    3.840888     5.072068     2.748174
    4.621963     3.840888     5.072068
    4.179434     4.621963     3.840888
    4.416562     4.179434     4.621963
    4.439084     4.416562     4.179434
    4.063670     4.439084     4.416562
    3.499346     4.063670     4.439084
    5.139165     3.499346     4.063670
    3.680250     5.139165     3.499346
    5.002448     3.680250     5.139165
    5.023676     5.002448     3.680250
    3.647911     5.023676     5.002448
    4.600331     3.647911     5.023676
    4.650502     4.600331     3.647911
    3.906584     4.650502     4.600331
    4.030523     3.906584     4.650502
    2.721434     4.030523     3.906584
    2.670853     2.721434     4.030523
    2.472469     2.670853     2.721434
    2.010347     2.472469     2.670853
    3.790621     2.010347     2.472469
    2.421254     3.790621     2.010347
    1.553419     2.421254     3.790621
    3.467300     1.553419     2.421254
    2.983363     3.467300     1.553419
    2.980436     2.983363     3.467300
    3.066213     2.980436     2.983363
    3.826483     3.066213     2.980436
    4.440907     3.826483     3.066213
    5.313466     4.440907     3.826483
    5.568859     5.313466     4.440907
    2.881208     5.568859     5.313466
    2.371064     2.881208     5.568859
    3.311966     2.371064     2.881208
    3.498861     3.311966     2.371064
    2.419824     3.498861     3.311966
    3.627233     2.419824     3.498861
    3.042243     3.627233     2.419824
    3.119198     3.042243     3.627233
    4.254274     3.119198     3.042243
    5.268915     4.254274     3.119198
    4.886960     5.268915     4.254274
    4.197535     4.886960     5.268915
    2.577884     4.197535     4.886960
    3.681147     2.577884     4.197535
    5.430055     3.681147     2.577884
    4.640966     5.430055     3.681147
    5.835191     4.640966     5.430055
    5.522672     5.835191     4.640966
    5.627136     5.522672     5.835191
    5.463796     5.627136     5.522672
    3.957237     5.463796     5.627136
    4.657236     3.957237     5.463796
    4.294100     4.657236     3.957237
    3.049831     4.294100     4.657236
    3.257338     3.049831     4.294100
    3.628040     3.257338     3.049831
    5.503073     3.628040     3.257338
    5.760217     5.503073     3.628040
    4.379675     5.760217     5.503073
    4.318071     4.379675     5.760217
    5.519903     4.318071     4.379675
    4.314900     5.519903     4.318071
    4.304756     4.314900     5.519903
    4.896303     4.304756     4.314900
    4.979523     4.896303     4.304756
    3.840330     4.979523     4.896303
    3.919211     3.840330     4.979523
    4.665626     3.919211     3.840330
    4.107307     4.665626     3.919211
    4.754278     4.107307     4.665626
    4.259940     4.754278     4.107307
    4.283752     4.259940     4.754278
    3.038865     4.283752     4.259940
    2.148557     3.038865     4.283752
    3.368164     2.148557     3.038865
    3.057930     3.368164     2.148557
    1.587498     3.057930     3.368164
    2.980130     1.587498     3.057930
    3.851029     2.980130     1.587498
    3.757334     3.851029     2.980130
    2.822089     3.757334     3.851029
    2.273214     2.822089     3.757334
    3.582419     2.273214     2.822089
    3.428350     3.582419     2.273214
    2.334282     3.428350     3.582419
    2.410423     2.334282     3.428350
    1.470625     2.410423     2.334282
    3.514911     1.470625     2.410423
    3.404099     3.514911     1.470625
    1.950215     3.404099     3.514911
    1.988524     1.950215     3.404099
    3.940637     1.988524     1.950215
    4.394041     3.940637     1.988524
    5.379554     4.394041     3.940637
    6.462835     5.379554     4.394041
    5.867028     6.462835     5.379554
    4.885037     5.867028     6.462835
    4.719747     4.885037     5.867028
    4.572736     4.719747     4.885037
    2.645453     4.572736     4.719747
    3.779546     2.645453     4.572736
    3.333704     3.779546     2.645453
    1.817826     3.333704     3.779546
    2.387707     1.817826     3.333704
    0.889758     2.387707     1.817826
    3.381472     0.889758     2.387707
    3.200044     3.381472     0.889758
    4.739188     3.200044     3.381472
    2.497708     4.739188     3.200044
    5.153353     2.497708     4.739188
    5.552084     5.153353     2.497708
    4.645446     5.552084     5.153353
    3.666676     4.645446     5.552084
    4.108767     3.666676     4.645446
    4.277759     4.108767     3.666676
    4.422063     4.277759     4.108767
    5.081852     4.422063     4.277759
    3.631912     5.081852     4.422063
    3.055599     3.631912     5.081852
    4.926278     3.055599     3.631912
    3.720480     4.926278     3.055599
    3.948877     3.720480     4.926278
    4.272921     3.948877     3.720480
    6.194527     4.272921     3.948877
    4.452930     6.194527     4.272921
    4.105785     4.452930     6.194527
    2.168636     4.105785     4.452930
    3.048159     2.168636     4.105785
    1.427383     3.048159     2.168636
    1.425792     1.427383     3.048159
    1.445872     1.425792     1.427383
    2.721697     1.445872     1.425792
    2.397946     2.721697     1.445872
    3.812558     2.397946     2.721697
    2.610275     3.812558     2.397946
    1.159145     2.610275     3.812558
    2.292753     1.159145     2.610275
    1.088415     2.292753     1.159145
    3.455707     1.088415     2.292753
    2.256011     3.455707     1.088415
    3.047401     2.256011     3.455707
    4.751927     3.047401     2.256011
    4.142010     4.751927     3.047401
    5.371731     4.142010     4.751927
    4.531584     5.371731     4.142010
    6.210925     4.531584     5.371731
    5.235068     6.210925     4.531584
    4.953558     5.235068     6.210925
    2.738519     4.953558     5.235068
    4.158686     2.738519     4.953558
    2.642192     4.158686     2.738519
    2.318008     2.642192     4.158686
    1.731872     2.318008     2.642192
    3.057457     1.731872     2.318008
    2.817978     3.057457     1.731872
    3.155963     2.817978     3.057457
    4.268335     3.155963     2.817978
    3.259045     4.268335     3.155963
    3.121400     3.259045     4.268335
    2.479587     3.121400     3.259045
    1.650341     2.479587     3.121400
    0.642485     1.650341     2.479587
    1.200657     0.642485     1.650341
    1.203201     1.200657     0.642485
    0.781049     1.203201     1.200657
    3.243802     0.781049     1.203201
    2.183027     3.243802     0.781049
    3.309671     2.183027     3.243802
    2.542401     3.309671     2.183027
    3.026004     2.542401     3.309671
    3.433686     3.026004     2.542401
    3.339458     3.433686     3.026004
    3.574651     3.339458     3.433686
    3.301260     3.574651     3.339458
    5.058072     3.301260     3.574651
    4.004517     5.058072     3.301260
    2.136829     4.004517     5.058072
    3.079909     2.136829     4.004517
    2.353212     3.079909     2.136829
    2.265774     2.353212     3.079909
    1.863030     2.265774     2.353212
    2.164823     1.863030     2.265774
    2.285885     2.164823     1.863030
    1.993315     2.285885     2.164823
    3.016705     1.993315     2.285885
    3.103243     3.016705     1.993315
    2.619613     3.103243     3.016705
    0.474447     2.619613     3.103243
    1.953010     0.474447     2.619613
    1.915529     1.953010     0.474447
    1.954899     1.915529     1.953010
    2.829369     1.954899     1.915529
    2.390617     2.829369     1.954899
    2.929798     2.390617     2.829369
    3.680941     2.929798     2.390617
    2.454874     3.680941     2.929798
    0.829154     2.454874     3.680941
    1.804135     0.829154     2.454874
    1.850366     1.804135     0.829154
    1.046258     1.850366     1.804135
    1.856310     1.046258     1.850366
    0.841962     1.856310     1.046258
    2.322541     0.841962     1.856310
    1.810314     2.322541     0.841962
    4.182402     1.810314     2.322541
    3.763563     4.182402     1.810314
    3.576045     3.763563     4.182402
    3.868406     3.576045     3.763563
    4.120184     3.868406     3.576045
    3.129039     4.120184     3.868406
    4.547539     3.129039     4.120184
    3.604061     4.547539     3.129039
    5.766740     3.604061     4.547539
    3.736220     5.766740     3.604061
    4.969717     3.736220     5.766740
    5.432303     4.969717     3.736220
    4.404348     5.432303     4.969717
    5.558773     4.404348     5.432303
    4.325154     5.558773     4.404348
    5.046888     4.325154     5.558773
    3.991256     5.046888     4.325154
    4.768544     3.991256     5.046888
    2.260281     4.768544     3.991256
    2.045391     2.260281     4.768544
    3.688653     2.045391     2.260281
    3.252004     3.688653     2.045391
    2.640143     3.252004     3.688653
    3.126349     2.640143     3.252004
    3.391278     3.126349     2.640143
    2.941791     3.391278     3.126349
    3.396926     2.941791     3.391278
    2.700478     3.396926     2.941791
    2.831076     2.700478     3.396926
    3.098941     2.831076     2.700478
    3.591809     3.098941     2.831076
    4.552494     3.591809     3.098941
    2.826447     4.552494     3.591809
    3.413585     2.826447     4.552494
    4.664750     3.413585     2.826447
    3.318728     4.664750     3.413585
    4.648614     3.318728     4.664750
    4.294148     4.648614     3.318728
    3.865680     4.294148     4.648614
    2.003146     3.865680     4.294148
    2.580177     2.003146     3.865680
    2.638043     2.580177     2.003146
    2.298191     2.638043     2.580177
    2.632006     2.298191     2.638043
    3.330102     2.632006     2.298191
    3.925914     3.330102     2.632006
    3.011177     3.925914     3.330102
    3.051772     3.011177     3.925914
    3.882285     3.051772     3.011177
    4.429939     3.882285     3.051772
    4.726140     4.429939     3.882285
    3.482704     4.726140     4.429939
    3.148671     3.482704     4.726140
    3.499063     3.148671     3.482704
    2.876748     3.499063     3.148671
    2.617047     2.876748     3.499063
    3.016645     2.617047     2.876748
    2.738261     3.016645     2.617047
    3.390051     2.738261     3.016645
    4.439126     3.390051     2.738261
    5.603520     4.439126     3.390051
    3.060324     5.603520     4.439126
    6.118260     3.060324     5.603520
    4.254785     6.118260     3.060324
    4.619081     4.254785     6.118260
    1.109121     4.619081     4.254785
    1.495323     1.109121     4.619081
    1.534885     1.495323     1.109121
    2.279424     1.534885     1.495323
    2.862846     2.279424     1.534885
    1.497156     2.862846     2.279424
    3.475799     1.497156     2.862846
    5.155820     3.475799     1.497156
    4.645651     5.155820     3.475799
    4.389882     4.645651     5.155820
    5.234976     4.389882     4.645651
    4.221531     5.234976     4.389882
    4.996104     4.221531     5.234976
    6.217246     4.996104     4.221531
    4.954998     6.217246     4.996104
    4.395121     4.954998     6.217246
    2.982832     4.395121     4.954998
    3.142031     2.982832     4.395121
    3.824574     3.142031     2.982832
    2.853771     3.824574     3.142031
    1.687372     2.853771     3.824574
    1.740579     1.687372     2.853771
    1.059560     1.740579     1.687372
    2.700815     1.059560     1.740579
    2.201148     2.700815     1.059560
    0.358020     2.201148     2.700815
    2.369695     0.358020     2.201148
    2.696842     2.369695     0.358020
    1.257349     2.696842     2.369695
    1.002413     1.257349     2.696842
    2.738200     1.002413     1.257349
    3.579966     2.738200     1.002413
    3.720499     3.579966     2.738200
    5.146170     3.720499     3.579966
    4.047360     5.146170     3.720499
    5.648282     4.047360     5.146170
    6.982447     5.648282     4.047360
    3.744865     6.982447     5.648282
    5.294271     3.744865     6.982447
    4.668010     5.294271     3.744865
    3.179450     4.668010     5.294271
    2.563569     3.179450     4.668010
    2.641359     2.563569     3.179450
    3.703265     2.641359     2.563569
    4.666788     3.703265     2.641359
    2.465604     4.666788     3.703265
    3.503303     2.465604     4.666788
    1.843381     3.503303     2.465604
    3.427150     1.843381     3.503303
    4.236589     3.427150     1.843381
    3.194124     4.236589     3.427150
    4.478236     3.194124     4.236589
    4.008911     4.478236     3.194124
    3.842388     4.008911     4.478236
    2.428519     3.842388     4.008911
    2.017124     2.428519     3.842388
    3.211854     2.017124     2.428519
    4.511826     3.211854     2.017124
    4.383214     4.511826     3.211854
    4.464008     4.383214     4.511826
    4.555134     4.464008     4.383214
    3.225599     4.555134     4.464008
    2.552623     3.225599     4.555134
    1.224631     2.552623     3.225599
    1.273936     1.224631     2.552623
    2.009928     1.273936     1.224631
    1.764116     2.009928     1.273936
    1.918084     1.764116     2.009928
    2.425083     1.918084     1.764116
    1.630846     2.425083     1.918084
    2.276217     1.630846     2.425083
    2.000648     2.276217     1.630846
    3.920750     2.000648     2.276217
    2.515545     3.920750     2.000648
    2.741089     2.515545     3.920750
    2.793826     2.741089     2.515545
    1.119592     2.793826     2.741089
    3.777811     1.119592     2.793826
    4.050824     3.777811     1.119592
    2.631281     4.050824     3.777811
    4.235157     2.631281     4.050824
    5.096998     4.235157     2.631281
    4.514707     5.096998     4.235157
    3.976531     4.514707     5.096998
    3.473499     3.976531     4.514707
    3.439121     3.473499     3.976531
    2.125141     3.439121     3.473499
    2.919352     2.125141     3.439121
    4.040753     2.919352     2.125141
    3.566868     4.040753     2.919352
    2.506106     3.566868     4.040753
    2.615024     2.506106     3.566868
    2.443789     2.615024     2.506106
    2.580294     2.443789     2.615024
    1.823432     2.580294     2.443789
    2.388234     1.823432     2.580294
    1.516576     2.388234     1.823432
    2.943919     1.516576     2.388234
    2.998493     2.943919     1.516576
    2.959196     2.998493     2.943919
    1.963563     2.959196     2.998493
    4.273695     1.963563     2.959196
    2.190647     4.273695     1.963563
    1.643564     2.190647     4.273695
    2.146489     1.643564     2.190647
    2.705711     2.146489     1.643564
    0.827085     2.705711     2.146489
    1.690526     0.827085     2.705711
    4.175849     1.690526     0.827085
    3.923693     4.175849     1.690526
    6.024004     3.923693     4.175849
    3.763364     6.024004     3.923693
    4.454720     3.763364     6.024004
    4.327702     4.454720     3.763364
    2.956171     4.327702     4.454720
    3.667030     2.956171     4.327702
    4.549047     3.667030     2.956171
    4.064928     4.549047     3.667030
    2.850351     4.064928     4.549047
    5.471367     2.850351     4.064928
    3.668212     5.471367     2.850351
    4.389344     3.668212     5.471367
    4.181976     4.389344     3.668212
    5.029729     4.181976     4.389344
    4.085703     5.029729     4.181976
    3.046812     4.085703     5.029729
    3.546613     3.046812     4.085703
    1.785016     3.546613     3.046812
    2.775551     1.785016     3.546613
    1.351658     2.775551     1.785016
    3.183580     1.351658     2.775551
    3.443292     3.183580     1.351658
    3.317538     3.443292     3.183580
    1.440360     3.317538     3.443292
    1.612788     1.440360     3.317538
    5.084905     1.612788     1.440360
    2.616695     5.084905     1.612788
    3.333586     2.616695     5.084905
    5.208269     3.333586     2.616695
    1.434918     5.208269     3.333586
    3.590953     1.434918     5.208269
    3.824199     3.590953     1.434918
    3.368536     3.824199     3.590953
    3.675052     3.368536     3.824199
    3.130999     3.675052     3.368536
    3.125936     3.130999     3.675052
    2.326327     3.125936     3.130999
    3.076662     2.326327     3.125936
    4.753956     3.076662     2.326327
    2.635627     4.753956     3.076662
    4.346475     2.635627     4.753956
    3.158640     4.346475     2.635627
