    2.743040     4.062433     3.877894
    4.595778     2.743040     4.062433
    4.588401     4.595778     2.743040
    5.616058     4.588401     4.595778
    6.149208     5.616058     4.588401
    4.685799     6.149208     5.616058
    3.678597     4.685799     6.149208
    4.169835     3.678597     4.685799
    4.468626     4.169835     3.678597
    3.951983     4.468626     4.169835
    3.555887     3.951983     4.468626
    3.593614     3.555887     3.951983
    3.344066     3.593614     3.555887
    2.628288     3.344066     3.593614
    1.028616     2.628288     3.344066
    2.643678     1.028616     2.628288
    3.752054     2.643678     1.028616
    4.487124     3.752054     2.643678
    3.423858     4.487124     3.752054
    4.192557     3.423858     4.487124
    3.963958     4.192557     3.423858
    3.778308     3.963958     4.192557
    2.461024     3.778308     3.963958
    1.810870     2.461024     3.778308
    2.804301     1.810870     2.461024
    3.262818     2.804301     1.810870
    2.902310     3.262818     2.804301
    3.237987     2.902310     3.262818
    1.283562     3.237987     2.902310
    2.317028     1.283562     3.237987
    3.426337     2.317028     1.283562
    1.708608     3.426337     2.317028
    2.720978     1.708608     3.426337
    1.639671     2.720978     1.708608
    1.427117     1.639671     2.720978
    1.316678     1.427117     1.639671
    2.913260     1.316678     1.427117
    1.828502     2.913260     1.316678
    5.713428     1.828502     2.913260
    2.833995     5.713428     1.828502
    4.370893     2.833995     5.713428
    3.006277     4.370893     2.833995
    3.772197     3.006277     4.370893
    2.216801     3.772197     3.006277
    3.715201     2.216801     3.772197
    4.390222     3.715201     2.216801
    5.384232     4.390222     3.715201
    3.756349     5.384232     4.390222
    2.157330     3.756349     5.384232
    3.451727     2.157330     3.756349
    3.406489     3.451727     2.157330
    2.419560     3.406489     3.451727
    1.553106     2.419560     3.406489
    1.006119     1.553106     2.419560
    1.364724     1.006119     1.553106
    2.196349     1.364724     1.006119
    2.482546     2.196349     1.364724
    3.520103     2.482546     2.196349
    4.214924     3.520103     2.482546
    3.316420     4.214924     3.520103
    2.905392     3.316420     4.214924
    2.778699     2.905392     3.316420
    2.789060     2.778699     2.905392
    0.983447     2.789060     2.778699
    2.325575     0.983447     2.789060
    1.212091     2.325575     0.983447
    2.483762     1.212091     2.325575
    2.043401     2.483762     1.212091
    3.529131     2.043401     2.483762
    2.617589     3.529131     2.043401
    2.770606     2.617589     3.529131
    4.646786     2.770606     2.617589
    4.579300     4.646786     2.770606
    3.726536     4.579300     4.646786
    3.826511     3.726536     4.579300
    4.153968     3.826511     3.726536
    3.734779     4.153968     3.826511
    3.328882     3.734779     4.153968
    2.855145     3.328882     3.734779
    2.747053     2.855145     3.328882
    2.940717     2.747053     2.855145
    3.466960     2.940717     2.747053
    3.173296     3.466960     2.940717
    3.160662     3.173296     3.466960
    5.378347     3.160662     3.173296
    4.769028     5.378347     3.160662
    5.453857     4.769028     5.378347
    4.343288     5.453857     4.769028
    4.553068     4.343288     5.453857
    2.482447     4.553068     4.343288
    3.297350     2.482447     4.553068
    2.494021     3.297350     2.482447
    3.810828     2.494021     3.297350
    3.202742     3.810828     2.494021
    5.334204     3.202742     3.810828
    5.153314     5.334204     3.202742
    4.571040     5.153314     5.334204
    6.079550     4.571040     5.153314
    4.242206     6.079550     4.571040
    1.558393     4.242206     6.079550
    3.605000     1.558393     4.242206
    2.253606     3.605000     1.558393
    3.910705     2.253606     3.605000
    3.093184     3.910705     2.253606
    1.624364     3.093184     3.910705
    2.104097     1.624364     3.093184
    2.340606     2.104097     1.624364
    3.111237     2.340606     2.104097
    2.758956     3.111237     2.340606
    3.556132     2.758956     3.111237
    2.027055     3.556132     2.758956
    2.029941     2.027055     3.556132
    4.786241     2.029941     2.027055
    4.974708     4.786241     2.029941
    4.904858     4.974708     4.786241
    5.491246     4.904858     4.974708
    5.596667     5.491246     4.904858
    5.051025     5.596667     5.491246
    2.795776     5.051025     5.596667
    2.550555     2.795776     5.051025
    0.851084     2.550555     2.795776
    2.506133     0.851084     2.550555
    1.712760     2.506133     0.851084
    0.924997     1.712760     2.506133
    1.082373     0.924997     1.712760
    2.808074     1.082373     0.924997
    3.317440     2.808074     1.082373
    2.110041     3.317440     2.808074
    3.231497     2.110041     3.317440
    2.019981     3.231497     2.110041
    3.563707     2.019981     3.231497
    2.131678     3.563707     2.019981
    4.375688     2.131678     3.563707
    5.673595     4.375688     2.131678
    4.714747     5.673595     4.375688
    5.118926     4.714747     5.673595
    4.637235     5.118926     4.714747
    3.418225     4.637235     5.118926
    3.056062     3.418225     4.637235
    2.889789     3.056062     3.418225
    3.069470     2.889789     3.056062
    1.982696     3.069470     2.889789
    1.467856     1.982696     3.069470
    3.163718     1.467856     1.982696
    2.607965     3.163718     1.467856
    3.357370     2.607965     3.163718
    3.587025     3.357370     2.607965
    2.895403     3.587025     3.357370
    3.116762     2.895403     3.587025
    4.605148     3.116762     2.895403
    3.212831     4.605148     3.116762
    3.186613     3.212831     4.605148
    4.513596     3.186613     3.212831
    4.333887     4.513596     3.186613
    5.617535     4.333887     4.513596
    4.851054     5.617535     4.333887
    3.331960     4.851054     5.617535
    5.778491     3.331960     4.851054
    3.880773     5.778491     3.331960
    2.064244     3.880773     5.778491
    2.434256     2.064244     3.880773
    4.274657     2.434256     2.064244
    2.917466     4.274657     2.434256
    3.911580     2.917466     4.274657
    3.337736     3.911580     2.917466
    3.505567     3.337736     3.911580
    2.886217     3.505567     3.337736
    4.418043     2.886217     3.505567
    2.546916     4.418043     2.886217
    1.877232     2.546916     4.418043
    3.455175     1.877232     2.546916
    4.055688     3.455175     1.877232
    3.167914     4.055688     3.455175
    2.816918     3.167914     4.055688
    3.276929     2.816918     3.167914
    3.798835     3.276929     2.816918
    2.690104     3.798835     3.276929
    3.107290     2.690104     3.798835
    1.869801     3.107290     2.690104
    5.160311     1.869801     3.107290
    5.653050     5.160311     1.869801
    6.360056     5.653050     5.160311
    3.471941     6.360056     5.653050
    3.600903     3.471941     6.360056
    4.615426     3.600903     3.471941
    4.446783     4.615426     3.600903
    7.256536     4.446783     4.615426
    5.264304     7.256536     4.446783
    4.856760     5.264304     7.256536
    4.585693     4.856760     5.264304
    4.335614     4.585693     4.856760
    4.071157     4.335614     4.585693
    3.155756     4.071157     4.335614
    1.790600     3.155756     4.071157
    1.864909     1.790600     3.155756
    2.610448     1.864909     1.790600
    1.763443     2.610448     1.864909
    3.093541     1.763443     2.610448
    5.208172     3.093541     1.763443
    4.025376     5.208172     3.093541
    2.405853     4.025376     5.208172
    3.409862     2.405853     4.025376
    2.879465     3.409862     2.405853
    3.482392     2.879465     3.409862
    4.179248     3.482392     2.879465
    4.015997     4.179248     3.482392
    2.940207     4.015997     4.179248
    4.542151     2.940207     4.015997
    3.949805     4.542151     2.940207
    3.975404     3.949805     4.542151
    3.473816     3.975404     3.949805
    2.576140     3.473816     3.975404
    2.410873     2.576140     3.473816
    2.566621     2.410873     2.576140
    0.662758     2.566621     2.410873
    1.715458     0.662758     2.566621
   -0.144615     1.715458     0.662758
    2.745605    -0.144615     1.715458
    0.900555     2.745605    -0.144615
    2.507248     0.900555     2.745605
    0.348734     2.507248     0.900555
    0.908261     0.348734     2.507248
    1.800998     0.908261     0.348734
    0.569706     1.800998     0.908261
    3.243996     0.569706     1.800998
    1.848605     3.243996     0.569706
    1.647765     1.848605     3.243996
    3.316746     1.647765     1.848605
    2.242511     3.316746     1.647765
    2.869832     2.242511     3.316746
    4.324210     2.869832     2.242511
    5.447684     4.324210     2.869832
    4.225294     5.447684     4.324210
    7.006326     4.225294     5.447684
    5.163024     7.006326     4.225294
    5.318007     5.163024     7.006326
    1.977720     5.318007     5.163024
    2.545606     1.977720     5.318007
    2.095362     2.545606     1.977720
    1.259450     2.095362     2.545606
    1.534693     1.259450     2.095362
    2.672679     1.534693     1.259450
    4.273300     2.672679     1.534693
    3.305408     4.273300     2.672679
    4.863066     3.305408     4.273300
    4.309286     4.863066     3.305408
    3.999625     4.309286     4.863066
    3.471412     3.999625     4.309286
    3.086824     3.471412     3.999625
    4.082819     3.086824     3.471412
    2.208351     4.082819     3.086824
    2.348965     2.208351     4.082819
    1.859699     2.348965     2.208351
    1.698860     1.859699     2.348965
    1.549770     1.698860     1.859699
    0.928831     1.549770     1.698860
    1.425214     0.928831     1.549770
    2.488258     1.425214     0.928831
    3.855146     2.488258     1.425214
    1.889598     3.855146     2.488258
    2.184868     1.889598     3.855146
    2.097740     2.184868     1.889598
    2.571735     2.097740     2.184868
    2.762966     2.571735     2.097740
    1.896489     2.762966     2.571735
    2.181412     1.896489     2.762966
    4.621148     2.181412     1.896489
    3.882348     4.621148     2.181412
    4.754442     3.882348     4.621148
    3.446224     4.754442     3.882348
    5.152823     3.446224     4.754442
    3.603603     5.152823     3.446224
    4.502861     3.603603     5.152823
    4.294744     4.502861     3.603603
    4.174757     4.294744     4.502861
    5.693531     4.174757     4.294744
    6.423753     5.693531     4.174757
    5.995713     6.423753     5.693531
    4.449272     5.995713     6.423753
    6.486148     4.449272     5.995713
    6.116167     6.486148     4.449272
    3.461989     6.116167     6.486148
    4.721079     3.461989     6.116167
    3.991341     4.721079     3.461989
    5.069441     3.991341     4.721079
    4.071241     5.069441     3.991341
    5.696570     4.071241     5.069441
    4.196458     5.696570     4.071241
    4.793627     4.196458     5.696570
    4.662470     4.793627     4.196458
    2.925131     4.662470     4.793627
    4.085895     2.925131     4.662470
    1.484036     4.085895     2.925131
    0.960711     1.484036     4.085895
    0.673592     0.960711     1.484036
    2.218839     0.673592     0.960711
    2.331323     2.218839     0.673592
    2.555634     2.331323     2.218839
    1.939397     2.555634     2.331323
    1.808012     1.939397     2.555634
    3.420185     1.808012     1.939397
    2.947084     3.420185     1.808012
    3.092882     2.947084     3.420185
    3.015063     3.092882     2.947084
    2.862265     3.015063     3.092882
    2.977449     2.862265     3.015063
    3.828350     2.977449     2.862265
    3.573511     3.828350     2.977449
    3.346680     3.573511     3.828350
    3.806516     3.346680     3.573511
    3.276854     3.806516     3.346680
    2.923635     3.276854     3.806516
    2.817251     2.923635     3.276854
    2.769245     2.817251     2.923635
    1.012479     2.769245     2.817251
    4.423070     1.012479     2.769245
    3.540321     4.423070     1.012479
    1.791948     3.540321     4.423070
    3.198127     1.791948     3.540321
    2.255503     3.198127     1.791948
    2.622107     2.255503     3.198127
    3.573745     2.622107     2.255503
    3.023944     3.573745     2.622107
    3.182937     3.023944     3.573745
    4.742827     3.182937     3.023944
    4.420390     4.742827     3.182937
    2.547048     4.420390     4.742827
    3.334169     2.547048     4.420390
    2.995428     3.334169     2.547048
    3.098504     2.995428     3.334169
    2.365300     3.098504     2.995428
    2.923603     2.365300     3.098504
    2.688967     2.923603     2.365300
    1.225403     2.688967     2.923603
    1.959868     1.225403     2.688967
    2.298302     1.959868     1.225403
    3.327833     2.298302     1.959868
    3.821217     3.327833     2.298302
    3.325093     3.821217     3.327833
    4.379120     3.325093     3.821217
    3.127992     4.379120     3.325093
    3.780061     3.127992     4.379120
    2.270083     3.780061     3.127992
    3.146196     2.270083     3.780061
    2.482152     3.146196     2.270083
    2.926838     2.482152     3.146196
    3.436973     2.926838     2.482152
    3.792601     3.436973     2.926838
    3.983391     3.792601     3.436973
    3.962732     3.983391     3.792601
    6.220460     3.962732     3.983391
    3.683784     6.220460     3.962732
    4.041616     3.683784     6.220460
    3.045777     4.041616     3.683784
    4.849260     3.045777     4.041616
    3.914213     4.849260     3.045777
    3.625470     3.914213     4.849260
    1.995826     3.625470     3.914213
    2.954087     1.995826     3.625470
    3.989112     2.954087     1.995826
    3.669683     3.989112     2.954087
    4.881930     3.669683     3.989112
    5.297436     4.881930     3.669683
    4.587826     5.297436     4.881930
    4.218634     4.587826     5.297436
    3.632124     4.218634     4.587826
    3.551529     3.632124     4.218634
    2.885046     3.551529     3.632124
    3.068356     2.885046     3.551529
    3.158766     3.068356     2.885046
    0.232045     3.158766     3.068356
    0.447313     0.232045     3.158766
    0.674987     0.447313     0.232045
    1.009954     0.674987     0.447313
    3.755815     1.009954     0.674987
    2.915956     3.755815     1.009954
    1.663858     2.915956     3.755815
    3.951619     1.663858     2.915956
    3.057013     3.951619     1.663858
    4.425565     3.057013     3.951619
    5.053590     4.425565     3.057013
    4.993410     5.053590     4.425565
    4.910313     4.993410     5.053590
    4.488859     4.910313     4.993410
    5.061351     4.488859     4.910313
    1.702980     5.061351     4.488859
    2.614048     1.702980     5.061351
    3.641193     2.614048     1.702980
    2.555576     3.641193     2.614048
    3.763645     2.555576     3.641193
    4.308088     3.763645     2.555576
    2.085045     4.308088     3.763645
    1.839165     2.085045     4.308088
    2.973078     1.839165     2.085045
    4.669926     2.973078     1.839165
    4.667972     4.669926     2.973078
    5.236570     4.667972     4.669926
    5.834763     5.236570     4.667972
    4.156949     5.834763     5.236570
    3.648645     4.156949     5.834763
    3.993357     3.648645     4.156949
    4.403592     3.993357     3.648645
    4.269390     4.403592     3.993357
    4.982104     4.269390     4.403592
    4.415167     4.982104     4.269390
    5.718161     4.415167     4.982104
    3.344960     5.718161     4.415167
    4.729662     3.344960     5.718161
    5.115151     4.729662     3.344960
    3.140526     5.115151     4.729662
    3.359800     3.140526     5.115151
    3.950917     3.359800     3.140526
    3.543090     3.950917     3.359800
    2.484104     3.543090     3.950917
    2.827234     2.484104     3.543090
    1.569096     2.827234     2.484104
    4.198853     1.569096     2.827234
    1.965643     4.198853     1.569096
    3.468509     1.965643     4.198853
    3.091687     3.468509     1.965643
    3.856154     3.091687     3.468509
    4.147065     3.856154     3.091687
    4.217964     4.147065     3.856154
    2.869873     4.217964     4.147065
    3.729045     2.869873     4.217964
    2.402289     3.729045     2.869873
    3.007068     2.402289     3.729045
    3.057903     3.007068     2.402289
    2.805052     3.057903     3.007068
    1.983275     2.805052     3.057903
    0.185609     1.983275     2.805052
   -0.186137     0.185609     1.983275
    1.196816    -0.186137     0.185609
    2.519021     1.196816    -0.186137
    1.227920     2.519021     1.196816
    1.593061     1.227920     2.519021
    1.305635     1.593061     1.227920
    1.906535     1.305635     1.593061
    2.940775     1.906535     1.305635
    2.586503     2.940775     1.906535
    2.391572     2.586503     2.940775
    2.274204     2.391572     2.586503
    4.435800     2.274204     2.391572
    3.563773     4.435800     2.274204
    3.952197     3.563773     4.435800
    4.729581     3.952197     3.563773
    4.027978     4.729581     3.952197
    6.225128     4.027978     4.729581
    3.012636     6.225128     4.027978
    0.960447     3.012636     6.225128
    4.389825     0.960447     3.012636
    1.400569     4.389825     0.960447
    2.332770     1.400569     4.389825
    2.695332     2.332770     1.400569
    1.923083     2.695332     2.332770
    3.258142     1.923083     2.695332
    3.222255     3.258142     1.923083
    2.937785     3.222255     3.258142
    4.784988     2.937785     3.222255
    3.733606     4.784988     2.937785
    4.559220     3.733606     4.784988
    5.845453     4.559220     3.733606
    3.531501     5.845453     4.559220
    3.324322     3.531501     5.845453
    3.825309     3.324322     3.531501
    4.442222     3.825309     3.324322
    5.178903     4.442222     3.825309
    5.537251     5.178903     4.442222
    3.340912     5.537251     5.178903
    4.630805     3.340912     5.537251
    1.808087     4.630805     3.340912
    4.174700     1.808087     4.630805
    4.178449     4.174700     1.808087
    4.560467     4.178449     4.174700
    4.004759     4.560467     4.178449
    4.004865     4.004759     4.560467
    3.730807     4.004865     4.004759
    5.336669     3.730807     4.004865
    7.384084     5.336669     3.730807
    5.020567     7.384084     5.336669
    6.676506     5.020567     7.384084
    4.837495     6.676506     5.020567
    6.416967     4.837495     6.676506
    5.510881     6.416967     4.837495
    3.544842     5.510881     6.416967
    2.166224     3.544842     5.510881
    3.933014     2.166224     3.544842
    3.151301     3.933014     2.166224
    2.850400     3.151301     3.933014
    3.843195     2.850400     3.151301
    4.907326     3.843195     2.850400
    3.100350     4.907326     3.843195
    3.131518     3.100350     4.907326
    1.962508     3.131518     3.100350
    2.257824     1.962508     3.131518
    3.491459     2.257824     1.962508
    2.274968     3.491459     2.257824
    3.830780     2.274968     3.491459
    3.651206     3.830780     2.274968
    5.332045     3.651206     3.830780
