    4.915212     4.586803     3.318070
    3.083427     4.915212     4.586803
    2.539452     3.083427     4.915212
    2.205722     2.539452     3.083427
    2.555576     2.205722     2.539452
    3.505018     2.555576     2.205722
    5.225714     3.505018     2.555576
    3.945359     5.225714     3.505018
    5.098260     3.945359     5.225714
    4.405957     5.098260     3.945359
    3.361297     4.405957     5.098260
    3.338853     3.361297     4.405957
    2.800002     3.338853     3.361297
    1.996544     2.800002     3.338853
    3.113061     1.996544     2.800002
    3.197794     3.113061     1.996544
    4.153292     3.197794     3.113061
    4.357146     4.153292     3.197794
    4.676664     4.357146     4.153292
    3.361422     4.676664     4.357146
    4.012989     3.361422     4.676664
    1.250906     4.012989     3.361422
    1.943357     1.250906     4.012989
    0.382436     1.943357     1.250906
    2.072776     0.382436     1.943357
    1.325687     2.072776     0.382436
    2.884406     1.325687     2.072776
    2.827204     2.884406     1.325687
    3.487196     2.827204     2.884406
    3.419441     3.487196     2.827204
    2.799237     3.419441     3.487196
    3.564557     2.799237     3.419441
    2.994151     3.564557     2.799237
    2.010600     2.994151     3.564557
    2.973319     2.010600     2.994151
    1.765386     2.973319     2.010600
    1.837859     1.765386     2.973319
    0.588147     1.837859     1.765386
    2.083893     0.588147     1.837859
    1.453236     2.083893     0.588147
    0.522068     1.453236     2.083893
    4.207805     0.522068     1.453236
    1.657022     4.207805     0.522068
    3.480247     1.657022     4.207805
    3.208148     3.480247     1.657022
    2.786904     3.208148     3.480247
    3.067967     2.786904     3.208148
    2.233127     3.067967     2.786904
    3.543441     2.233127     3.067967
    3.497576     3.543441     2.233127
    2.841292     3.497576     3.543441
    2.717655     2.841292     3.497576
    3.348386     2.717655     2.841292
    3.065772     3.348386     2.717655
    4.323407     3.065772     3.348386
    4.168789     4.323407     3.065772
    4.619911     4.168789     4.323407
    3.816299     4.619911     4.168789
    5.266179     3.816299     4.619911
    2.996983     5.266179     3.816299
    3.638651     2.996983     5.266179
    2.606263     3.638651     2.996983
    4.219219     2.606263     3.638651
    2.587312     4.219219     2.606263
    4.387063     2.587312     4.219219
    3.592034     4.387063     2.587312
    3.772670     3.592034     4.387063
    3.926211     3.772670     3.592034
    3.374585     3.926211     3.772670
    1.857980     3.374585     3.926211
    2.041648     1.857980     3.374585
    2.332377     2.041648     1.857980
    3.123521     2.332377     2.041648
    3.788996     3.123521     2.332377
    5.710448     3.788996     3.123521
    5.901262     5.710448     3.788996
    5.768836     5.901262     5.710448
    3.960391     5.768836     5.901262
    5.142634     3.960391     5.768836
    5.267211     5.142634     3.960391
    6.553702     5.267211     5.142634
    6.237161     6.553702     5.267211
    5.325611     6.237161     6.553702
    5.691246     5.325611     6.237161
    7.537231     5.691246     5.325611
    6.293572     7.537231     5.691246
    6.942736     6.293572     7.537231
    6.831061     6.942736     6.293572
    5.330219     6.831061     6.942736
    4.886454     5.330219     6.831061
    4.630840     4.886454     5.330219
    2.733733     4.630840     4.886454
    3.480919     2.733733     4.630840
    1.593252     3.480919     2.733733
    3.368601     1.593252     3.480919
    2.011631     3.368601     1.593252
    1.798907     2.011631     3.368601
    1.663449     1.798907     2.011631
    1.590908     1.663449     1.798907
    1.498598     1.590908     1.663449
    2.453012     1.498598     1.590908
    1.776958     2.453012     1.498598
    4.056611     1.776958     2.453012
    3.260063     4.056611     1.776958
    4.513306     3.260063     4.056611
    3.504053     4.513306     3.260063
    3.089040     3.504053     4.513306
    2.128016     3.089040     3.504053
    2.721714     2.128016     3.089040
    0.935974     2.721714     2.128016
    2.685189     0.935974     2.721714
    2.459861     2.685189     0.935974
    2.503405     2.459861     2.685189
    2.842942     2.503405     2.459861
    3.543148     2.842942     2.503405
    2.310473     3.543148     2.842942
    2.778521     2.310473     3.543148
    2.950484     2.778521     2.310473
    2.460439     2.950484     2.778521
    3.213892     2.460439     2.950484
    1.849669     3.213892     2.460439
    2.998007     1.849669     3.213892
    2.842322     2.998007     1.849669
    4.255478     2.842322     2.998007
    3.929562     4.255478     2.842322
    4.275523     3.929562     4.255478
    3.842727     4.275523     3.929562
    3.220284     3.842727     4.275523
    4.363435     3.220284     3.842727
    3.943245     4.363435     3.220284
    5.275257     3.943245     4.363435
    5.329963     5.275257     3.943245
    4.709061     5.329963     5.275257
    2.895789     4.709061     5.329963
    4.327194     2.895789     4.709061
    2.689895     4.327194     2.895789
    2.336736     2.689895     4.327194
    2.016421     2.336736     2.689895
    2.652064     2.016421     2.336736
    2.333499     2.652064     2.016421
    1.201946     2.333499     2.652064
    2.094632     1.201946     2.333499
    2.276489     2.094632     1.201946
    2.773593     2.276489     2.094632
    2.340339     2.773593     2.276489
    2.606441     2.340339     2.773593
    2.621847     2.606441     2.340339
    4.618568     2.621847     2.606441
    3.553881     4.618568     2.621847
    4.744430     3.553881     4.618568
    4.253582     4.744430     3.553881
    4.448531     4.253582     4.744430
    1.838089     4.448531     4.253582
    2.191656     1.838089     4.448531
    1.774505     2.191656     1.838089
    3.736266     1.774505     2.191656
    4.965310     3.736266     1.774505
    5.138195     4.965310     3.736266
    5.173601     5.138195     4.965310
    4.915152     5.173601     5.138195
    4.565121     4.915152     5.173601
    3.342886     4.565121     4.915152
    3.990383     3.342886     4.565121
    3.374530     3.990383     3.342886
    2.288313     3.374530     3.990383
    2.169451     2.288313     3.374530
    2.744321     2.169451     2.288313
    0.851962     2.744321     2.169451
    1.317346     0.851962     2.744321
    3.264156     1.317346     0.851962
    1.797873     3.264156     1.317346
    1.751787     1.797873     3.264156
    2.083954     1.751787     1.797873
    0.634013     2.083954     1.751787
    1.480219     0.634013     2.083954
    3.669434     1.480219     0.634013
    2.762038     3.669434     1.480219
    2.302967     2.762038     3.669434
    2.681777     2.302967     2.762038
    2.275526     2.681777     2.302967
    2.174337     2.275526     2.681777
    2.545337     2.174337     2.275526
    4.431647     2.545337     2.174337
    3.116266     4.431647     2.545337
    3.087054     3.116266     4.431647
    4.824873     3.087054     3.116266
    2.935096     4.824873     3.087054
    5.157670     2.935096     4.824873
    2.789387     5.157670     2.935096
    4.667965     2.789387     5.157670
    3.260660     4.667965     2.789387
    3.973518     3.260660     4.667965
    2.704235     3.973518     3.260660
    3.158168     2.704235     3.973518
    3.969507     3.158168     2.704235
    2.669736     3.969507     3.158168
    5.133235     2.669736     3.969507
    3.881572     5.133235     2.669736
    3.564487     3.881572     5.133235
    5.408810     3.564487     3.881572
    3.989809     5.408810     3.564487
    3.365011     3.989809     5.408810
    3.687557     3.365011     3.989809
    3.577216     3.687557     3.365011
    5.508641     3.577216     3.687557
    5.382486     5.508641     3.577216
    6.810248     5.382486     5.508641
    4.750094     6.810248     5.382486
    4.181295     4.750094     6.810248
    6.377038     4.181295     4.750094
    4.633384     6.377038     4.181295
    5.152552     4.633384     6.377038
    3.604385     5.152552     4.633384
    3.266803     3.604385     5.152552
    4.080113     3.266803     3.604385
    2.901295     4.080113     3.266803
    0.927646     2.901295     4.080113
    1.990823     0.927646     2.901295
    3.521665     1.990823     0.927646
    1.543570     3.521665     1.990823
    4.060671     1.543570     3.521665
    2.393077     4.060671     1.543570
    2.193387     2.393077     4.060671
    1.822281     2.193387     2.393077
    2.883381     1.822281     2.193387
    4.630662     2.883381     1.822281
    3.475807     4.630662     2.883381
    2.560266     3.475807     4.630662
    5.482891     2.560266     3.475807
    5.200155     5.482891     2.560266
    4.559426     5.200155     5.482891
    3.980532     4.559426     5.200155
    3.866869     3.980532     4.559426
    2.883147     3.866869     3.980532
    2.957451     2.883147     3.866869
    3.600621     2.957451     2.883147
    5.458775     3.600621     2.957451
    3.070328     5.458775     3.600621
    3.408308     3.070328     5.458775
    4.149679     3.408308     3.070328
    3.909111     4.149679     3.408308
    3.769855     3.909111     4.149679
    3.791408     3.769855     3.909111
    3.414047     3.791408     3.769855
    3.013852     3.414047     3.791408
    3.767982     3.013852     3.414047
    4.594017     3.767982     3.013852
    2.735750     4.594017     3.767982
    1.780503     2.735750     4.594017
    2.394809     1.780503     2.735750
    4.404213     2.394809     1.780503
    4.283308     4.404213     2.394809
    1.975580     4.283308     4.404213
    2.972624     1.975580     4.283308
    3.211940     2.972624     1.975580
    2.576803     3.211940     2.972624
    2.497629     2.576803     3.211940
    3.548032     2.497629     2.576803
    2.611628     3.548032     2.497629
    1.964814     2.611628     3.548032
    3.280491     1.964814     2.611628
    1.944730     3.280491     1.964814
    2.752209     1.944730     3.280491
    1.799389     2.752209     1.944730
    3.048849     1.799389     2.752209
    2.589997     3.048849     1.799389
    3.238461     2.589997     3.048849
    1.674289     3.238461     2.589997
    1.092798     1.674289     3.238461
    1.538722     1.092798     1.674289
    3.478397     1.538722     1.092798
    2.648539     3.478397     1.538722
    2.278201     2.648539     3.478397
    2.531801     2.278201     2.648539
    2.876344     2.531801     2.278201
    3.140732     2.876344     2.531801
    4.589056     3.140732     2.876344
    3.573285     4.589056     3.140732
    3.861037     3.573285     4.589056
    1.432940     3.861037     3.573285
    2.360191     1.432940     3.861037
    1.521464     2.360191     1.432940
    0.889619     1.521464     2.360191
    0.199944     0.889619     1.521464
    1.032134     0.199944     0.889619
    3.387995     1.032134     0.199944
    1.631744     3.387995     1.032134
    2.946561     1.631744     3.387995
    3.042895     2.946561     1.631744
    0.077832     3.042895     2.946561
    1.456062     0.077832     3.042895
    1.151574     1.456062     0.077832
    3.345201     1.151574     1.456062
    3.122125     3.345201     1.151574
    2.547733     3.122125     3.345201
    1.917024     2.547733     3.122125
    2.737511     1.917024     2.547733
    4.117354     2.737511     1.917024
    3.840778     4.117354     2.737511
    2.606881     3.840778     4.117354
    2.392679     2.606881     3.840778
    1.235963     2.392679     2.606881
    0.592604     1.235963     2.392679
    1.609136     0.592604     1.235963
    2.659636     1.609136     0.592604
    2.148333     2.659636     1.609136
    3.287352     2.148333     2.659636
    2.239023     3.287352     2.148333
    3.452655     2.239023     3.287352
    1.890929     3.452655     2.239023
    4.120933     1.890929     3.452655
    2.304057     4.120933     1.890929
    3.443491     2.304057     4.120933
    2.434467     3.443491     2.304057
    2.723356     2.434467     3.443491
    3.239757     2.723356     2.434467
    2.480767     3.239757     2.723356
    3.070734     2.480767     3.239757
    4.285817     3.070734     2.480767
    2.295480     4.285817     3.070734
    2.899889     2.295480     4.285817
    2.348902     2.899889     2.295480
    3.670423     2.348902     2.899889
    3.868061     3.670423     2.348902
    4.962341     3.868061     3.670423
    3.271078     4.962341     3.868061
    1.434453     3.271078     4.962341
    1.572273     1.434453     3.271078
    2.750362     1.572273     1.434453
    1.834943     2.750362     1.572273
    3.884781     1.834943     2.750362
    3.865422     3.884781     1.834943
    3.766212     3.865422     3.884781
    3.577142     3.766212     3.865422
    1.934577     3.577142     3.766212
    3.233976     1.934577     3.577142
    4.836898     3.233976     1.934577
    4.629106     4.836898     3.233976
    3.745169     4.629106     4.836898
    3.973292     3.745169     4.629106
    4.466228     3.973292     3.745169
    4.350378     4.466228     3.973292
    3.964302     4.350378     4.466228
    4.296004     3.964302     4.350378
    3.310983     4.296004     3.964302
    4.019055     3.310983     4.296004
    3.198684     4.019055     3.310983
    2.677146     3.198684     4.019055
    2.385024     2.677146     3.198684
    2.734673     2.385024     2.677146
    2.883915     2.734673     2.385024
    2.683685     2.883915     2.734673
    2.641564     2.683685     2.883915
    2.795426     2.641564     2.683685
    3.142351     2.795426     2.641564
    3.125684     3.142351     2.795426
    3.175146     3.125684     3.142351
    3.988467     3.175146     3.125684
    4.889993     3.988467     3.175146
    4.894734     4.889993     3.988467
    6.165384     4.894734     4.889993
    5.200203     6.165384     4.894734
    7.583514     5.200203     6.165384
    4.343041     7.583514     5.200203
    3.526444     4.343041     7.583514
    2.171708     3.526444     4.343041
    2.585242     2.171708     3.526444
    3.057301     2.585242     2.171708
    2.553338     3.057301     2.585242
    3.447357     2.553338     3.057301
    4.719084     3.447357     2.553338
    4.731513     4.719084     3.447357
    3.336216     4.731513     4.719084
    3.940068     3.336216     4.731513
    2.579895     3.940068     3.336216
    2.736621     2.579895     3.940068
    4.613038     2.736621     2.579895
    3.760763     4.613038     2.736621
    3.891605     3.760763     4.613038
    2.609593     3.891605     3.760763
    3.320729     2.609593     3.891605
    3.696548     3.320729     2.609593
    4.619769     3.696548     3.320729
    3.539338     4.619769     3.696548
    2.816208     3.539338     4.619769
    1.493884     2.816208     3.539338
    0.973516     1.493884     2.816208
    2.812687     0.973516     1.493884
    1.783075     2.812687     0.973516
    3.684977     1.783075     2.812687
    4.095350     3.684977     1.783075
    5.295995     4.095350     3.684977
    4.408038     5.295995     4.095350
    4.565383     4.408038     5.295995
    2.456801     4.565383     4.408038
    3.550119     2.456801     4.565383
    2.379631     3.550119     2.456801
    4.429329     2.379631     3.550119
    4.996652     4.429329     2.379631
    3.193136     4.996652     4.429329
    4.950689     3.193136     4.996652
    2.750997     4.950689     3.193136
    2.202210     2.750997     4.950689
    1.502168     2.202210     2.750997
    1.942549     1.502168     2.202210
    2.569287     1.942549     1.502168
    3.784012     2.569287     1.942549
    2.591876     3.784012     2.569287
    2.889635     2.591876     3.784012
    2.690402     2.889635     2.591876
    2.467720     2.690402     2.889635
    4.050511     2.467720     2.690402
    4.674767     4.050511     2.467720
    5.534289     4.674767     4.050511
    5.073151     5.534289     4.674767
    5.181590     5.073151     5.534289
    4.694835     5.181590     5.073151
    4.577486     4.694835     5.181590
    4.496345     4.577486     4.694835
    5.120018     4.496345     4.577486
    4.749946     5.120018     4.496345
    5.060941     4.749946     5.120018
    5.917333     5.060941     4.749946
    4.917210     5.917333     5.060941
    5.033490     4.917210     5.917333
    3.315214     5.033490     4.917210
    1.241571     3.315214     5.033490
    3.319436     1.241571     3.315214
    3.192665     3.319436     1.241571
    2.384159     3.192665     3.319436
    2.515811     2.384159     3.192665
    3.993722     2.515811     2.384159
    4.122115     3.993722     2.515811
    3.416655     4.122115     3.993722
    2.707386     3.416655     4.122115
    2.579147     2.707386     3.416655
    3.686276     2.579147     2.707386
    3.379587     3.686276     2.579147
    2.968860     3.379587     3.686276
    2.179958     2.968860     3.379587
    2.403161     2.179958     2.968860
    1.220999     2.403161     2.179958
    2.696667     1.220999     2.403161
    1.465911     2.696667     1.220999
    1.850503     1.465911     2.696667
    3.091676     1.850503     1.465911
    3.459406     3.091676     1.850503
    2.168753     3.459406     3.091676
    2.477748     2.168753     3.459406
    2.630087     2.477748     2.168753
    2.795280     2.630087     2.477748
    3.993290     2.795280     2.630087
    4.791036     3.993290     2.795280
    2.396669     4.791036     3.993290
    2.914375     2.396669     4.791036
    2.435511     2.914375     2.396669
    2.342802     2.435511     2.914375
    4.276060     2.342802     2.435511
    6.324380     4.276060     2.342802
    4.815703     6.324380     4.276060
    5.109260     4.815703     6.324380
    4.866454     5.109260     4.815703
    4.488921     4.866454     5.109260
    4.612799     4.488921     4.866454
    4.088928     4.612799     4.488921
    4.260285     4.088928     4.612799
    4.321865     4.260285     4.088928
    3.933719     4.321865     4.260285
    3.848735     3.933719     4.321865
    3.779009     3.848735     3.933719
    3.940988     3.779009     3.848735
    2.154085     3.940988     3.779009
    3.242640     2.154085     3.940988
    3.469704     3.242640     2.154085
    3.703453     3.469704     3.242640
    3.213644     3.703453     3.469704
    4.856654     3.213644     3.703453
    2.785320     4.856654     3.213644
    1.365496     2.785320     4.856654
    3.284546     1.365496     2.785320
    2.459525     3.284546     1.365496
    2.575902     2.459525     3.284546
    3.537040     2.575902     2.459525
    4.961445     3.537040     2.575902
    4.038340     4.961445     3.537040
    3.085737     4.038340     4.961445
    3.678869     3.085737     4.038340
    3.942423     3.678869     3.085737
    4.250100     3.942423     3.678869
    3.482885     4.250100     3.942423
    2.492973     3.482885     4.250100
    3.805368     2.492973     3.482885
    4.861603     3.805368     2.492973
    2.824300     4.861603     3.805368
    1.625883     2.824300     4.861603
    2.006877     1.625883     2.824300
    2.469225     2.006877     1.625883
    1.747590     2.469225     2.006877
    1.674237     1.747590     2.469225
    2.149687     1.674237     1.747590
