    1.690510     0.059468     0.956671
    1.624670     1.690510     0.059468
    3.091214     1.624670     1.690510
    1.442958     3.091214     1.624670
   -0.524738     1.442958     3.091214
    0.900396    -0.524738     1.442958
   -0.283271     0.900396    -0.524738
    1.505476    -0.283271     0.900396
    1.244612     1.505476    -0.283271
    2.301539     1.244612     1.505476
    1.524219     2.301539     1.244612
    2.179952     1.524219     2.301539
    1.848389     2.179952     1.524219
    1.906652     1.848389     2.179952
    2.099396     1.906652     1.848389
    1.426157     2.099396     1.906652
    1.183456     1.426157     2.099396
   -0.466481     1.183456     1.426157
    1.487556    -0.466481     1.183456
    0.975761     1.487556    -0.466481
    2.081581     0.975761     1.487556
    2.122165     2.081581     0.975761
    0.897176     2.122165     2.081581
    2.782411     0.897176     2.122165
    1.960238     2.782411     0.897176
    2.377914     1.960238     2.782411
    1.556281     2.377914     1.960238
    0.583372     1.556281     2.377914
    1.001759     0.583372     1.556281
    1.142820     1.001759     0.583372
    1.560001     1.142820     1.001759
    1.998200     1.560001     1.142820
    0.846520     1.998200     1.560001
    0.552020     0.846520     1.998200
    2.000826     0.552020     0.846520
    2.904888     2.000826     0.552020
    1.980452     2.904888     2.000826
    3.825578     1.980452     2.904888
    4.499319     3.825578     1.980452
    3.607457     4.499319     3.825578
    3.662968     3.607457     4.499319
    3.096726     3.662968     3.607457
    3.713015     3.096726     3.662968
    1.998679     3.713015     3.096726
   -0.181516     1.998679     3.713015
    2.558118    -0.181516     1.998679
    2.173895     2.558118    -0.181516
    1.803083     2.173895     2.558118
    2.941681     1.803083     2.173895
    1.805368     2.941681     1.803083
    4.078141     1.805368     2.941681
    4.151413     4.078141     1.805368
    3.160546     4.151413     4.078141
    4.361449     3.160546     4.151413
    3.618534     4.361449     3.160546
    4.854638     3.618534     4.361449
    2.706167     4.854638     3.618534
    3.771916     2.706167     4.854638
    2.256270     3.771916     2.706167
    2.937995     2.256270     3.771916
    2.283952     2.937995     2.256270
    2.430455     2.283952     2.937995
    1.596206     2.430455     2.283952
    0.601550     1.596206     2.430455
    1.646454     0.601550     1.596206
    0.661277     1.646454     0.601550
    1.781741     0.661277     1.646454
    4.103864     1.781741     0.661277
    3.306721     4.103864     1.781741
    3.646963     3.306721     4.103864
    3.490015     3.646963     3.306721
    2.115371     3.490015     3.646963
    1.439023     2.115371     3.490015
    2.229211     1.439023     2.115371
    2.171191     2.229211     1.439023
    3.536397     2.171191     2.229211
    2.840010     3.536397     2.171191
    4.541022     2.840010     3.536397
    4.359221     4.541022     2.840010
    4.147789     4.359221     4.541022
    2.464380     4.147789     4.359221
    2.664233     2.464380     4.147789
    2.136403     2.664233     2.464380
    3.594953     2.136403     2.664233
    3.825589     3.594953     2.136403
    1.400492     3.825589     3.594953
    2.364412     1.400492     3.825589
    4.430551     2.364412     1.400492
    4.628724     4.430551     2.364412
    5.363229     4.628724     4.430551
    3.556088     5.363229     4.628724
    3.758570     3.556088     5.363229
    4.932401     3.758570     3.556088
    4.749231     4.932401     3.758570
    4.867012     4.749231     4.932401
    3.843115     4.867012     4.749231
    4.998605     3.843115     4.867012
    3.143092     4.998605     3.843115
    3.027028     3.143092     4.998605
    3.685228     3.027028     3.143092
    2.838111     3.685228     3.027028
    4.108797     2.838111     3.685228
    2.554405     4.108797     2.838111
    1.204067     2.554405     4.108797
    0.667167     1.204067     2.554405
    0.269823     0.667167     1.204067
    0.740010     0.269823     0.667167
    1.482859     0.740010     0.269823
    1.676093     1.482859     0.740010
    2.676929     1.676093     1.482859
    3.011059     2.676929     1.676093
    3.217158     3.011059     2.676929
    2.514351     3.217158     3.011059
    3.308467     2.514351     3.217158
    4.115570     3.308467     2.514351
    2.053530     4.115570     3.308467
    2.174821     2.053530     4.115570
    1.745179     2.174821     2.053530
    1.633088     1.745179     2.174821
    2.202420     1.633088     1.745179
    0.218449     2.202420     1.633088
    2.920184     0.218449     2.202420
    3.007750     2.920184     0.218449
    2.316288     3.007750     2.920184
    2.177409     2.316288     3.007750
    2.488576     2.177409     2.316288
    1.152328     2.488576     2.177409
    1.968432     1.152328     2.488576
    2.563183     1.968432     1.152328
    2.409933     2.563183     1.968432
    4.142900     2.409933     2.563183
    4.722979     4.142900     2.409933
    4.402332     4.722979     4.142900
    4.627107     4.402332     4.722979
    0.703013     4.627107     4.402332
    1.244962     0.703013     4.627107
    1.069469     1.244962     0.703013
    1.128482     1.069469     1.244962
    0.250705     1.128482     1.069469
    1.125699     0.250705     1.128482
   -0.898373     1.125699     0.250705
   -0.394611    -0.898373     1.125699
    1.678512    -0.394611    -0.898373
    1.656696     1.678512    -0.394611
    3.394012     1.656696     1.678512
    3.604398     3.394012     1.656696
    4.765734     3.604398     3.394012
    3.663549     4.765734     3.604398
    3.194527     3.663549     4.765734
    3.154475     3.194527     3.663549
    1.965508     3.154475     3.194527
    2.632519     1.965508     3.154475
    2.361816     2.632519     1.965508
    2.369132     2.361816     2.632519
    2.368121     2.369132     2.361816
    1.303018     2.368121     2.369132
    2.349697     1.303018     2.368121
    2.863367     2.349697     1.303018
    2.573074     2.863367     2.349697
    3.420141     2.573074     2.863367
    3.805415     3.420141     2.573074
    3.195986     3.805415     3.420141
    4.957956     3.195986     3.805415
    4.660395     4.957956     3.195986
    2.812599     4.660395     4.957956
    4.213764     2.812599     4.660395
    3.637799     4.213764     2.812599
    4.147493     3.637799     4.213764
    3.607492     4.147493     3.637799
    4.417788     3.607492     4.147493
    3.061711     4.417788     3.607492
    4.084053     3.061711     4.417788
    5.347227     4.084053     3.061711
    4.796969     5.347227     4.084053
    4.812286     4.796969     5.347227
    5.186405     4.812286     4.796969
    4.838718     5.186405     4.812286
    4.476735     4.838718     5.186405
    2.766227     4.476735     4.838718
    2.778046     2.766227     4.476735
    2.367495     2.778046     2.766227
    3.466845     2.367495     2.778046
    3.887943     3.466845     2.367495
    3.507657     3.887943     3.466845
    3.272169     3.507657     3.887943
    3.625338     3.272169     3.507657
    2.835509     3.625338     3.272169
    2.588436     2.835509     3.625338
    2.688204     2.588436     2.835509
    3.544089     2.688204     2.588436
    2.432877     3.544089     2.688204
    2.392742     2.432877     3.544089
    3.156480     2.392742     2.432877
    1.492011     3.156480     2.392742
    3.081625     1.492011     3.156480
    1.829843     3.081625     1.492011
    3.121025     1.829843     3.081625
    1.890462     3.121025     1.829843
    1.013710     1.890462     3.121025
    0.780383     1.013710     1.890462
    1.588135     0.780383     1.013710
    1.221150     1.588135     0.780383
    2.483870     1.221150     1.588135
    3.217916     2.483870     1.221150
    4.689259     3.217916     2.483870
    3.519871     4.689259     3.217916
    4.647730     3.519871     4.689259
    2.587961     4.647730     3.519871
    2.513670     2.587961     4.647730
    1.430972     2.513670     2.587961
    2.470378     1.430972     2.513670
    2.614873     2.470378     1.430972
    3.545807     2.614873     2.470378
    1.799317     3.545807     2.614873
    1.765228     1.799317     3.545807
    2.611106     1.765228     1.799317
    1.257650     2.611106     1.765228
    2.517749     1.257650     2.611106
    2.654754     2.517749     1.257650
    4.394471     2.654754     2.517749
    4.690717     4.394471     2.654754
    3.454092     4.690717     4.394471
    6.000572     3.454092     4.690717
    4.704256     6.000572     3.454092
    3.802349     4.704256     6.000572
    4.318079     3.802349     4.704256
    3.461782     4.318079     3.802349
    4.763453     3.461782     4.318079
    3.184441     4.763453     3.461782
    3.479025     3.184441     4.763453
    1.131052     3.479025     3.184441
    1.815893     1.131052     3.479025
    0.972888     1.815893     1.131052
    1.538713     0.972888     1.815893
    3.278978     1.538713     0.972888
    3.752260     3.278978     1.538713
    4.092809     3.752260     3.278978
    3.693884     4.092809     3.752260
    1.111690     3.693884     4.092809
   -0.332578     1.111690     3.693884
    0.206879    -0.332578     1.111690
    1.868355     0.206879    -0.332578
    1.745958     1.868355     0.206879
    2.391847     1.745958     1.868355
    1.147557     2.391847     1.745958
    1.164100     1.147557     2.391847
    2.478484     1.164100     1.147557
    1.974028     2.478484     1.164100
    3.337529     1.974028     2.478484
    2.687977     3.337529     1.974028
    3.774633     2.687977     3.337529
    2.484083     3.774633     2.687977
    1.991458     2.484083     3.774633
    2.006285     1.991458     2.484083
    3.947841     2.006285     1.991458
    4.750396     3.947841     2.006285
    4.426949     4.750396     3.947841
    5.425998     4.426949     4.750396
    4.751354     5.425998     4.426949
    6.404691     4.751354     5.425998
    6.102057     6.404691     4.751354
    6.041226     6.102057     6.404691
    4.778962     6.041226     6.102057
    4.977036     4.778962     6.041226
    4.695719     4.977036     4.778962
    4.005232     4.695719     4.977036
    4.585172     4.005232     4.695719
    5.868316     4.585172     4.005232
    4.774423     5.868316     4.585172
    3.895010     4.774423     5.868316
    2.535926     3.895010     4.774423
    3.904535     2.535926     3.895010
    3.701745     3.904535     2.535926
    2.384551     3.701745     3.904535
    2.595313     2.384551     3.701745
    3.638571     2.595313     2.384551
    4.228515     3.638571     2.595313
    5.332164     4.228515     3.638571
    4.815610     5.332164     4.228515
    2.847308     4.815610     5.332164
    4.106286     2.847308     4.815610
    3.015636     4.106286     2.847308
    4.456216     3.015636     4.106286
    3.738087     4.456216     3.015636
    2.687686     3.738087     4.456216
    1.438986     2.687686     3.738087
    3.466453     1.438986     2.687686
    2.951634     3.466453     1.438986
    2.205399     2.951634     3.466453
    4.297819     2.205399     2.951634
    2.057761     4.297819     2.205399
    2.957981     2.057761     4.297819
    2.335086     2.957981     2.057761
    3.852312     2.335086     2.957981
    3.842320     3.852312     2.335086
    2.824863     3.842320     3.852312
    4.624560     2.824863     3.842320
    4.515836     4.624560     2.824863
    3.854519     4.515836     4.624560
    3.657867     3.854519     4.515836
    5.235200     3.657867     3.854519
    3.559677     5.235200     3.657867
    4.423718     3.559677     5.235200
    3.033518     4.423718     3.559677
    4.921115     3.033518     4.423718
    3.448665     4.921115     3.033518
    3.915243     3.448665     4.921115
    2.949727     3.915243     3.448665
    2.376485     2.949727     3.915243
    3.343991     2.376485     2.949727
    3.082225     3.343991     2.376485
    3.061309     3.082225     3.343991
    1.128522     3.061309     3.082225
    3.110407     1.128522     3.061309
    2.660142     3.110407     1.128522
    3.183594     2.660142     3.110407
    2.274249     3.183594     2.660142
    3.368438     2.274249     3.183594
    3.461258     3.368438     2.274249
    3.875358     3.461258     3.368438
    2.934580     3.875358     3.461258
    3.098185     2.934580     3.875358
    3.294593     3.098185     2.934580
    3.753473     3.294593     3.098185
    4.012685     3.753473     3.294593
    2.810882     4.012685     3.753473
    3.106050     2.810882     4.012685
    3.973720     3.106050     2.810882
    6.224296     3.973720     3.106050
    5.959931     6.224296     3.973720
    4.805522     5.959931     6.224296
    6.102199     4.805522     5.959931
    3.084271     6.102199     4.805522
    3.190808     3.084271     6.102199
    2.339027     3.190808     3.084271
    2.527729     2.339027     3.190808
    4.015545     2.527729     2.339027
    4.882793     4.015545     2.527729
    4.867753     4.882793     4.015545
    2.775472     4.867753     4.882793
    2.177619     2.775472     4.867753
    1.069412     2.177619     2.775472
    2.934205     1.069412     2.177619
    1.376740     2.934205     1.069412
    1.249887     1.376740     2.934205
    2.341912     1.249887     1.376740
    1.998564     2.341912     1.249887
    1.645970     1.998564     2.341912
    3.100678     1.645970     1.998564
    3.396853     3.100678     1.645970
    4.299788     3.396853     3.100678
    3.182709     4.299788     3.396853
    3.775880     3.182709     4.299788
    2.948300     3.775880     3.182709
    3.102988     2.948300     3.775880
    2.732754     3.102988     2.948300
    3.077418     2.732754     3.102988
    2.678760     3.077418     2.732754
    2.436784     2.678760     3.077418
    1.118070     2.436784     2.678760
    0.643986     1.118070     2.436784
    1.084145     0.643986     1.118070
    2.785846     1.084145     0.643986
    2.722857     2.785846     1.084145
    3.448812     2.722857     2.785846
    2.896317     3.448812     2.722857
    5.090676     2.896317     3.448812
    6.529488     5.090676     2.896317
    6.931441     6.529488     5.090676
    5.960973     6.931441     6.529488
    4.674521     5.960973     6.931441
    3.613637     4.674521     5.960973
    5.178468     3.613637     4.674521
    4.544440     5.178468     3.613637
    4.377694     4.544440     5.178468
    5.576084     4.377694     4.544440
    5.992255     5.576084     4.377694
    6.222705     5.992255     5.576084
    5.868997     6.222705     5.992255
    5.056924     5.868997     6.222705
    4.139301     5.056924     5.868997
    2.619187     4.139301     5.056924
    3.713650     2.619187     4.139301
    4.617640     3.713650     2.619187
    5.428597     4.617640     3.713650
    3.056115     5.428597     4.617640
    3.569688     3.056115     5.428597
    3.673821     3.569688     3.056115
    4.338351     3.673821     3.569688
    4.755574     4.338351     3.673821
    4.505058     4.755574     4.338351
    4.694995     4.505058     4.755574
    3.672997     4.694995     4.505058
    2.981140     3.672997     4.694995
    3.746896     2.981140     3.672997
    1.274304     3.746896     2.981140
    2.046822     1.274304     3.746896
    4.179126     2.046822     1.274304
    3.745344     4.179126     2.046822
    3.255053     3.745344     4.179126
    2.137002     3.255053     3.745344
    3.230024     2.137002     3.255053
    2.301098     3.230024     2.137002
    3.858744     2.301098     3.230024
    5.387427     3.858744     2.301098
    4.370776     5.387427     3.858744
    4.204211     4.370776     5.387427
    3.434633     4.204211     4.370776
    3.841567     3.434633     4.204211
    4.856809     3.841567     3.434633
    3.226677     4.856809     3.841567
    3.923765     3.226677     4.856809
    2.580031     3.923765     3.226677
    3.224405     2.580031     3.923765
    3.511060     3.224405     2.580031
    2.963931     3.511060     3.224405
    3.102462     2.963931     3.511060
    3.529090     3.102462     2.963931
    3.670369     3.529090     3.102462
    3.782329     3.670369     3.529090
    2.788104     3.782329     3.670369
    2.512297     2.788104     3.782329
    2.369425     2.512297     2.788104
    3.224790     2.369425     2.512297
    3.566881     3.224790     2.369425
    4.469265     3.566881     3.224790
    3.477338     4.469265     3.566881
    2.110866     3.477338     4.469265
    1.512599     2.110866     3.477338
    1.558534     1.512599     2.110866
    1.799312     1.558534     1.512599
    3.389480     1.799312     1.558534
    1.979393     3.389480     1.799312
    2.111104     1.979393     3.389480
    3.217339     2.111104     1.979393
    3.304421     3.217339     2.111104
    3.996281     3.304421     3.217339
    3.437248     3.996281     3.304421
    2.535575     3.437248     3.996281
    2.414583     2.535575     3.437248
    1.271039     2.414583     2.535575
    0.595010     1.271039     2.414583
    1.379048     0.595010     1.271039
    3.380081     1.379048     0.595010
    3.433737     3.380081     1.379048
    4.764793     3.433737     3.380081
    4.748575     4.764793     3.433737
    4.442291     4.748575     4.764793
    5.397945     4.442291     4.748575
    4.062992     5.397945     4.442291
    3.751293     4.062992     5.397945
    4.483171     3.751293     4.062992
    4.108419     4.483171     3.751293
    5.739172     4.108419     4.483171
    4.637162     5.739172     4.108419
    5.672922     4.637162     5.739172
    6.101066     5.672922     4.637162
    4.437127     6.101066     5.672922
    3.218583     4.437127     6.101066
    4.301749     3.218583     4.437127
    5.018760     4.301749     3.218583
    3.467764     5.018760     4.301749
    4.346433     3.467764     5.018760
    3.237014     4.346433     3.467764
    4.510860     3.237014     4.346433
    4.354323     4.510860     3.237014
    4.679720     4.354323     4.510860
    4.828021     4.679720     4.354323
    3.471930     4.828021     4.679720
    4.270995     3.471930     4.828021
    2.957736     4.270995     3.471930
    3.275409     2.957736     4.270995
    3.793523     3.275409     2.957736
    3.490372     3.793523     3.275409
    3.635234     3.490372     3.793523
    3.854826     3.635234     3.490372
    4.076149     3.854826     3.635234
    4.484730     4.076149     3.854826
    3.480625     4.484730     4.076149
    4.517487     3.480625     4.484730
    3.481981     4.517487     3.480625
    3.452213     3.481981     4.517487
    3.753685     3.452213     3.481981
    2.376296     3.753685     3.452213
    1.609138     2.376296     3.753685
    4.039891     1.609138     2.376296
    3.234936     4.039891     1.609138
    3.297313     3.234936     4.039891
    3.228992     3.297313     3.234936
    3.514075     3.228992     3.297313
    4.048752     3.514075     3.228992
    3.502442     4.048752     3.514075
    3.624420     3.502442     4.048752
    3.696984     3.624420     3.502442
    4.453650     3.696984     3.624420
    5.198563     4.453650     3.696984
    5.882614     5.198563     4.453650
    4.198951     5.882614     5.198563
    6.377765     4.198951     5.882614
    4.647116     6.377765     4.198951
