    3.444191     3.848709     4.339176
    1.938609     3.444191     3.848709
    3.993202     1.938609     3.444191
    5.697621     3.993202     1.938609
    6.531102     5.697621     3.993202
    5.594260     6.531102     5.697621
    5.722744     5.594260     6.531102
    5.777463     5.722744     5.594260
    4.768545     5.777463     5.722744
    5.175971     4.768545     5.777463
    4.328878     5.175971     4.768545
    4.392540     4.328878     5.175971
    3.564742     4.392540     4.328878
    3.791170     3.564742     4.392540
    4.690071     3.791170     3.564742
    4.951102     4.690071     3.791170
    5.828344     4.951102     4.690071
    5.135442     5.828344     4.951102
    4.232749     5.135442     5.828344
    4.312025     4.232749     5.135442
    2.811872     4.312025     4.232749
    3.467003     2.811872     4.312025
    2.488918     3.467003     2.811872
    3.942494     2.488918     3.467003
    3.982031     3.942494     2.488918
    3.210272     3.982031     3.942494
    3.836125     3.210272     3.982031
    1.448125     3.836125     3.210272
    2.877478     1.448125     3.836125
    3.872676     2.877478     1.448125
    3.208124     3.872676     2.877478
    4.162145     3.208124     3.872676
    1.099335     4.162145     3.208124
    1.761862     1.099335     4.162145
    3.714904     1.761862     1.099335
    2.973438     3.714904     1.761862
    2.624729     2.973438     3.714904
    2.961658     2.624729     2.973438
    3.871956     2.961658     2.624729
    4.021971     3.871956     2.961658
    3.962311     4.021971     3.871956
    1.311962     3.962311     4.021971
    2.339528     1.311962     3.962311
    3.358298     2.339528     1.311962
    4.656384     3.358298     2.339528
    4.646410     4.656384     3.358298
    4.976704     4.646410     4.656384
    4.430347     4.976704     4.646410
    2.993384     4.430347     4.976704
    3.014052     2.993384     4.430347
    3.272043     3.014052     2.993384
    1.668082     3.272043     3.014052
    0.325175     1.668082     3.272043
    1.072618     0.325175     1.668082
    3.466762     1.072618     0.325175
    4.291050     3.466762     1.072618
    3.890583     4.291050     3.466762
    4.410304     3.890583     4.291050
    4.992316     4.410304     3.890583
    5.056232     4.992316     4.410304
    4.965584     5.056232     4.992316
    4.114601     4.965584     5.056232
    2.629792     4.114601     4.965584
    4.283625     2.629792     4.114601
    2.820406     4.283625     2.629792
    3.130355     2.820406     4.283625
    1.266758     3.130355     2.820406
    2.525143     1.266758     3.130355
    4.074810     2.525143     1.266758
    2.520992     4.074810     2.525143
    2.624818     2.520992     4.074810
    3.143463     2.624818     2.520992
    2.815803     3.143463     2.624818
    3.056473     2.815803     3.143463
    4.315487     3.056473     2.815803
    3.323441     4.315487     3.056473
    4.225166     3.323441     4.315487
    3.972896     4.225166     3.323441
    3.615853     3.972896     4.225166
    2.429151     3.615853     3.972896
    2.224496     2.429151     3.615853
    1.557898     2.224496     2.429151
    1.716544     1.557898     2.224496
    1.215517     1.716544     1.557898
    3.550782     1.215517     1.716544
    3.875210     3.550782     1.215517
    6.009092     3.875210     3.550782
    5.123691     6.009092     3.875210
    4.532588     5.123691     6.009092
    4.550846     4.532588     5.123691
    4.790943     4.550846     4.532588
    4.587541     4.790943     4.550846
    4.218890     4.587541     4.790943
    4.154026     4.218890     4.587541
    1.879253     4.154026     4.218890
    1.558645     1.879253     4.154026
    2.893877     1.558645     1.879253
    2.007811     2.893877     1.558645
    2.137383     2.007811     2.893877
    2.002269     2.137383     2.007811
    2.323570     2.002269     2.137383
    2.168232     2.323570     2.002269
    2.158555     2.168232     2.323570
    2.384079     2.158555     2.168232
    1.330131     2.384079     2.158555
    0.393297     1.330131     2.384079
    0.842566     0.393297     1.330131
    2.359094     0.842566     0.393297
    0.640550     2.359094     0.842566
    1.827357     0.640550     2.359094
    2.622024     1.827357     0.640550
    4.747546     2.622024     1.827357
    4.284794     4.747546     2.622024
    5.963790     4.284794     4.747546
    5.819355     5.963790     4.284794
    3.782289     5.819355     5.963790
    5.154327     3.782289     5.819355
    5.175062     5.154327     3.782289
    5.243999     5.175062     5.154327
    6.234699     5.243999     5.175062
    4.885807     6.234699     5.243999
    4.603110     4.885807     6.234699
    4.099203     4.603110     4.885807
    4.222882     4.099203     4.603110
    4.898157     4.222882     4.099203
    6.760888     4.898157     4.222882
    6.177338     6.760888     4.898157
    3.713193     6.177338     6.760888
    2.914564     3.713193     6.177338
    3.957901     2.914564     3.713193
    3.302740     3.957901     2.914564
    4.227846     3.302740     3.957901
    3.614034     4.227846     3.302740
    3.357005     3.614034     4.227846
    2.014108     3.357005     3.614034
    2.842514     2.014108     3.357005
    2.891124     2.842514     2.014108
    4.016061     2.891124     2.842514
    3.430585     4.016061     2.891124
    3.514903     3.430585     4.016061
    4.118717     3.514903     3.430585
    3.956854     4.118717     3.514903
    4.710267     3.956854     4.118717
    3.867835     4.710267     3.956854
    3.721097     3.867835     4.710267
    2.907886     3.721097     3.867835
    4.504998     2.907886     3.721097
    4.023783     4.504998     2.907886
    3.316488     4.023783     4.504998
    4.652103     3.316488     4.023783
    5.467556     4.652103     3.316488
    4.960512     5.467556     4.652103
    4.855342     4.960512     5.467556
    4.058818     4.855342     4.960512
    4.676691     4.058818     4.855342
    3.986699     4.676691     4.058818
    4.338825     3.986699     4.676691
    3.268515     4.338825     3.986699
    4.186152     3.268515     4.338825
    4.854248     4.186152     3.268515
    4.864130     4.854248     4.186152
    4.137724     4.864130     4.854248
    3.216647     4.137724     4.864130
    1.809658     3.216647     4.137724
    3.218676     1.809658     3.216647
    3.891632     3.218676     1.809658
    3.528707     3.891632     3.218676
    5.136683     3.528707     3.891632
    2.610003     5.136683     3.528707
    1.602466     2.610003     5.136683
    2.188514     1.602466     2.610003
    1.858409     2.188514     1.602466
    2.606792     1.858409     2.188514
    1.198809     2.606792     1.858409
    2.765954     1.198809     2.606792
    4.333465     2.765954     1.198809
    4.291263     4.333465     2.765954
    3.858632     4.291263     4.333465
    2.377437     3.858632     4.291263
    1.711424     2.377437     3.858632
    2.581155     1.711424     2.377437
    0.716698     2.581155     1.711424
    1.188959     0.716698     2.581155
    3.158637     1.188959     0.716698
    2.820591     3.158637     1.188959
    3.561357     2.820591     3.158637
    3.808145     3.561357     2.820591
    3.148739     3.808145     3.561357
    4.519420     3.148739     3.808145
    3.755761     4.519420     3.148739
    4.780667     3.755761     4.519420
    2.944625     4.780667     3.755761
    2.821914     2.944625     4.780667
    4.525089     2.821914     2.944625
    5.581859     4.525089     2.821914
    5.046967     5.581859     4.525089
    3.189442     5.046967     5.581859
    2.329946     3.189442     5.046967
    2.351156     2.329946     3.189442
    0.986833     2.351156     2.329946
    1.963157     0.986833     2.351156
    2.710385     1.963157     0.986833
    3.607702     2.710385     1.963157
    3.568238     3.607702     2.710385
    4.354599     3.568238     3.607702
    3.695685     4.354599     3.568238
    3.855852     3.695685     4.354599
    4.911090     3.855852     3.695685
    4.341040     4.911090     3.855852
    3.111634     4.341040     4.911090
    2.089769     3.111634     4.341040
    2.421883     2.089769     3.111634
    0.915429     2.421883     2.089769
    3.179543     0.915429     2.421883
    3.844201     3.179543     0.915429
    3.691713     3.844201     3.179543
    4.491731     3.691713     3.844201
    4.015562     4.491731     3.691713
    4.270574     4.015562     4.491731
    3.923513     4.270574     4.015562
    3.061194     3.923513     4.270574
    2.026204     3.061194     3.923513
    2.068857     2.026204     3.061194
    1.673651     2.068857     2.026204
    2.296103     1.673651     2.068857
    3.378590     2.296103     1.673651
    1.647573     3.378590     2.296103
    2.200040     1.647573     3.378590
    3.842405     2.200040     1.647573
    2.367328     3.842405     2.200040
    1.818867     2.367328     3.842405
    3.233231     1.818867     2.367328
    4.300160     3.233231     1.818867
    2.534806     4.300160     3.233231
    0.575742     2.534806     4.300160
    3.924937     0.575742     2.534806
    3.140191     3.924937     0.575742
    3.976785     3.140191     3.924937
    3.650033     3.976785     3.140191
    2.499171     3.650033     3.976785
    3.946330     2.499171     3.650033
    2.894685     3.946330     2.499171
    2.223287     2.894685     3.946330
    3.603593     2.223287     2.894685
    2.505119     3.603593     2.223287
    4.286227     2.505119     3.603593
    4.135567     4.286227     2.505119
    3.642876     4.135567     4.286227
    4.268160     3.642876     4.135567
    4.604027     4.268160     3.642876
    2.709202     4.604027     4.268160
    2.581052     2.709202     4.604027
    2.735672     2.581052     2.709202
    2.967495     2.735672     2.581052
    1.921479     2.967495     2.735672
    2.897940     1.921479     2.967495
    2.513595     2.897940     1.921479
    3.240097     2.513595     2.897940
    3.559602     3.240097     2.513595
    3.385122     3.559602     3.240097
    1.921280     3.385122     3.559602
    1.504754     1.921280     3.385122
    2.354371     1.504754     1.921280
    4.650026     2.354371     1.504754
    4.248657     4.650026     2.354371
    3.930809     4.248657     4.650026
    3.032138     3.930809     4.248657
    2.914434     3.032138     3.930809
    4.028368     2.914434     3.032138
    2.151448     4.028368     2.914434
    3.248337     2.151448     4.028368
    4.523826     3.248337     2.151448
    3.153148     4.523826     3.248337
    3.914071     3.153148     4.523826
    4.003436     3.914071     3.153148
    3.664241     4.003436     3.914071
    3.915536     3.664241     4.003436
    3.196850     3.915536     3.664241
    3.421806     3.196850     3.915536
    5.128432     3.421806     3.196850
    4.044218     5.128432     3.421806
    3.193213     4.044218     5.128432
    2.620687     3.193213     4.044218
    2.530646     2.620687     3.193213
    0.653936     2.530646     2.620687
    1.571819     0.653936     2.530646
    2.352268     1.571819     0.653936
    1.755485     2.352268     1.571819
    2.148670     1.755485     2.352268
    1.689392     2.148670     1.755485
    0.940472     1.689392     2.148670
    2.309151     0.940472     1.689392
    3.060946     2.309151     0.940472
    5.446519     3.060946     2.309151
    3.771128     5.446519     3.060946
    4.393867     3.771128     5.446519
    3.897129     4.393867     3.771128
    3.636148     3.897129     4.393867
    2.518485     3.636148     3.897129
    2.695875     2.518485     3.636148
    4.010734     2.695875     2.518485
    3.298169     4.010734     2.695875
    4.223055     3.298169     4.010734
    1.931475     4.223055     3.298169
    1.684193     1.931475     4.223055
    3.116985     1.684193     1.931475
    3.505171     3.116985     1.684193
    3.942185     3.505171     3.116985
    3.144125     3.942185     3.505171
    3.203271     3.144125     3.942185
    3.130221     3.203271     3.144125
    2.906291     3.130221     3.203271
    3.232731     2.906291     3.130221
    3.914096     3.232731     2.906291
    4.279670     3.914096     3.232731
    5.832764     4.279670     3.914096
    5.104057     5.832764     4.279670
    4.303038     5.104057     5.832764
    3.469515     4.303038     5.104057
    3.556439     3.469515     4.303038
    1.721868     3.556439     3.469515
    2.163518     1.721868     3.556439
    3.184705     2.163518     1.721868
    1.050039     3.184705     2.163518
    0.794174     1.050039     3.184705
    0.078802     0.794174     1.050039
    0.738750     0.078802     0.794174
    1.841895     0.738750     0.078802
    2.502480     1.841895     0.738750
    2.644784     2.502480     1.841895
    2.516409     2.644784     2.502480
    2.151502     2.516409     2.644784
    3.598461     2.151502     2.516409
    2.354866     3.598461     2.151502
    2.153538     2.354866     3.598461
    1.089296     2.153538     2.354866
    1.248755     1.089296     2.153538
    1.744200     1.248755     1.089296
    2.814362     1.744200     1.248755
    2.938792     2.814362     1.744200
    2.619539     2.938792     2.814362
    2.931277     2.619539     2.938792
    2.615156     2.931277     2.619539
    2.783147     2.615156     2.931277
    1.806567     2.783147     2.615156
    3.305375     1.806567     2.783147
    2.824198     3.305375     1.806567
    1.395775     2.824198     3.305375
    1.200869     1.395775     2.824198
    0.054809     1.200869     1.395775
    0.755095     0.054809     1.200869
    2.681108     0.755095     0.054809
    1.057646     2.681108     0.755095
    1.225960     1.057646     2.681108
    2.655325     1.225960     1.057646
    2.502616     2.655325     1.225960
    2.403621     2.502616     2.655325
    4.043169     2.403621     2.502616
    4.391234     4.043169     2.403621
    2.877220     4.391234     4.043169
    3.012338     2.877220     4.391234
    3.633669     3.012338     2.877220
    4.148701     3.633669     3.012338
    3.379268     4.148701     3.633669
    4.001691     3.379268     4.148701
    2.784152     4.001691     3.379268
    2.767797     2.784152     4.001691
    2.051021     2.767797     2.784152
    2.974646     2.051021     2.767797
    2.744981     2.974646     2.051021
    3.725676     2.744981     2.974646
    4.158694     3.725676     2.744981
    3.384372     4.158694     3.725676
    5.275150     3.384372     4.158694
    5.011853     5.275150     3.384372
    3.465848     5.011853     5.275150
    4.359180     3.465848     5.011853
    4.736699     4.359180     3.465848
    2.779507     4.736699     4.359180
    4.180429     2.779507     4.736699
    2.907027     4.180429     2.779507
    4.015418     2.907027     4.180429
    0.413757     4.015418     2.907027
    1.872907     0.413757     4.015418
    0.760380     1.872907     0.413757
    0.941584     0.760380     1.872907
    0.996938     0.941584     0.760380
    2.246414     0.996938     0.941584
    3.195471     2.246414     0.996938
    3.480955     3.195471     2.246414
    1.891306     3.480955     3.195471
    2.737939     1.891306     3.480955
    3.087679     2.737939     1.891306
    3.173179     3.087679     2.737939
    1.143911     3.173179     3.087679
    2.753927     1.143911     3.173179
    2.938331     2.753927     1.143911
    2.066384     2.938331     2.753927
    1.845965     2.066384     2.938331
    3.534553     1.845965     2.066384
    2.593260     3.534553     1.845965
    2.497719     2.593260     3.534553
    4.613619     2.497719     2.593260
    5.397208     4.613619     2.497719
    5.043293     5.397208     4.613619
    6.303794     5.043293     5.397208
    3.938053     6.303794     5.043293
    3.444716     3.938053     6.303794
    2.613605     3.444716     3.938053
    3.193416     2.613605     3.444716
    2.907016     3.193416     2.613605
    3.127708     2.907016     3.193416
    4.292604     3.127708     2.907016
    2.366049     4.292604     3.127708
    3.125150     2.366049     4.292604
    3.620592     3.125150     2.366049
    3.974382     3.620592     3.125150
    3.862642     3.974382     3.620592
    3.486708     3.862642     3.974382
    2.611953     3.486708     3.862642
    3.228072     2.611953     3.486708
    3.053642     3.228072     2.611953
    3.138853     3.053642     3.228072
    5.122185     3.138853     3.053642
    4.078864     5.122185     3.138853
    5.318988     4.078864     5.122185
    3.263201     5.318988     4.078864
    2.185311     3.263201     5.318988
    3.657238     2.185311     3.263201
    2.994151     3.657238     2.185311
    3.289644     2.994151     3.657238
    4.105039     3.289644     2.994151
    4.970724     4.105039     3.289644
    5.806977     4.970724     4.105039
    5.133534     5.806977     4.970724
    4.509088     5.133534     5.806977
    4.601523     4.509088     5.133534
    4.716066     4.601523     4.509088
    4.849886     4.716066     4.601523
    4.333144     4.849886     4.716066
    4.365830     4.333144     4.849886
    5.119387     4.365830     4.333144
    4.481280     5.119387     4.365830
    5.087358     4.481280     5.119387
    3.333365     5.087358     4.481280
    3.342784     3.333365     5.087358
    3.678081     3.342784     3.333365
    3.338151     3.678081     3.342784
    2.944121     3.338151     3.678081
    2.609747     2.944121     3.338151
    5.357672     2.609747     2.944121
    5.883641     5.357672     2.609747
    6.313053     5.883641     5.357672
    5.069113     6.313053     5.883641
    4.568328     5.069113     6.313053
    2.250167     4.568328     5.069113
    2.924525     2.250167     4.568328
    2.487285     2.924525     2.250167
    1.725176     2.487285     2.924525
    1.129335     1.725176     2.487285
    1.573942     1.129335     1.725176
    2.931052     1.573942     1.129335
    3.369097     2.931052     1.573942
    3.156616     3.369097     2.931052
    4.615264     3.156616     3.369097
    4.352749     4.615264     3.156616
    4.530742     4.352749     4.615264
    2.153116     4.530742     4.352749
    2.578130     2.153116     4.530742
    2.737783     2.578130     2.153116
    2.473212     2.737783     2.578130
    2.503586     2.473212     2.737783
    2.372689     2.503586     2.473212
    3.190207     2.372689     2.503586
    3.312556     3.190207     2.372689
    3.089278     3.312556     3.190207
    4.051951     3.089278     3.312556
    3.560656     4.051951     3.089278
    3.527588     3.560656     4.051951
    2.793698     3.527588     3.560656
    4.803084     2.793698     3.527588
    3.494258     4.803084     2.793698
    3.095441     3.494258     4.803084
    3.670630     3.095441     3.494258
    2.122191     3.670630     3.095441
    2.086677     2.122191     3.670630
    2.158844     2.086677     2.122191
    2.049133     2.158844     2.086677
    3.360729     2.049133     2.158844
    4.317634     3.360729     2.049133
    2.073820     4.317634     3.360729
    3.842911     2.073820     4.317634
    3.444873     3.842911     2.073820
    2.407633     3.444873     3.842911
    5.895564     2.407633     3.444873
    2.573553     5.895564     2.407633
    3.342000     2.573553     5.895564
    2.739049     3.342000     2.573553
    3.320742     2.739049     3.342000
    3.262140     3.320742     2.739049
