    4.854409     4.739945     3.791119
    4.547719     4.854409     4.739945
    3.995679     4.547719     4.854409
    4.433327     3.995679     4.547719
    5.831494     4.433327     3.995679
    4.337792     5.831494     4.433327
    6.020286     4.337792     5.831494
    4.967105     6.020286     4.337792
    5.393079     4.967105     6.020286
    5.380268     5.393079     4.967105
    5.961915     5.380268     5.393079
    6.661038     5.961915     5.380268
    6.484023     6.661038     5.961915
    6.346075     6.484023     6.661038
    7.222344     6.346075     6.484023
    6.375981     7.222344     6.346075
    4.802744     6.375981     7.222344
    4.260254     4.802744     6.375981
    4.145646     4.260254     4.802744
    3.047836     4.145646     4.260254
    2.748349     3.047836     4.145646
    2.824219     2.748349     3.047836
    3.500220     2.824219     2.748349
    3.412080     3.500220     2.824219
    2.937313     3.412080     3.500220
    2.933601     2.937313     3.412080
    2.040532     2.933601     2.937313
    1.634034     2.040532     2.933601
    2.255628     1.634034     2.040532
    2.803105     2.255628     1.634034
    3.861042     2.803105     2.255628
    3.596904     3.861042     2.803105
    4.348685     3.596904     3.861042
    3.487586     4.348685     3.596904
    5.069870     3.487586     4.348685
    4.184908     5.069870     3.487586
    3.387866     4.184908     5.069870
    4.630286     3.387866     4.184908
    3.158146     4.630286     3.387866
    4.183188     3.158146     4.630286
    4.044641     4.183188     3.158146
    3.153262     4.044641     4.183188
    2.762630     3.153262     4.044641
    3.086180     2.762630     3.153262
    2.215966     3.086180     2.762630
    3.184185     2.215966     3.086180
    3.160329     3.184185     2.215966
    3.738198     3.160329     3.184185
    3.839630     3.738198     3.160329
    2.187706     3.839630     3.738198
    3.319164     2.187706     3.839630
    3.040861     3.319164     2.187706
    3.730580     3.040861     3.319164
    3.893866     3.730580     3.040861
    3.365534     3.893866     3.730580
    3.656061     3.365534     3.893866
    5.015070     3.656061     3.365534
    4.067762     5.015070     3.656061
    6.080996     4.067762     5.015070
    4.301537     6.080996     4.067762
    5.515506     4.301537     6.080996
    6.252217     5.515506     4.301537
    6.020372     6.252217     5.515506
    6.926578     6.020372     6.252217
    6.208106     6.926578     6.020372
    4.321276     6.208106     6.926578
    6.336684     4.321276     6.208106
    3.423599     6.336684     4.321276
    2.907027     3.423599     6.336684
    1.957731     2.907027     3.423599
    2.381328     1.957731     2.907027
    0.147838     2.381328     1.957731
    1.833890     0.147838     2.381328
    0.745298     1.833890     0.147838
    3.649786     0.745298     1.833890
    2.490674     3.649786     0.745298
    2.061349     2.490674     3.649786
    2.027889     2.061349     2.490674
    2.045324     2.027889     2.061349
    1.200930     2.045324     2.027889
    1.466067     1.200930     2.045324
    1.699890     1.466067     1.200930
    1.200164     1.699890     1.466067
    1.183139     1.200164     1.699890
    2.323663     1.183139     1.200164
    2.302233     2.323663     1.183139
    2.574701     2.302233     2.323663
    1.824806     2.574701     2.302233
    3.099188     1.824806     2.574701
    2.734781     3.099188     1.824806
    3.557202     2.734781     3.099188
    3.582733     3.557202     2.734781
    3.496297     3.582733     3.557202
    4.047030     3.496297     3.582733
    2.644176     4.047030     3.496297
    4.603153     2.644176     4.047030
    3.861249     4.603153     2.644176
    3.936118     3.861249     4.603153
    4.165681     3.936118     3.861249
    5.229077     4.165681     3.936118
    5.998058     5.229077     4.165681
    5.476094     5.998058     5.229077
    6.889406     5.476094     5.998058
    5.038358     6.889406     5.476094
    3.066430     5.038358     6.889406
    3.618450     3.066430     5.038358
    4.210724     3.618450     3.066430
    3.435715     4.210724     3.618450
    2.691874     3.435715     4.210724
    2.861571     2.691874     3.435715
    4.802602     2.861571     2.691874
    4.490626     4.802602     2.861571
    3.682090     4.490626     4.802602
    3.775342     3.682090     4.490626
    3.245390     3.775342     3.682090
    2.956617     3.245390     3.775342
    4.442604     2.956617     3.245390
    3.934184     4.442604     2.956617
    5.355864     3.934184     4.442604
    6.401160     5.355864     3.934184
    4.521964     6.401160     5.355864
    3.289576     4.521964     6.401160
    5.433377     3.289576     4.521964
    4.329507     5.433377     3.289576
    3.691421     4.329507     5.433377
    3.822906     3.691421     4.329507
    3.516245     3.822906     3.691421
    3.922109     3.516245     3.822906
    2.813756     3.922109     3.516245
    3.908782     2.813756     3.922109
    2.220845     3.908782     2.813756
    1.187675     2.220845     3.908782
    2.487756     1.187675     2.220845
    4.310808     2.487756     1.187675
    3.285491     4.310808     2.487756
    3.314168     3.285491     4.310808
    3.332475     3.314168     3.285491
    4.863537     3.332475     3.314168
    5.515002     4.863537     3.332475
    4.175086     5.515002     4.863537
    2.619655     4.175086     5.515002
    2.517057     2.619655     4.175086
    2.067046     2.517057     2.619655
    2.630352     2.067046     2.517057
    4.555033     2.630352     2.067046
    3.035723     4.555033     2.630352
    4.001170     3.035723     4.555033
    3.645444     4.001170     3.035723
    5.536131     3.645444     4.001170
    3.999316     5.536131     3.645444
    3.533807     3.999316     5.536131
    3.432038     3.533807     3.999316
    2.624342     3.432038     3.533807
    2.185095     2.624342     3.432038
    3.023695     2.185095     2.624342
    1.901753     3.023695     2.185095
    1.997330     1.901753     3.023695
    0.603218     1.997330     1.901753
   -0.468052     0.603218     1.997330
    1.524568    -0.468052     0.603218
    2.281187     1.524568    -0.468052
    0.983102     2.281187     1.524568
    1.184339     0.983102     2.281187
    1.400181     1.184339     0.983102
    3.229500     1.400181     1.184339
    2.214722     3.229500     1.400181
    0.337607     2.214722     3.229500
    0.093245     0.337607     2.214722
    1.880521     0.093245     0.337607
    2.151073     1.880521     0.093245
    0.774286     2.151073     1.880521
    0.811826     0.774286     2.151073
    2.655277     0.811826     0.774286
    2.865121     2.655277     0.811826
    3.782969     2.865121     2.655277
    2.282545     3.782969     2.865121
    1.628403     2.282545     3.782969
    3.537576     1.628403     2.282545
    3.957372     3.537576     1.628403
    2.734071     3.957372     3.537576
    3.996295     2.734071     3.957372
    4.095496     3.996295     2.734071
    3.213876     4.095496     3.996295
    4.281118     3.213876     4.095496
    3.745202     4.281118     3.213876
    5.035030     3.745202     4.281118
    5.896155     5.035030     3.745202
    3.172158     5.896155     5.035030
    4.873375     3.172158     5.896155
    4.205018     4.873375     3.172158
    3.783025     4.205018     4.873375
    3.085629     3.783025     4.205018
    3.892244     3.085629     3.783025
    3.544194     3.892244     3.085629
    2.877583     3.544194     3.892244
    3.616393     2.877583     3.544194
    3.424431     3.616393     2.877583
    4.499514     3.424431     3.616393
    3.162122     4.499514     3.424431
    2.806667     3.162122     4.499514
    1.636833     2.806667     3.162122
    3.128952     1.636833     2.806667
    3.159761     3.128952     1.636833
    3.214406     3.159761     3.128952
    2.981368     3.214406     3.159761
    3.704988     2.981368     3.214406
    2.947846     3.704988     2.981368
    4.211687     2.947846     3.704988
    3.462708     4.211687     2.947846
    4.920860     3.462708     4.211687
    3.445415     4.920860     3.462708
    4.969581     3.445415     4.920860
    5.331096     4.969581     3.445415
    5.057421     5.331096     4.969581
    2.873962     5.057421     5.331096
    4.118601     2.873962     5.057421
    3.065242     4.118601     2.873962
    2.316168     3.065242     4.118601
    2.481335     2.316168     3.065242
    1.280575     2.481335     2.316168
    1.664032     1.280575     2.481335
    1.132790     1.664032     1.280575
    1.791867     1.132790     1.664032
    2.527018     1.791867     1.132790
    2.224005     2.527018     1.791867
    2.924999     2.224005     2.527018
    1.962137     2.924999     2.224005
    3.390528     1.962137     2.924999
    0.940912     3.390528     1.962137
    1.493792     0.940912     3.390528
    2.353673     1.493792     0.940912
    2.626571     2.353673     1.493792
    0.672333     2.626571     2.353673
    1.052953     0.672333     2.626571
    1.160887     1.052953     0.672333
    1.592819     1.160887     1.052953
    2.015178     1.592819     1.160887
    0.072983     2.015178     1.592819
    1.937859     0.072983     2.015178
    4.705139     1.937859     0.072983
    5.970338     4.705139     1.937859
    3.745575     5.970338     4.705139
    3.682417     3.745575     5.970338
    3.283900     3.682417     3.745575
    2.728430     3.283900     3.682417
    1.857207     2.728430     3.283900
    0.997413     1.857207     2.728430
    2.949852     0.997413     1.857207
    4.236615     2.949852     0.997413
    4.579213     4.236615     2.949852
    3.907364     4.579213     4.236615
    5.858070     3.907364     4.579213
    3.676271     5.858070     3.907364
    3.531181     3.676271     5.858070
    3.317192     3.531181     3.676271
    4.408046     3.317192     3.531181
    4.652921     4.408046     3.317192
    4.606251     4.652921     4.408046
    4.481158     4.606251     4.652921
    5.120484     4.481158     4.606251
    6.233669     5.120484     4.481158
    5.531308     6.233669     5.120484
    7.019999     5.531308     6.233669
    6.656795     7.019999     5.531308
    5.467854     6.656795     7.019999
    4.278653     5.467854     6.656795
    5.169497     4.278653     5.467854
    5.106904     5.169497     4.278653
    6.028577     5.106904     5.169497
    4.032576     6.028577     5.106904
    3.110200     4.032576     6.028577
    3.552674     3.110200     4.032576
    5.180058     3.552674     3.110200
    4.381750     5.180058     3.552674
    3.586423     4.381750     5.180058
    5.076799     3.586423     4.381750
    4.877962     5.076799     3.586423
    5.664590     4.877962     5.076799
    3.967877     5.664590     4.877962
    4.334174     3.967877     5.664590
    4.480415     4.334174     3.967877
    5.435642     4.480415     4.334174
    4.453335     5.435642     4.480415
    1.534231     4.453335     5.435642
    2.812246     1.534231     4.453335
    3.348294     2.812246     1.534231
    2.118071     3.348294     2.812246
    3.471121     2.118071     3.348294
    3.835500     3.471121     2.118071
    3.179563     3.835500     3.471121
    3.850437     3.179563     3.835500
    2.201258     3.850437     3.179563
    2.347331     2.201258     3.850437
    2.548634     2.347331     2.201258
    4.326795     2.548634     2.347331
    2.151882     4.326795     2.548634
    2.762551     2.151882     4.326795
    2.839698     2.762551     2.151882
    3.397827     2.839698     2.762551
    2.064570     3.397827     2.839698
    2.606215     2.064570     3.397827
    1.879842     2.606215     2.064570
    1.442599     1.879842     2.606215
    2.238004     1.442599     1.879842
    0.262909     2.238004     1.442599
    1.434377     0.262909     2.238004
    3.583135     1.434377     0.262909
    2.560709     3.583135     1.434377
    2.394831     2.560709     3.583135
    2.920278     2.394831     2.560709
    3.020642     2.920278     2.394831
    2.569567     3.020642     2.920278
    3.289123     2.569567     3.020642
    3.508651     3.289123     2.569567
    4.460153     3.508651     3.289123
    3.417034     4.460153     3.508651
    3.634653     3.417034     4.460153
    2.883161     3.634653     3.417034
    4.054739     2.883161     3.634653
    3.633414     4.054739     2.883161
    4.707253     3.633414     4.054739
    3.185641     4.707253     3.633414
    3.225034     3.185641     4.707253
    3.555930     3.225034     3.185641
    6.069623     3.555930     3.225034
    6.628568     6.069623     3.555930
    4.245046     6.628568     6.069623
    4.208416     4.245046     6.628568
    2.071832     4.208416     4.245046
    2.608103     2.071832     4.208416
    3.326741     2.608103     2.071832
    2.967005     3.326741     2.608103
    2.090618     2.967005     3.326741
    3.686566     2.090618     2.967005
    2.573958     3.686566     2.090618
    4.265272     2.573958     3.686566
    3.719044     4.265272     2.573958
    5.310238     3.719044     4.265272
    3.031527     5.310238     3.719044
    3.678749     3.031527     5.310238
    4.248260     3.678749     3.031527
    4.736398     4.248260     3.678749
    5.007572     4.736398     4.248260
    4.412190     5.007572     4.736398
    1.961535     4.412190     5.007572
    2.990153     1.961535     4.412190
    2.764286     2.990153     1.961535
    1.539912     2.764286     2.990153
    1.989855     1.539912     2.764286
    3.040994     1.989855     1.539912
    2.376327     3.040994     1.989855
    2.320949     2.376327     3.040994
    1.269081     2.320949     2.376327
    1.713013     1.269081     2.320949
    1.760188     1.713013     1.269081
    2.114181     1.760188     1.713013
    1.509968     2.114181     1.760188
    2.965810     1.509968     2.114181
    0.707978     2.965810     1.509968
    1.508092     0.707978     2.965810
    0.961254     1.508092     0.707978
    1.230916     0.961254     1.508092
    2.882001     1.230916     0.961254
    2.568423     2.882001     1.230916
    2.638234     2.568423     2.882001
    3.715094     2.638234     2.568423
    3.897411     3.715094     2.638234
    4.277047     3.897411     3.715094
    4.349769     4.277047     3.897411
    3.853354     4.349769     4.277047
    2.966083     3.853354     4.349769
    1.187457     2.966083     3.853354
    2.613894     1.187457     2.966083
    2.405654     2.613894     1.187457
    3.532776     2.405654     2.613894
    2.748728     3.532776     2.405654
    3.658554     2.748728     3.532776
    2.889920     3.658554     2.748728
    4.023006     2.889920     3.658554
    1.845454     4.023006     2.889920
    2.128852     1.845454     4.023006
    3.296157     2.128852     1.845454
    3.046937     3.296157     2.128852
    3.092076     3.046937     3.296157
    3.034306     3.092076     3.046937
    3.242505     3.034306     3.092076
    3.590792     3.242505     3.034306
    3.460177     3.590792     3.242505
    1.288121     3.460177     3.590792
    1.895193     1.288121     3.460177
    1.268634     1.895193     1.288121
    2.977462     1.268634     1.895193
    1.458599     2.977462     1.268634
    1.536303     1.458599     2.977462
    1.930312     1.536303     1.458599
    1.776563     1.930312     1.536303
    0.404929     1.776563     1.930312
    3.876984     0.404929     1.776563
    4.204236     3.876984     0.404929
    3.637060     4.204236     3.876984
    3.653595     3.637060     4.204236
    2.736679     3.653595     3.637060
    3.400456     2.736679     3.653595
    4.704774     3.400456     2.736679
    2.397077     4.704774     3.400456
    3.420986     2.397077     4.704774
    4.442657     3.420986     2.397077
    4.381294     4.442657     3.420986
    2.851483     4.381294     4.442657
    3.194377     2.851483     4.381294
    4.745522     3.194377     2.851483
    3.528973     4.745522     3.194377
    3.828917     3.528973     4.745522
    3.278616     3.828917     3.528973
    3.620770     3.278616     3.828917
    4.286309     3.620770     3.278616
    3.352736     4.286309     3.620770
    4.367852     3.352736     4.286309
    4.957076     4.367852     3.352736
    3.985005     4.957076     4.367852
    3.853209     3.985005     4.957076
    3.659693     3.853209     3.985005
    3.534050     3.659693     3.853209
    1.947560     3.534050     3.659693
    2.773214     1.947560     3.534050
    3.194619     2.773214     1.947560
    3.002197     3.194619     2.773214
    3.516889     3.002197     3.194619
    4.583874     3.516889     3.002197
    5.222980     4.583874     3.516889
    4.907743     5.222980     4.583874
    5.258139     4.907743     5.222980
    4.916040     5.258139     4.907743
    3.570937     4.916040     5.258139
    3.314091     3.570937     4.916040
    2.647199     3.314091     3.570937
    3.464758     2.647199     3.314091
    4.886077     3.464758     2.647199
    4.561859     4.886077     3.464758
    3.785960     4.561859     4.886077
    2.444128     3.785960     4.561859
    4.143145     2.444128     3.785960
    2.586411     4.143145     2.444128
    1.970424     2.586411     4.143145
    2.366629     1.970424     2.586411
    2.259142     2.366629     1.970424
    2.598470     2.259142     2.366629
    2.797143     2.598470     2.259142
    4.331294     2.797143     2.598470
    3.833322     4.331294     2.797143
    4.875704     3.833322     4.331294
    4.490533     4.875704     3.833322
    2.840609     4.490533     4.875704
    3.209189     2.840609     4.490533
    1.951877     3.209189     2.840609
    3.445571     1.951877     3.209189
    2.448756     3.445571     1.951877
    3.360952     2.448756     3.445571
    3.157108     3.360952     2.448756
    0.470107     3.157108     3.360952
    2.053793     0.470107     3.157108
    2.641075     2.053793     0.470107
    3.610527     2.641075     2.053793
    2.879157     3.610527     2.641075
    3.340458     2.879157     3.610527
    3.114207     3.340458     2.879157
    1.451121     3.114207     3.340458
    2.002790     1.451121     3.114207
    2.766707     2.002790     1.451121
    1.970841     2.766707     2.002790
    2.416442     1.970841     2.766707
    3.069829     2.416442     1.970841
    3.686671     3.069829     2.416442
    2.771086     3.686671     3.069829
    4.152880     2.771086     3.686671
    2.838581     4.152880     2.771086
    4.181273     2.838581     4.152880
    5.633988     4.181273     2.838581
    4.241886     5.633988     4.181273
    3.836590     4.241886     5.633988
    2.318311     3.836590     4.241886
    3.237248     2.318311     3.836590
    2.508989     3.237248     2.318311
    2.057402     2.508989     3.237248
    2.230847     2.057402     2.508989
    3.417056     2.230847     2.057402
    3.183677     3.417056     2.230847
    2.615718     3.183677     3.417056
    2.835135     2.615718     3.183677
    0.936616     2.835135     2.615718
    1.233874     0.936616     2.835135
    1.224146     1.233874     0.936616
    1.749695     1.224146     1.233874
    1.615339     1.749695     1.224146
    3.288742     1.615339     1.749695
    3.870479     3.288742     1.615339
    2.699748     3.870479     3.288742
    3.224019     2.699748     3.870479
    6.186783     3.224019     2.699748
    6.595419     6.186783     3.224019
