    4.079438     5.407147     4.789719
    4.137360     4.079438     5.407147
    2.948662     4.137360     4.079438
    2.659790     2.948662     4.137360
    4.126404     2.659790     2.948662
    2.884653     4.126404     2.659790
    3.032433     2.884653     4.126404
    2.194696     3.032433     2.884653
    1.271315     2.194696     3.032433
    2.242532     1.271315     2.194696
    2.947929     2.242532     1.271315
    4.573871     2.947929     2.242532
    3.678706     4.573871     2.947929
    5.256842     3.678706     4.573871
    2.853513     5.256842     3.678706
    2.801087     2.853513     5.256842
    2.872472     2.801087     2.853513
    4.380679     2.872472     2.801087
    4.953147     4.380679     2.872472
    6.321045     4.953147     4.380679
    6.037093     6.321045     4.953147
    4.094215     6.037093     6.321045
    4.430441     4.094215     6.037093
    3.349112     4.430441     4.094215
    4.317166     3.349112     4.430441
    3.361480     4.317166     3.349112
    3.692886     3.361480     4.317166
    3.832712     3.692886     3.361480
    3.815725     3.832712     3.692886
    3.440391     3.815725     3.832712
    4.591814     3.440391     3.815725
    4.311067     4.591814     3.440391
    4.529933     4.311067     4.591814
    2.780117     4.529933     4.311067
    3.334026     2.780117     4.529933
    3.131304     3.334026     2.780117
    2.358267     3.131304     3.334026
    1.892895     2.358267     3.131304
    2.035446     1.892895     2.358267
    2.435239     2.035446     1.892895
    2.104150     2.435239     2.035446
    2.159148     2.104150     2.435239
    4.439791     2.159148     2.104150
    3.424829     4.439791     2.159148
    3.728949     3.424829     4.439791
    2.986491     3.728949     3.424829
    2.483322     2.986491     3.728949
    3.825556     2.483322     2.986491
    3.989785     3.825556     2.483322
    2.279926     3.989785     3.825556
    2.880138     2.279926     3.989785
    3.964320     2.880138     2.279926
    3.725386     3.964320     2.880138
    3.752630     3.725386     3.964320
    2.969080     3.752630     3.725386
    3.690646     2.969080     3.752630
    1.312226     3.690646     2.969080
    1.431595     1.312226     3.690646
    1.153123     1.431595     1.312226
    3.742300     1.153123     1.431595
    3.695018     3.742300     1.153123
    3.931138     3.695018     3.742300
    3.016359     3.931138     3.695018
    2.847444     3.016359     3.931138
    1.787610     2.847444     3.016359
    2.134718     1.787610     2.847444
    2.581605     2.134718     1.787610
    2.568539     2.581605     2.134718
    1.651112     2.568539     2.581605
    2.047160     1.651112     2.568539
    2.331278     2.047160     1.651112
    2.267127     2.331278     2.047160
    2.595036     2.267127     2.331278
    2.925211     2.595036     2.267127
    2.104801     2.925211     2.595036
    2.705801     2.104801     2.925211
    0.458139     2.705801     2.104801
    2.430282     0.458139     2.705801
    2.405332     2.430282     0.458139
    2.405528     2.405332     2.430282
    2.321842     2.405528     2.405332
    2.763314     2.321842     2.405528
    3.276871     2.763314     2.321842
    2.354789     3.276871     2.763314
    2.636969     2.354789     3.276871
    3.735007     2.636969     2.354789
    2.744906     3.735007     2.636969
    2.432605     2.744906     3.735007
    3.637772     2.432605     2.744906
    1.768928     3.637772     2.432605
    1.983722     1.768928     3.637772
    2.626020     1.983722     1.768928
    3.648562     2.626020     1.983722
    3.166717     3.648562     2.626020
    1.724368     3.166717     3.648562
    2.061607     1.724368     3.166717
    1.554939     2.061607     1.724368
    1.838121     1.554939     2.061607
    1.719772     1.838121     1.554939
    2.002572     1.719772     1.838121
    0.397652     2.002572     1.719772
    3.317125     0.397652     2.002572
    2.641247     3.317125     0.397652
    2.518965     2.641247     3.317125
    2.377075     2.518965     2.641247
    3.057169     2.377075     2.518965
    2.893138     3.057169     2.377075
    1.859051     2.893138     3.057169
    2.620861     1.859051     2.893138
    2.994912     2.620861     1.859051
    2.616804     2.994912     2.620861
    4.061690     2.616804     2.994912
    4.879944     4.061690     2.616804
    4.109427     4.879944     4.061690
    4.048444     4.109427     4.879944
    5.128418     4.048444     4.109427
    4.335065     5.128418     4.048444
    4.885128     4.335065     5.128418
    3.260937     4.885128     4.335065
    4.137905     3.260937     4.885128
    4.852646     4.137905     3.260937
    3.420175     4.852646     4.137905
    4.618585     3.420175     4.852646
    5.403103     4.618585     3.420175
    4.986970     5.403103     4.618585
    2.803195     4.986970     5.403103
    3.263386     2.803195     4.986970
    0.921895     3.263386     2.803195
    1.764041     0.921895     3.263386
    2.834476     1.764041     0.921895
    2.388302     2.834476     1.764041
    2.508590     2.388302     2.834476
    2.990465     2.508590     2.388302
    2.531315     2.990465     2.508590
    3.662740     2.531315     2.990465
    3.201892     3.662740     2.531315
    3.024756     3.201892     3.662740
    3.268962     3.024756     3.201892
    3.519112     3.268962     3.024756
    4.114197     3.519112     3.268962
    5.057088     4.114197     3.519112
    5.036346     5.057088     4.114197
    3.998165     5.036346     5.057088
    3.927603     3.998165     5.036346
    3.555925     3.927603     3.998165
    4.042940     3.555925     3.927603
    1.946567     4.042940     3.555925
    3.762806     1.946567     4.042940
    4.493380     3.762806     1.946567
    4.251725     4.493380     3.762806
    2.451098     4.251725     4.493380
    0.983162     2.451098     4.251725
    1.375041     0.983162     2.451098
    3.307565     1.375041     0.983162
    1.926918     3.307565     1.375041
    1.977487     1.926918     3.307565
    1.643599     1.977487     1.926918
    1.042716     1.643599     1.977487
    0.810828     1.042716     1.643599
    2.688286     0.810828     1.042716
    1.261610     2.688286     0.810828
    2.663495     1.261610     2.688286
    2.975305     2.663495     1.261610
    4.009780     2.975305     2.663495
    3.243782     4.009780     2.975305
    3.985068     3.243782     4.009780
    0.932562     3.985068     3.243782
    2.085540     0.932562     3.985068
    2.098639     2.085540     0.932562
    2.256121     2.098639     2.085540
    1.131833     2.256121     2.098639
    1.559965     1.131833     2.256121
    2.105677     1.559965     1.131833
    2.643939     2.105677     1.559965
    3.808233     2.643939     2.105677
    2.220765     3.808233     2.643939
    0.805804     2.220765     3.808233
    1.885095     0.805804     2.220765
    3.344612     1.885095     0.805804
    3.333204     3.344612     1.885095
    4.076075     3.333204     3.344612
    2.670573     4.076075     3.333204
    4.146510     2.670573     4.076075
    3.501686     4.146510     2.670573
    3.477727     3.501686     4.146510
    3.569501     3.477727     3.501686
    2.010768     3.569501     3.477727
    1.617673     2.010768     3.569501
    2.227385     1.617673     2.010768
    2.814560     2.227385     1.617673
    2.161286     2.814560     2.227385
    3.457440     2.161286     2.814560
    4.084688     3.457440     2.161286
    2.627814     4.084688     3.457440
    3.138509     2.627814     4.084688
    4.531005     3.138509     2.627814
    3.723363     4.531005     3.138509
    3.918464     3.723363     4.531005
    4.870648     3.918464     3.723363
    3.605082     4.870648     3.918464
    3.374491     3.605082     4.870648
    5.873668     3.374491     3.605082
    4.846621     5.873668     3.374491
    3.779553     4.846621     5.873668
    4.055214     3.779553     4.846621
    4.139482     4.055214     3.779553
    4.969918     4.139482     4.055214
    3.417263     4.969918     4.139482
    3.353667     3.417263     4.969918
    4.982723     3.353667     3.417263
    3.633454     4.982723     3.353667
    5.225392     3.633454     4.982723
    4.163768     5.225392     3.633454
    3.634598     4.163768     5.225392
    3.328780     3.634598     4.163768
    4.999539     3.328780     3.634598
    3.927837     4.999539     3.328780
    4.177727     3.927837     4.999539
    4.277474     4.177727     3.927837
    3.470063     4.277474     4.177727
    4.176314     3.470063     4.277474
    4.606912     4.176314     3.470063
    4.464242     4.606912     4.176314
    4.148950     4.464242     4.606912
    3.747810     4.148950     4.464242
    3.897694     3.747810     4.148950
    5.170140     3.897694     3.747810
    4.354869     5.170140     3.897694
    4.106657     4.354869     5.170140
    4.666799     4.106657     4.354869
    2.630205     4.666799     4.106657
    3.182711     2.630205     4.666799
    4.621047     3.182711     2.630205
    3.401842     4.621047     3.182711
    3.323930     3.401842     4.621047
    3.256545     3.323930     3.401842
    3.662169     3.256545     3.323930
    3.912804     3.662169     3.256545
    3.635858     3.912804     3.662169
    2.779656     3.635858     3.912804
    3.509291     2.779656     3.635858
    2.887115     3.509291     2.779656
    3.359258     2.887115     3.509291
    3.778263     3.359258     2.887115
    5.265683     3.778263     3.359258
    3.650646     5.265683     3.778263
    4.128941     3.650646     5.265683
    5.174520     4.128941     3.650646
    4.997729     5.174520     4.128941
    3.717685     4.997729     5.174520
    3.431138     3.717685     4.997729
    3.891034     3.431138     3.717685
    5.693168     3.891034     3.431138
    5.437825     5.693168     3.891034
    5.937442     5.437825     5.693168
    5.924867     5.937442     5.437825
    5.505059     5.924867     5.937442
    3.926719     5.505059     5.924867
    5.610225     3.926719     5.505059
    5.699734     5.610225     3.926719
    4.862234     5.699734     5.610225
    2.823893     4.862234     5.699734
    2.033613     2.823893     4.862234
    3.798338     2.033613     2.823893
    3.459994     3.798338     2.033613
    3.546699     3.459994     3.798338
    3.401026     3.546699     3.459994
    1.978551     3.401026     3.546699
    2.858979     1.978551     3.401026
    2.061258     2.858979     1.978551
    2.378893     2.061258     2.858979
    1.591634     2.378893     2.061258
    3.778918     1.591634     2.378893
    3.394234     3.778918     1.591634
    3.213208     3.394234     3.778918
    2.455392     3.213208     3.394234
    1.444088     2.455392     3.213208
    2.785180     1.444088     2.455392
    4.271198     2.785180     1.444088
    4.178656     4.271198     2.785180
    4.404679     4.178656     4.271198
    4.990596     4.404679     4.178656
    3.644340     4.990596     4.404679
    3.397413     3.644340     4.990596
    3.335033     3.397413     3.644340
    4.360471     3.335033     3.397413
    4.256912     4.360471     3.335033
    2.935878     4.256912     4.360471
    2.384388     2.935878     4.256912
    3.705442     2.384388     2.935878
    5.661770     3.705442     2.384388
    5.038080     5.661770     3.705442
    5.768061     5.038080     5.661770
    4.755517     5.768061     5.038080
    6.302200     4.755517     5.768061
    3.486134     6.302200     4.755517
    5.501993     3.486134     6.302200
    5.911617     5.501993     3.486134
    3.546501     5.911617     5.501993
    4.686851     3.546501     5.911617
    3.720747     4.686851     3.546501
    2.656673     3.720747     4.686851
    3.210728     2.656673     3.720747
    4.353953     3.210728     2.656673
    3.941657     4.353953     3.210728
    1.985763     3.941657     4.353953
    2.400222     1.985763     3.941657
    3.330753     2.400222     1.985763
    4.791746     3.330753     2.400222
    3.762732     4.791746     3.330753
    3.222802     3.762732     4.791746
    3.301706     3.222802     3.762732
    2.134309     3.301706     3.222802
    3.902084     2.134309     3.301706
    3.673527     3.902084     2.134309
    4.922917     3.673527     3.902084
    5.044417     4.922917     3.673527
    5.645205     5.044417     4.922917
    7.326385     5.645205     5.044417
    6.015672     7.326385     5.645205
    5.742428     6.015672     7.326385
    5.937639     5.742428     6.015672
    5.561096     5.937639     5.742428
    5.390440     5.561096     5.937639
    3.940597     5.390440     5.561096
    4.518341     3.940597     5.390440
    4.044384     4.518341     3.940597
    4.258936     4.044384     4.518341
    3.623634     4.258936     4.044384
    4.262303     3.623634     4.258936
    2.345879     4.262303     3.623634
    3.665143     2.345879     4.262303
    1.195287     3.665143     2.345879
    2.218463     1.195287     3.665143
    1.770637     2.218463     1.195287
    1.467337     1.770637     2.218463
    1.130769     1.467337     1.770637
    3.112395     1.130769     1.467337
    1.502569     3.112395     1.130769
    2.176913     1.502569     3.112395
    2.054748     2.176913     1.502569
    2.558935     2.054748     2.176913
    2.938987     2.558935     2.054748
    3.634762     2.938987     2.558935
    2.442472     3.634762     2.938987
    1.334084     2.442472     3.634762
    2.010507     1.334084     2.442472
    4.105498     2.010507     1.334084
    3.378815     4.105498     2.010507
    4.443384     3.378815     4.105498
    4.346766     4.443384     3.378815
    4.395420     4.346766     4.443384
    3.723064     4.395420     4.346766
    4.863129     3.723064     4.395420
    4.069335     4.863129     3.723064
    3.000834     4.069335     4.863129
    2.605584     3.000834     4.069335
    1.816668     2.605584     3.000834
    2.760354     1.816668     2.605584
    2.104797     2.760354     1.816668
    2.053736     2.104797     2.760354
    2.302865     2.053736     2.104797
    3.819613     2.302865     2.053736
    5.345662     3.819613     2.302865
    5.812683     5.345662     3.819613
    2.879324     5.812683     5.345662
    3.258269     2.879324     5.812683
    2.847059     3.258269     2.879324
    3.284778     2.847059     3.258269
    2.514957     3.284778     2.847059
    2.789687     2.514957     3.284778
    2.904698     2.789687     2.514957
    3.262747     2.904698     2.789687
    4.308110     3.262747     2.904698
    3.509269     4.308110     3.262747
    3.777417     3.509269     4.308110
    4.947304     3.777417     3.509269
    6.197345     4.947304     3.777417
    3.687966     6.197345     4.947304
    3.708943     3.687966     6.197345
    5.381248     3.708943     3.687966
    4.470265     5.381248     3.708943
    6.098042     4.470265     5.381248
    4.713381     6.098042     4.470265
    3.104472     4.713381     6.098042
    4.266344     3.104472     4.713381
    2.171404     4.266344     3.104472
    3.275477     2.171404     4.266344
    4.970659     3.275477     2.171404
    5.306091     4.970659     3.275477
    2.776093     5.306091     4.970659
    4.242205     2.776093     5.306091
    6.197526     4.242205     2.776093
    3.853356     6.197526     4.242205
    4.467338     3.853356     6.197526
    2.343195     4.467338     3.853356
    1.852487     2.343195     4.467338
    3.596513     1.852487     2.343195
    4.287244     3.596513     1.852487
    5.197687     4.287244     3.596513
    3.932427     5.197687     4.287244
    4.132279     3.932427     5.197687
    3.614301     4.132279     3.932427
    3.815428     3.614301     4.132279
    3.593001     3.815428     3.614301
    2.178422     3.593001     3.815428
    3.370623     2.178422     3.593001
    1.876641     3.370623     2.178422
    2.119616     1.876641     3.370623
    1.423074     2.119616     1.876641
    1.613693     1.423074     2.119616
    3.370058     1.613693     1.423074
    4.113087     3.370058     1.613693
    4.743135     4.113087     3.370058
    2.038851     4.743135     4.113087
    0.932187     2.038851     4.743135
    5.507804     0.932187     2.038851
    3.679677     5.507804     0.932187
    2.908995     3.679677     5.507804
    4.519477     2.908995     3.679677
    4.184094     4.519477     2.908995
    1.781891     4.184094     4.519477
    3.054362     1.781891     4.184094
    2.161881     3.054362     1.781891
    2.173555     2.161881     3.054362
    3.573055     2.173555     2.161881
    3.031290     3.573055     2.173555
    2.229763     3.031290     3.573055
    1.629998     2.229763     3.031290
    4.334436     1.629998     2.229763
    4.468615     4.334436     1.629998
    4.259925     4.468615     4.334436
    3.757108     4.259925     4.468615
    3.999295     3.757108     4.259925
    3.186973     3.999295     3.757108
    2.790384     3.186973     3.999295
    2.715971     2.790384     3.186973
    2.823055     2.715971     2.790384
    2.800183     2.823055     2.715971
    3.386363     2.800183     2.823055
    2.315452     3.386363     2.800183
    3.598847     2.315452     3.386363
    3.220317     3.598847     2.315452
    2.727953     3.220317     3.598847
    2.828657     2.727953     3.220317
    2.569856     2.828657     2.727953
    3.072144     2.569856     2.828657
    3.712963     3.072144     2.569856
    3.384633     3.712963     3.072144
    2.252926     3.384633     3.712963
    1.555492     2.252926     3.384633
    2.488323     1.555492     2.252926
    3.479536     2.488323     1.555492
    2.793439     3.479536     2.488323
    1.788365     2.793439     3.479536
    2.058387     1.788365     2.793439
    1.547353     2.058387     1.788365
    2.761535     1.547353     2.058387
    2.796083     2.761535     1.547353
    1.556946     2.796083     2.761535
    2.397657     1.556946     2.796083
    1.664643     2.397657     1.556946
    4.410043     1.664643     2.397657
    3.702745     4.410043     1.664643
    3.526683     3.702745     4.410043
    3.097217     3.526683     3.702745
    2.840704     3.097217     3.526683
    2.700132     2.840704     3.097217
    5.189804     2.700132     2.840704
    5.316472     5.189804     2.700132
    4.587155     5.316472     5.189804
    5.167538     4.587155     5.316472
    2.929590     5.167538     4.587155
    3.706477     2.929590     5.167538
    3.725257     3.706477     2.929590
    4.146978     3.725257     3.706477
    1.429937     4.146978     3.725257
    1.722025     1.429937     4.146978
    2.401611     1.722025     1.429937
    2.682812     2.401611     1.722025
    1.922462     2.682812     2.401611
    3.455239     1.922462     2.682812
    4.711547     3.455239     1.922462
    4.486432     4.711547     3.455239
    4.573182     4.486432     4.711547
    5.230743     4.573182     4.486432
    4.081134     5.230743     4.573182
    4.107657     4.081134     5.230743
    3.992031     4.107657     4.081134
    4.369161     3.992031     4.107657
    3.370382     4.369161     3.992031
    3.825438     3.370382     4.369161
    3.204392     3.825438     3.370382
    2.561046     3.204392     3.825438
    3.438274     2.561046     3.204392
    4.335681     3.438274     2.561046
    4.022637     4.335681     3.438274
    3.623699     4.022637     4.335681
    3.855242     3.623699     4.022637
    3.177098     3.855242     3.623699
