    3.953992     3.780410     2.125752
    3.100557     3.953992     3.780410
    3.889629     3.100557     3.953992
    3.934947     3.889629     3.100557
    4.815108     3.934947     3.889629
    5.411652     4.815108     3.934947
    5.944656     5.411652     4.815108
    3.785707     5.944656     5.411652
    4.081252     3.785707     5.944656
    3.974252     4.081252     3.785707
    6.201183     3.974252     4.081252
    5.631434     6.201183     3.974252
    5.498705     5.631434     6.201183
    4.149020     5.498705     5.631434
    4.299702     4.149020     5.498705
    3.603525     4.299702     4.149020
    3.921322     3.603525     4.299702
    2.901282     3.921322     3.603525
    5.010406     2.901282     3.921322
    5.281812     5.010406     2.901282
    3.801380     5.281812     5.010406
    2.486202     3.801380     5.281812
    4.431744     2.486202     3.801380
    5.346993     4.431744     2.486202
    3.473694     5.346993     4.431744
    4.948939     3.473694     5.346993
    2.044937     4.948939     3.473694
    3.933705     2.044937     4.948939
    2.237008     3.933705     2.044937
    2.960049     2.237008     3.933705
    2.629693     2.960049     2.237008
    3.051134     2.629693     2.960049
    3.781851     3.051134     2.629693
    3.992508     3.781851     3.051134
    3.164012     3.992508     3.781851
    3.182671     3.164012     3.992508
    3.698310     3.182671     3.164012
    4.024044     3.698310     3.182671
    2.075517     4.024044     3.698310
    3.760555     2.075517     4.024044
    3.499784     3.760555     2.075517
    4.178164     3.499784     3.760555
    4.658994     4.178164     3.499784
    3.281328     4.658994     4.178164
    3.783514     3.281328     4.658994
    3.910494     3.783514     3.281328
    4.955240     3.910494     3.783514
    3.104882     4.955240     3.910494
    3.671545     3.104882     4.955240
    2.652523     3.671545     3.104882
    3.811390     2.652523     3.671545
    3.321582     3.811390     2.652523
    3.023557     3.321582     3.811390
    4.571373     3.023557     3.321582
    5.743758     4.571373     3.023557
    5.293442     5.743758     4.571373
    4.641560     5.293442     5.743758
    5.234044     4.641560     5.293442
    4.415981     5.234044     4.641560
    6.208558     4.415981     5.234044
    7.286285     6.208558     4.415981
    4.522329     7.286285     6.208558
    4.605075     4.522329     7.286285
    5.010024     4.605075     4.522329
    4.744668     5.010024     4.605075
    3.407873     4.744668     5.010024
    4.595408     3.407873     4.744668
    5.439800     4.595408     3.407873
    4.836684     5.439800     4.595408
    3.180291     4.836684     5.439800
    3.053758     3.180291     4.836684
    3.704226     3.053758     3.180291
    3.785910     3.704226     3.053758
    2.798939     3.785910     3.704226
    3.274193     2.798939     3.785910
    2.430242     3.274193     2.798939
    2.475545     2.430242     3.274193
    1.612201     2.475545     2.430242
    3.539234     1.612201     2.475545
    2.299547     3.539234     1.612201
    2.306984     2.299547     3.539234
    1.682443     2.306984     2.299547
    2.644002     1.682443     2.306984
    0.541592     2.644002     1.682443
    0.233646     0.541592     2.644002
    1.128388     0.233646     0.541592
    1.486988     1.128388     0.233646
    4.081885     1.486988     1.128388
    3.385202     4.081885     1.486988
    3.937208     3.385202     4.081885
    4.322840     3.937208     3.385202
    5.784864     4.322840     3.937208
    4.516744     5.784864     4.322840
    4.608872     4.516744     5.784864
    4.746647     4.608872     4.516744
    5.375858     4.746647     4.608872
    5.042076     5.375858     4.746647
    5.274975     5.042076     5.375858
    3.084044     5.274975     5.042076
    4.962585     3.084044     5.274975
    3.812229     4.962585     3.084044
    2.941285     3.812229     4.962585
    4.141647     2.941285     3.812229
    2.646073     4.141647     2.941285
    4.153194     2.646073     4.141647
    2.343614     4.153194     2.646073
    2.529079     2.343614     4.153194
    2.839683     2.529079     2.343614
    2.800574     2.839683     2.529079
    3.447888     2.800574     2.839683
    4.589752     3.447888     2.800574
    4.957545     4.589752     3.447888
    3.946807     4.957545     4.589752
    3.502145     3.946807     4.957545
    2.092180     3.502145     3.946807
    2.454750     2.092180     3.502145
    2.191339     2.454750     2.092180
    0.927482     2.191339     2.454750
    1.085249     0.927482     2.191339
    1.988232     1.085249     0.927482
    1.483127     1.988232     1.085249
    3.620991     1.483127     1.988232
    1.429032     3.620991     1.483127
    2.744357     1.429032     3.620991
    3.162011     2.744357     1.429032
    2.002970     3.162011     2.744357
    2.263229     2.002970     3.162011
    1.594360     2.263229     2.002970
    3.790299     1.594360     2.263229
    4.617651     3.790299     1.594360
    4.379882     4.617651     3.790299
    5.510067     4.379882     4.617651
    5.000766     5.510067     4.379882
    4.367768     5.000766     5.510067
    4.344987     4.367768     5.000766
    4.047681     4.344987     4.367768
    6.508479     4.047681     4.344987
    6.416073     6.508479     4.047681
    6.802348     6.416073     6.508479
    4.618506     6.802348     6.416073
    4.150577     4.618506     6.802348
    4.840722     4.150577     4.618506
    4.727422     4.840722     4.150577
    3.568611     4.727422     4.840722
    4.284791     3.568611     4.727422
    4.359516     4.284791     3.568611
    6.580303     4.359516     4.284791
    5.178470     6.580303     4.359516
    4.976539     5.178470     6.580303
    4.128945     4.976539     5.178470
    3.116886     4.128945     4.976539
    1.708769     3.116886     4.128945
    2.898110     1.708769     3.116886
    3.690191     2.898110     1.708769
    4.062726     3.690191     2.898110
    2.458092     4.062726     3.690191
    4.894966     2.458092     4.062726
    2.934196     4.894966     2.458092
    4.942730     2.934196     4.894966
    5.845382     4.942730     2.934196
    6.131965     5.845382     4.942730
    4.515107     6.131965     5.845382
    3.782092     4.515107     6.131965
    3.589683     3.782092     4.515107
    4.203871     3.589683     3.782092
    3.174632     4.203871     3.589683
    2.964045     3.174632     4.203871
    4.020007     2.964045     3.174632
    3.121947     4.020007     2.964045
    2.914297     3.121947     4.020007
    2.067212     2.914297     3.121947
    4.275768     2.067212     2.914297
    2.352870     4.275768     2.067212
    2.888587     2.352870     4.275768
    3.407683     2.888587     2.352870
    1.810432     3.407683     2.888587
    2.970768     1.810432     3.407683
    3.451781     2.970768     1.810432
    3.633478     3.451781     2.970768
    2.120357     3.633478     3.451781
    3.379892     2.120357     3.633478
    2.363027     3.379892     2.120357
    3.040938     2.363027     3.379892
    2.865337     3.040938     2.363027
    2.826136     2.865337     3.040938
    1.756449     2.826136     2.865337
    3.672080     1.756449     2.826136
    1.946600     3.672080     1.756449
    4.130997     1.946600     3.672080
    4.055189     4.130997     1.946600
    4.947573     4.055189     4.130997
    2.903029     4.947573     4.055189
    3.142023     2.903029     4.947573
    1.781372     3.142023     2.903029
    2.365156     1.781372     3.142023
    3.514897     2.365156     1.781372
    3.249488     3.514897     2.365156
    3.786745     3.249488     3.514897
    4.597772     3.786745     3.249488
    4.092807     4.597772     3.786745
    4.815651     4.092807     4.597772
    3.561577     4.815651     4.092807
    3.329390     3.561577     4.815651
    1.703907     3.329390     3.561577
    2.855496     1.703907     3.329390
    3.137562     2.855496     1.703907
    3.569960     3.137562     2.855496
    3.752543     3.569960     3.137562
    4.106690     3.752543     3.569960
    3.109757     4.106690     3.752543
    3.469321     3.109757     4.106690
    3.410098     3.469321     3.109757
    2.028883     3.410098     3.469321
    2.137801     2.028883     3.410098
    2.042535     2.137801     2.028883
    0.972324     2.042535     2.137801
    1.830883     0.972324     2.042535
    3.170190     1.830883     0.972324
    3.624537     3.170190     1.830883
    2.666370     3.624537     3.170190
    2.403616     2.666370     3.624537
    2.970110     2.403616     2.666370
    2.093114     2.970110     2.403616
    3.247231     2.093114     2.970110
    1.919422     3.247231     2.093114
    5.075916     1.919422     3.247231
    4.030644     5.075916     1.919422
    4.179609     4.030644     5.075916
    4.114257     4.179609     4.030644
    3.695772     4.114257     4.179609
    4.941956     3.695772     4.114257
    4.214634     4.941956     3.695772
    4.388984     4.214634     4.941956
    2.259789     4.388984     4.214634
    0.746068     2.259789     4.388984
    1.358681     0.746068     2.259789
    1.695879     1.358681     0.746068
    1.417040     1.695879     1.358681
    0.252183     1.417040     1.695879
    0.435277     0.252183     1.417040
    1.997827     0.435277     0.252183
    2.265075     1.997827     0.435277
    3.034096     2.265075     1.997827
    1.015323     3.034096     2.265075
    2.061375     1.015323     3.034096
    2.746557     2.061375     1.015323
    3.209333     2.746557     2.061375
    2.463024     3.209333     2.746557
    3.052248     2.463024     3.209333
    4.711631     3.052248     2.463024
    3.034335     4.711631     3.052248
    4.062363     3.034335     4.711631
    3.495522     4.062363     3.034335
    4.545783     3.495522     4.062363
    1.777088     4.545783     3.495522
    3.516780     1.777088     4.545783
    3.125825     3.516780     1.777088
    4.458570     3.125825     3.516780
    3.238401     4.458570     3.125825
    2.976902     3.238401     4.458570
    6.175118     2.976902     3.238401
    4.257205     6.175118     2.976902
    1.910171     4.257205     6.175118
    2.324788     1.910171     4.257205
    1.628449     2.324788     1.910171
    2.686490     1.628449     2.324788
    3.641075     2.686490     1.628449
    3.008901     3.641075     2.686490
    3.410896     3.008901     3.641075
    3.233540     3.410896     3.008901
    4.622090     3.233540     3.410896
    4.239536     4.622090     3.233540
    3.847811     4.239536     4.622090
    4.810431     3.847811     4.239536
    4.517637     4.810431     3.847811
    5.108291     4.517637     4.810431
    4.853159     5.108291     4.517637
    5.455611     4.853159     5.108291
    4.613226     5.455611     4.853159
    3.938535     4.613226     5.455611
    4.756749     3.938535     4.613226
    5.041955     4.756749     3.938535
    3.582229     5.041955     4.756749
    3.121632     3.582229     5.041955
    2.657873     3.121632     3.582229
    2.600385     2.657873     3.121632
    2.542635     2.600385     2.657873
    3.720639     2.542635     2.600385
    3.502669     3.720639     2.542635
    3.357021     3.502669     3.720639
    3.507860     3.357021     3.502669
    4.147817     3.507860     3.357021
    4.443280     4.147817     3.507860
    3.683940     4.443280     4.147817
    3.670767     3.683940     4.443280
    4.864551     3.670767     3.683940
    3.826424     4.864551     3.670767
    4.752326     3.826424     4.864551
    3.721111     4.752326     3.826424
    4.027944     3.721111     4.752326
    3.128631     4.027944     3.721111
    4.885919     3.128631     4.027944
    3.331724     4.885919     3.128631
    3.725297     3.331724     4.885919
    4.007197     3.725297     3.331724
    5.194100     4.007197     3.725297
    4.890225     5.194100     4.007197
    3.029302     4.890225     5.194100
    2.987798     3.029302     4.890225
    2.711846     2.987798     3.029302
    3.371587     2.711846     2.987798
    5.487552     3.371587     2.711846
    3.518293     5.487552     3.371587
    2.848282     3.518293     5.487552
    2.880303     2.848282     3.518293
    2.854008     2.880303     2.848282
    2.588424     2.854008     2.880303
    2.250148     2.588424     2.854008
    2.978320     2.250148     2.588424
    3.530911     2.978320     2.250148
    2.189716     3.530911     2.978320
    3.913126     2.189716     3.530911
    2.905174     3.913126     2.189716
    4.667842     2.905174     3.913126
    3.497232     4.667842     2.905174
    4.150405     3.497232     4.667842
    4.407164     4.150405     3.497232
    4.487541     4.407164     4.150405
    4.122946     4.487541     4.407164
    4.745299     4.122946     4.487541
    6.046566     4.745299     4.122946
    6.428007     6.046566     4.745299
    4.124279     6.428007     6.046566
    5.249381     4.124279     6.428007
    3.551269     5.249381     4.124279
    3.826672     3.551269     5.249381
    4.938554     3.826672     3.551269
    4.639704     4.938554     3.826672
    3.472546     4.639704     4.938554
    2.602334     3.472546     4.639704
    3.108492     2.602334     3.472546
    1.246458     3.108492     2.602334
    1.982584     1.246458     3.108492
    2.091269     1.982584     1.246458
    3.423680     2.091269     1.982584
    3.717951     3.423680     2.091269
    4.894982     3.717951     3.423680
    4.465126     4.894982     3.717951
    3.541849     4.465126     4.894982
    2.628268     3.541849     4.465126
    5.169498     2.628268     3.541849
    3.024778     5.169498     2.628268
    0.819740     3.024778     5.169498
    3.166452     0.819740     3.024778
    1.969246     3.166452     0.819740
    1.558191     1.969246     3.166452
    3.604805     1.558191     1.969246
    1.969195     3.604805     1.558191
    3.871804     1.969195     3.604805
    2.248316     3.871804     1.969195
    2.314764     2.248316     3.871804
    2.089868     2.314764     2.248316
    2.217797     2.089868     2.314764
    3.525673     2.217797     2.089868
    2.686031     3.525673     2.217797
    2.131384     2.686031     3.525673
    2.129192     2.131384     2.686031
    3.110410     2.129192     2.131384
    4.789688     3.110410     2.129192
    3.829580     4.789688     3.110410
    4.463331     3.829580     4.789688
    4.226137     4.463331     3.829580
    4.596553     4.226137     4.463331
    3.410886     4.596553     4.226137
    3.298535     3.410886     4.596553
    3.614234     3.298535     3.410886
    2.794896     3.614234     3.298535
    4.101909     2.794896     3.614234
    5.179564     4.101909     2.794896
    4.402558     5.179564     4.101909
    3.601423     4.402558     5.179564
    3.700476     3.601423     4.402558
    3.313247     3.700476     3.601423
    2.351452     3.313247     3.700476
    2.383852     2.351452     3.313247
    2.715341     2.383852     2.351452
    1.659652     2.715341     2.383852
    3.038908     1.659652     2.715341
    2.484687     3.038908     1.659652
    3.441854     2.484687     3.038908
    4.018934     3.441854     2.484687
    2.900399     4.018934     3.441854
    2.969432     2.900399     4.018934
    2.491601     2.969432     2.900399
    3.295596     2.491601     2.969432
    3.511359     3.295596     2.491601
    3.686446     3.511359     3.295596
    3.720333     3.686446     3.511359
    3.769837     3.720333     3.686446
    2.544854     3.769837     3.720333
    3.072820     2.544854     3.769837
    2.451899     3.072820     2.544854
    2.824080     2.451899     3.072820
    3.217829     2.824080     2.451899
    2.456668     3.217829     2.824080
    1.657935     2.456668     3.217829
    1.924762     1.657935     2.456668
    2.641974     1.924762     1.657935
    3.108484     2.641974     1.924762
    2.218655     3.108484     2.641974
    2.462548     2.218655     3.108484
    2.385902     2.462548     2.218655
    3.321809     2.385902     2.462548
    3.440938     3.321809     2.385902
    3.059565     3.440938     3.321809
    4.847826     3.059565     3.440938
    4.354975     4.847826     3.059565
    5.033389     4.354975     4.847826
    2.976475     5.033389     4.354975
    3.880213     2.976475     5.033389
    5.907507     3.880213     2.976475
    4.845298     5.907507     3.880213
    5.207691     4.845298     5.907507
    5.058984     5.207691     4.845298
    3.345714     5.058984     5.207691
    4.038811     3.345714     5.058984
    0.863794     4.038811     3.345714
    1.668124     0.863794     4.038811
    1.435842     1.668124     0.863794
    1.761274     1.435842     1.668124
    3.875890     1.761274     1.435842
    4.159623     3.875890     1.761274
    2.924578     4.159623     3.875890
    3.504664     2.924578     4.159623
    6.130794     3.504664     2.924578
    3.068868     6.130794     3.504664
    3.407247     3.068868     6.130794
    2.019762     3.407247     3.068868
    4.699791     2.019762     3.407247
    2.966721     4.699791     2.019762
    0.910296     2.966721     4.699791
    2.480049     0.910296     2.966721
    1.852714     2.480049     0.910296
    0.040104     1.852714     2.480049
    2.936428     0.040104     1.852714
    0.197084     2.936428     0.040104
    2.288686     0.197084     2.936428
    2.189775     2.288686     0.197084
    1.958000     2.189775     2.288686
    1.204839     1.958000     2.189775
    3.113761     1.204839     1.958000
    2.746760     3.113761     1.204839
    2.194910     2.746760     3.113761
    2.172240     2.194910     2.746760
    1.868313     2.172240     2.194910
    2.326307     1.868313     2.172240
    2.049242     2.326307     1.868313
    1.463310     2.049242     2.326307
    3.480503     1.463310     2.049242
    2.192291     3.480503     1.463310
    2.837127     2.192291     3.480503
    2.812497     2.837127     2.192291
    2.611264     2.812497     2.837127
    4.147087     2.611264     2.812497
    2.614828     4.147087     2.611264
    3.522413     2.614828     4.147087
    3.207261     3.522413     2.614828
    3.212892     3.207261     3.522413
    2.111434     3.212892     3.207261
    2.727992     2.111434     3.212892
    1.953211     2.727992     2.111434
    2.854481     1.953211     2.727992
    2.870973     2.854481     1.953211
    2.564169     2.870973     2.854481
    3.414493     2.564169     2.870973
    3.038542     3.414493     2.564169
    3.290532     3.038542     3.414493
    3.884413     3.290532     3.038542
    4.271642     3.884413     3.290532
    4.490079     4.271642     3.884413
    5.184154     4.490079     4.271642
    2.547592     5.184154     4.490079
    3.389307     2.547592     5.184154
    2.728861     3.389307     2.547592
    2.413839     2.728861     3.389307
    2.409105     2.413839     2.728861
    4.485266     2.409105     2.413839
    4.091776     4.485266     2.409105
    4.530880     4.091776     4.485266
    3.667513     4.530880     4.091776
    2.481575     3.667513     4.530880
    2.238898     2.481575     3.667513
    3.423627     2.238898     2.481575
   -0.135839     3.423627     2.238898
    2.536892    -0.135839     3.423627
    0.599599     2.536892    -0.135839
    2.260620     0.599599     2.536892
    1.698139     2.260620     0.599599
    1.396048     1.698139     2.260620
    3.756108     1.396048     1.698139
