    5.220201     4.640325     4.146708
    3.529327     5.220201     4.640325
    1.958468     3.529327     5.220201
    0.935418     1.958468     3.529327
    2.015566     0.935418     1.958468
    0.687009     2.015566     0.935418
    1.654463     0.687009     2.015566
    2.193182     1.654463     0.687009
    3.155658     2.193182     1.654463
    3.763846     3.155658     2.193182
    4.361560     3.763846     3.155658
    3.957030     4.361560     3.763846
    4.238245     3.957030     4.361560
    3.713559     4.238245     3.957030
    4.597973     3.713559     4.238245
    3.064924     4.597973     3.713559
    3.760773     3.064924     4.597973
    2.954949     3.760773     3.064924
    3.495700     2.954949     3.760773
    4.850203     3.495700     2.954949
    4.178911     4.850203     3.495700
    3.961759     4.178911     4.850203
    4.009112     3.961759     4.178911
    2.790473     4.009112     3.961759
    3.200290     2.790473     4.009112
    4.185532     3.200290     2.790473
    3.104409     4.185532     3.200290
    2.652148     3.104409     4.185532
    4.908130     2.652148     3.104409
    3.480386     4.908130     2.652148
    3.892657     3.480386     4.908130
    4.089934     3.892657     3.480386
    4.297228     4.089934     3.892657
    3.578725     4.297228     4.089934
    2.849754     3.578725     4.297228
   -0.360508     2.849754     3.578725
    1.139549    -0.360508     2.849754
    2.098798     1.139549    -0.360508
    2.893586     2.098798     1.139549
    2.317642     2.893586     2.098798
    5.462088     2.317642     2.893586
    4.095499     5.462088     2.317642
    2.657278     4.095499     5.462088
    3.035204     2.657278     4.095499
    4.213864     3.035204     2.657278
    4.673402     4.213864     3.035204
    3.332955     4.673402     4.213864
    4.327550     3.332955     4.673402
    5.206648     4.327550     3.332955
    5.169368     5.206648     4.327550
    3.999419     5.169368     5.206648
    2.497932     3.999419     5.169368
    2.271649     2.497932     3.999419
    2.803071     2.271649     2.497932
    2.110948     2.803071     2.271649
    1.101273     2.110948     2.803071
    2.270477     1.101273     2.110948
    1.572513     2.270477     1.101273
    3.244020     1.572513     2.270477
    2.683592     3.244020     1.572513
    1.914837     2.683592     3.244020
    2.365093     1.914837     2.683592
    3.418033     2.365093     1.914837
    3.619525     3.418033     2.365093
    4.005693     3.619525     3.418033
    3.688997     4.005693     3.619525
    5.641011     3.688997     4.005693
    4.801391     5.641011     3.688997
    3.378787     4.801391     5.641011
    5.130169     3.378787     4.801391
    4.248180     5.130169     3.378787
    5.049975     4.248180     5.130169
    4.954226     5.049975     4.248180
    2.896111     4.954226     5.049975
    4.151602     2.896111     4.954226
    0.938990     4.151602     2.896111
    2.568503     0.938990     4.151602
    2.891655     2.568503     0.938990
    2.161984     2.891655     2.568503
    3.151340     2.161984     2.891655
    3.116228     3.151340     2.161984
    3.497632     3.116228     3.151340
    3.285982     3.497632     3.116228
    4.819092     3.285982     3.497632
    2.491953     4.819092     3.285982
    5.805835     2.491953     4.819092
    4.888856     5.805835     2.491953
    4.243547     4.888856     5.805835
    2.739740     4.243547     4.888856
    3.218701     2.739740     4.243547
    5.033631     3.218701     2.739740
    4.995760     5.033631     3.218701
    4.091268     4.995760     5.033631
    3.470645     4.091268     4.995760
    4.546443     3.470645     4.091268
    4.736352     4.546443     3.470645
    5.088192     4.736352     4.546443
    4.675815     5.088192     4.736352
    4.524702     4.675815     5.088192
    6.365354     4.524702     4.675815
    4.857280     6.365354     4.524702
    6.100987     4.857280     6.365354
    4.969063     6.100987     4.857280
    4.877516     4.969063     6.100987
    6.313214     4.877516     4.969063
    5.176895     6.313214     4.877516
    5.977270     5.176895     6.313214
    3.675832     5.977270     5.176895
    2.193421     3.675832     5.977270
    3.291947     2.193421     3.675832
    4.130736     3.291947     2.193421
    5.277759     4.130736     3.291947
    2.779307     5.277759     4.130736
    2.944565     2.779307     5.277759
    3.814912     2.944565     2.779307
    3.856164     3.814912     2.944565
    4.209494     3.856164     3.814912
    3.621225     4.209494     3.856164
    3.311874     3.621225     4.209494
    5.015255     3.311874     3.621225
    4.199582     5.015255     3.311874
    5.901879     4.199582     5.015255
    5.240911     5.901879     4.199582
    5.019232     5.240911     5.901879
    4.454880     5.019232     5.240911
    4.905444     4.454880     5.019232
    5.506611     4.905444     4.454880
    2.911915     5.506611     4.905444
    4.218066     2.911915     5.506611
    3.338290     4.218066     2.911915
    2.317303     3.338290     4.218066
    2.517941     2.317303     3.338290
    3.347031     2.517941     2.317303
    3.400537     3.347031     2.517941
    2.783184     3.400537     3.347031
    4.775998     2.783184     3.400537
    3.747483     4.775998     2.783184
    4.720722     3.747483     4.775998
    3.483303     4.720722     3.747483
    3.085636     3.483303     4.720722
    2.582662     3.085636     3.483303
    2.527968     2.582662     3.085636
    2.458918     2.527968     2.582662
    3.728616     2.458918     2.527968
    3.669770     3.728616     2.458918
    3.128352     3.669770     3.728616
    3.784053     3.128352     3.669770
    4.193406     3.784053     3.128352
    4.791366     4.193406     3.784053
    5.174948     4.791366     4.193406
    4.735198     5.174948     4.791366
    4.000576     4.735198     5.174948
    2.209210     4.000576     4.735198
    3.934666     2.209210     4.000576
    4.943875     3.934666     2.209210
    3.804852     4.943875     3.934666
    3.510026     3.804852     4.943875
    3.857123     3.510026     3.804852
    3.210602     3.857123     3.510026
    2.166423     3.210602     3.857123
    3.071991     2.166423     3.210602
    1.867859     3.071991     2.166423
    3.206794     1.867859     3.071991
    2.302976     3.206794     1.867859
    4.448652     2.302976     3.206794
    3.141630     4.448652     2.302976
    4.004974     3.141630     4.448652
    3.425388     4.004974     3.141630
    2.833615     3.425388     4.004974
    3.419663     2.833615     3.425388
    4.740160     3.419663     2.833615
    3.944917     4.740160     3.419663
    4.567516     3.944917     4.740160
    3.649390     4.567516     3.944917
    3.370916     3.649390     4.567516
    4.920599     3.370916     3.649390
    5.351568     4.920599     3.370916
    4.192459     5.351568     4.920599
    4.125876     4.192459     5.351568
    2.821852     4.125876     4.192459
    1.055747     2.821852     4.125876
    1.440250     1.055747     2.821852
    2.620445     1.440250     1.055747
    1.591892     2.620445     1.440250
    3.789069     1.591892     2.620445
    3.831180     3.789069     1.591892
    2.653191     3.831180     3.789069
    2.974761     2.653191     3.831180
    3.653243     2.974761     2.653191
    1.992439     3.653243     2.974761
    2.981374     1.992439     3.653243
    3.704490     2.981374     1.992439
    1.819991     3.704490     2.981374
    3.639211     1.819991     3.704490
    2.615328     3.639211     1.819991
    3.034390     2.615328     3.639211
    3.426192     3.034390     2.615328
    2.963221     3.426192     3.034390
    3.271375     2.963221     3.426192
    3.401530     3.271375     2.963221
    2.720205     3.401530     3.271375
    2.007929     2.720205     3.401530
    1.870432     2.007929     2.720205
    2.728365     1.870432     2.007929
   -0.293854     2.728365     1.870432
    1.197901    -0.293854     2.728365
    1.623654     1.197901    -0.293854
    1.399427     1.623654     1.197901
    1.589972     1.399427     1.623654
    1.714270     1.589972     1.399427
    3.657218     1.714270     1.589972
    3.554186     3.657218     1.714270
    1.717986     3.554186     3.657218
    1.345650     1.717986     3.554186
    3.207468     1.345650     1.717986
    3.006756     3.207468     1.345650
    3.512298     3.006756     3.207468
    2.915466     3.512298     3.006756
    4.459103     2.915466     3.512298
    5.155373     4.459103     2.915466
    5.076449     5.155373     4.459103
    7.248612     5.076449     5.155373
    5.198865     7.248612     5.076449
    6.957807     5.198865     7.248612
    6.738133     6.957807     5.198865
    7.311772     6.738133     6.957807
    5.407127     7.311772     6.738133
    5.474615     5.407127     7.311772
    5.665043     5.474615     5.407127
    5.946285     5.665043     5.474615
    4.482854     5.946285     5.665043
    4.106017     4.482854     5.946285
    2.912565     4.106017     4.482854
    2.434548     2.912565     4.106017
    4.925658     2.434548     2.912565
    3.283194     4.925658     2.434548
    2.782221     3.283194     4.925658
    3.707314     2.782221     3.283194
    3.895217     3.707314     2.782221
    2.575856     3.895217     3.707314
    3.654023     2.575856     3.895217
    0.481589     3.654023     2.575856
    2.041247     0.481589     3.654023
    1.898951     2.041247     0.481589
    1.160459     1.898951     2.041247
    1.819793     1.160459     1.898951
    3.195902     1.819793     1.160459
    1.900401     3.195902     1.819793
    1.332689     1.900401     3.195902
    1.638623     1.332689     1.900401
    3.794190     1.638623     1.332689
    3.150556     3.794190     1.638623
    3.733005     3.150556     3.794190
    4.281222     3.733005     3.150556
    5.469560     4.281222     3.733005
    5.399592     5.469560     4.281222
    6.697460     5.399592     5.469560
    5.642628     6.697460     5.399592
    5.478639     5.642628     6.697460
    4.400752     5.478639     5.642628
    2.886137     4.400752     5.478639
    1.650090     2.886137     4.400752
    2.715691     1.650090     2.886137
    1.909328     2.715691     1.650090
    1.813631     1.909328     2.715691
    2.246227     1.813631     1.909328
    2.067319     2.246227     1.813631
    2.077288     2.067319     2.246227
    4.053292     2.077288     2.067319
    2.190350     4.053292     2.077288
    3.898217     2.190350     4.053292
    2.423534     3.898217     2.190350
    2.593789     2.423534     3.898217
    1.453120     2.593789     2.423534
    2.261078     1.453120     2.593789
    4.514104     2.261078     1.453120
    4.476030     4.514104     2.261078
    4.935134     4.476030     4.514104
    3.840283     4.935134     4.476030
    4.466262     3.840283     4.935134
    3.884376     4.466262     3.840283
    2.886027     3.884376     4.466262
    2.171197     2.886027     3.884376
    3.198668     2.171197     2.886027
    3.084576     3.198668     2.171197
    2.039471     3.084576     3.198668
    3.914695     2.039471     3.084576
    4.164584     3.914695     2.039471
    4.765131     4.164584     3.914695
    4.720158     4.765131     4.164584
    5.158704     4.720158     4.765131
    4.147189     5.158704     4.720158
    4.357688     4.147189     5.158704
    3.969947     4.357688     4.147189
    4.804172     3.969947     4.357688
    3.899736     4.804172     3.969947
    2.114986     3.899736     4.804172
    1.743202     2.114986     3.899736
    0.979919     1.743202     2.114986
    2.817527     0.979919     1.743202
    0.705389     2.817527     0.979919
    1.980021     0.705389     2.817527
    4.664420     1.980021     0.705389
    3.147579     4.664420     1.980021
    4.665519     3.147579     4.664420
    6.192380     4.665519     3.147579
    5.242627     6.192380     4.665519
    4.945256     5.242627     6.192380
    5.076961     4.945256     5.242627
    3.485050     5.076961     4.945256
    4.123995     3.485050     5.076961
    0.637452     4.123995     3.485050
    1.687190     0.637452     4.123995
    1.559791     1.687190     0.637452
    3.271768     1.559791     1.687190
    4.633376     3.271768     1.559791
    4.300149     4.633376     3.271768
    5.138084     4.300149     4.633376
    4.019327     5.138084     4.300149
    4.333269     4.019327     5.138084
    4.583489     4.333269     4.019327
    4.919125     4.583489     4.333269
    4.872220     4.919125     4.583489
    3.821065     4.872220     4.919125
    3.944740     3.821065     4.872220
    4.488348     3.944740     3.821065
    2.416523     4.488348     3.944740
    1.179900     2.416523     4.488348
    2.804419     1.179900     2.416523
    1.496905     2.804419     1.179900
    2.404546     1.496905     2.804419
    3.792644     2.404546     1.496905
    4.383885     3.792644     2.404546
    5.357568     4.383885     3.792644
    5.215183     5.357568     4.383885
    3.351917     5.215183     5.357568
    4.173581     3.351917     5.215183
    3.985722     4.173581     3.351917
    4.042967     3.985722     4.173581
    4.962790     4.042967     3.985722
    2.844422     4.962790     4.042967
    3.447368     2.844422     4.962790
    1.771725     3.447368     2.844422
    2.315658     1.771725     3.447368
    1.890695     2.315658     1.771725
    3.366780     1.890695     2.315658
    3.461760     3.366780     1.890695
    3.225474     3.461760     3.366780
    2.219611     3.225474     3.461760
    3.242231     2.219611     3.225474
    3.903843     3.242231     2.219611
    3.327805     3.903843     3.242231
    2.921748     3.327805     3.903843
    3.822506     2.921748     3.327805
    3.908901     3.822506     2.921748
    3.762242     3.908901     3.822506
    4.012203     3.762242     3.908901
    2.753387     4.012203     3.762242
    3.296081     2.753387     4.012203
    2.809812     3.296081     2.753387
    3.717119     2.809812     3.296081
    3.578312     3.717119     2.809812
    3.549051     3.578312     3.717119
    2.965248     3.549051     3.578312
    3.928067     2.965248     3.549051
    3.547585     3.928067     2.965248
    3.172096     3.547585     3.928067
    1.438765     3.172096     3.547585
    1.249603     1.438765     3.172096
    2.045767     1.249603     1.438765
    3.329839     2.045767     1.249603
    1.616364     3.329839     2.045767
    2.071473     1.616364     3.329839
    2.107438     2.071473     1.616364
    4.894547     2.107438     2.071473
    3.473584     4.894547     2.107438
    2.506566     3.473584     4.894547
    2.423854     2.506566     3.473584
    3.727552     2.423854     2.506566
    2.059920     3.727552     2.423854
    3.901202     2.059920     3.727552
    3.011351     3.901202     2.059920
    3.535696     3.011351     3.901202
    2.652647     3.535696     3.011351
    2.717311     2.652647     3.535696
    2.856240     2.717311     2.652647
    3.255023     2.856240     2.717311
    3.443282     3.255023     2.856240
    3.618383     3.443282     3.255023
    3.335692     3.618383     3.443282
    2.465452     3.335692     3.618383
    3.543303     2.465452     3.335692
    2.593616     3.543303     2.465452
    3.094634     2.593616     3.543303
    3.461715     3.094634     2.593616
    2.327296     3.461715     3.094634
    3.443464     2.327296     3.461715
    5.033584     3.443464     2.327296
    4.034631     5.033584     3.443464
    4.685090     4.034631     5.033584
    4.473099     4.685090     4.034631
    2.947412     4.473099     4.685090
    4.122927     2.947412     4.473099
    2.446907     4.122927     2.947412
    2.601408     2.446907     4.122927
    3.305050     2.601408     2.446907
    2.889549     3.305050     2.601408
    3.409190     2.889549     3.305050
    2.878204     3.409190     2.889549
    3.772514     2.878204     3.409190
    4.496342     3.772514     2.878204
    4.045704     4.496342     3.772514
    5.003996     4.045704     4.496342
    3.936223     5.003996     4.045704
    3.107318     3.936223     5.003996
    2.859728     3.107318     3.936223
    2.804691     2.859728     3.107318
    2.731480     2.804691     2.859728
    2.816981     2.731480     2.804691
    1.500877     2.816981     2.731480
    1.977387     1.500877     2.816981
    1.660817     1.977387     1.500877
    1.574599     1.660817     1.977387
    3.371567     1.574599     1.660817
    1.956097     3.371567     1.574599
    2.174028     1.956097     3.371567
    3.232572     2.174028     1.956097
    1.458761     3.232572     2.174028
    2.393996     1.458761     3.232572
    2.123213     2.393996     1.458761
    3.739189     2.123213     2.393996
    3.272552     3.739189     2.123213
    2.549144     3.272552     3.739189
    1.515516     2.549144     3.272552
    1.599255     1.515516     2.549144
    2.065642     1.599255     1.515516
    2.173588     2.065642     1.599255
    2.027791     2.173588     2.065642
    2.007437     2.027791     2.173588
    2.214035     2.007437     2.027791
    2.042623     2.214035     2.007437
    2.374233     2.042623     2.214035
    1.058740     2.374233     2.042623
    2.098362     1.058740     2.374233
    1.456504     2.098362     1.058740
    3.082014     1.456504     2.098362
    3.196617     3.082014     1.456504
    3.303626     3.196617     3.082014
    3.348072     3.303626     3.196617
    2.381206     3.348072     3.303626
    2.306000     2.381206     3.348072
    2.319286     2.306000     2.381206
    3.480891     2.319286     2.306000
    4.491673     3.480891     2.319286
    6.052323     4.491673     3.480891
    4.014261     6.052323     4.491673
    3.516035     4.014261     6.052323
    3.548194     3.516035     4.014261
    4.842116     3.548194     3.516035
    5.993113     4.842116     3.548194
    4.280719     5.993113     4.842116
    3.770407     4.280719     5.993113
    1.775222     3.770407     4.280719
    3.012992     1.775222     3.770407
    3.701540     3.012992     1.775222
    2.829132     3.701540     3.012992
    3.746429     2.829132     3.701540
    3.002039     3.746429     2.829132
    4.369740     3.002039     3.746429
    2.625144     4.369740     3.002039
    3.348982     2.625144     4.369740
    2.840044     3.348982     2.625144
    2.824758     2.840044     3.348982
    2.124445     2.824758     2.840044
    2.748777     2.124445     2.824758
    0.854985     2.748777     2.124445
    1.505730     0.854985     2.748777
    1.686665     1.505730     0.854985
    2.368109     1.686665     1.505730
    1.802459     2.368109     1.686665
    3.283299     1.802459     2.368109
    4.013492     3.283299     1.802459
    5.142947     4.013492     3.283299
    5.317773     5.142947     4.013492
    4.401435     5.317773     5.142947
    5.268946     4.401435     5.317773
    5.916966     5.268946     4.401435
    5.314798     5.916966     5.268946
    4.713070     5.314798     5.916966
    3.756529     4.713070     5.314798
    2.990714     3.756529     4.713070
    2.050921     2.990714     3.756529
    1.762851     2.050921     2.990714
    1.898688     1.762851     2.050921
   -0.317820     1.898688     1.762851
    2.034581    -0.317820     1.898688
    1.872119     2.034581    -0.317820
    2.386868     1.872119     2.034581
    3.251156     2.386868     1.872119
    0.682846     3.251156     2.386868
