1
0.10626018E+001 0.53203137E+000 0.14877350E+000 0.94766367E+000
0.13425336E+000 0.46605148E-001 0.46773293E-001 0.65274814E-001
0.40000000E+001 0.13962218E+004 0.55470646E+001
2
0.11488416E+001 0.49914849E+000 0.15883414E+000 0.91599831E+000
0.12793412E+000 0.42581604E-001 0.42743519E-001 0.58523510E-001
0.40000000E+001 0.13760267E+004 0.48494910E+001
3
0.11163467E+001 0.48263029E+000 0.19778064E+000 0.10271935E+001
0.13131792E+000 0.44197768E-001 0.45427169E-001 0.64586068E-001
0.40000000E+001 0.14344479E+004 0.42363381E+001
4
0.10874888E+001 0.46929267E+000 0.20832857E+000 0.10905416E+001
0.14054119E+000 0.44345448E-001 0.42707039E-001 0.68645990E-001
0.40000000E+001 0.14604180E+004 0.39293376E+001
5
0.97848757E+000 0.49742176E+000 0.17221143E+000 0.10210529E+001
0.11360252E+000 0.43107361E-001 0.43231181E-001 0.67583772E-001
0.40000000E+001 0.14304208E+004 0.54152574E+001
6
0.95659348E+000 0.54864370E+000 0.15115990E+000 0.99600858E+000
0.12669933E+000 0.42642002E-001 0.44017237E-001 0.59335559E-001
0.40000000E+001 0.14211865E+004 0.29916826E+001
7
0.85670651E+000 0.57480045E+000 0.16261333E+000 0.10325281E+001
0.13438923E+000 0.46054112E-001 0.49211383E-001 0.66908990E-001
0.40000000E+001 0.14322657E+004 0.33172484E+001
8
0.95638361E+000 0.49416642E+000 0.22515774E+000 0.10576911E+001
0.13278430E+000 0.45405324E-001 0.43759760E-001 0.64890925E-001
0.40000000E+001 0.14499921E+004 0.56600828E+001
9
0.10478962E+001 0.46559533E+000 0.21892469E+000 0.96323531E+000
0.15166089E+000 0.44885372E-001 0.43945820E-001 0.55504776E-001
0.40000000E+001 0.14039472E+004 0.46266986E+001
10
0.10061948E+001 0.50453671E+000 0.18483693E+000 0.98224849E+000
0.13041499E+000 0.44062111E-001 0.45289380E-001 0.62054562E-001
0.40000000E+001 0.14104774E+004 0.37389950E+001
11
0.97243521E+000 0.45914247E+000 0.23582164E+000 0.10000156E+001
0.13594208E+000 0.45951775E-001 0.44004155E-001 0.62563147E-001
0.40000000E+001 0.14217019E+004 0.38666438E+001
12
0.98667947E+000 0.48244017E+000 0.19864370E+000 0.10797766E+001
0.14017054E+000 0.45166746E-001 0.47409363E-001 0.63441057E-001
0.40000000E+001 0.14570789E+004 0.42403414E+001
13
0.10445340E+001 0.55532521E+000 0.14017510E+000 0.98415911E+000
0.13843691E+000 0.46183491E-001 0.44698866E-001 0.64074009E-001
0.40000000E+001 0.14164806E+004 0.38611547E+001
14
0.10085181E+001 0.50761097E+000 0.20325211E+000 0.97857442E+000
0.12449144E+000 0.43286072E-001 0.46424884E-001 0.55675520E-001
0.40000000E+001 0.14102560E+004 0.47355270E+001
15
0.10433607E+001 0.54996670E+000 0.15585085E+000 0.10042901E+001
0.13976009E+000 0.43136353E-001 0.45686050E-001 0.62870661E-001
0.40000000E+001 0.14263954E+004 0.37327947E+001
16
0.83205700E+000 0.56429976E+000 0.17487947E+000 0.10831422E+001
0.10795742E+000 0.42360392E-001 0.41713182E-001 0.72770285E-001
0.40000000E+001 0.14626887E+004 0.49071604E+001
17
0.95467638E+000 0.44891750E+000 0.26522929E+000 0.10606191E+001
0.12748445E+000 0.38875032E-001 0.39266092E-001 0.69869539E-001
0.40000000E+001 0.14546358E+004 0.44920213E+001
18
0.11846414E+001 0.41045681E+000 0.23720456E+000 0.97045953E+000
0.15234002E+000 0.48030365E-001 0.42211940E-001 0.64196026E-001
0.40000000E+001 0.14031443E+004 0.40232349E+001
19
0.10075509E+001 0.49083476E+000 0.19879653E+000 0.95179158E+000
0.13294285E+000 0.47953459E-001 0.45902742E-001 0.54308622E-001
0.40000000E+001 0.13986203E+004 0.51749059E+001
20
0.79372925E+000 0.55010132E+000 0.20115565E+000 0.99027932E+000
0.12039344E+000 0.43904636E-001 0.44593462E-001 0.62671877E-001
0.40000000E+001 0.14179110E+004 0.44716273E+001
21
0.87821487E+000 0.49117657E+000 0.24189530E+000 0.88598172E+000
0.13279275E+000 0.44499966E-001 0.45877524E-001 0.55784803E-001
0.40000000E+001 0.13611435E+004 0.43910675E+001
22
0.12527755E+001 0.41718130E+000 0.22375146E+000 0.94156116E+000
0.15974420E+000 0.46414316E-001 0.46752451E-001 0.59722741E-001
0.40000000E+001 0.13944620E+004 0.35795281E+001
23
0.12095030E+001 0.44994228E+000 0.21460706E+000 0.10806412E+001
0.13971742E+000 0.41896379E-001 0.44393907E-001 0.64481111E-001
0.40000000E+001 0.14566629E+004 0.38294029E+001
24
0.11500697E+001 0.45259693E+000 0.22216887E+000 0.97886432E+000
0.15812774E+000 0.47810935E-001 0.42239168E-001 0.60829013E-001
0.40000000E+001 0.14140426E+004 0.39533852E+001
25
0.10809352E+001 0.51054818E+000 0.17851101E+000 0.11483373E+001
0.16266414E+000 0.48356390E-001 0.47020434E-001 0.70576726E-001
0.40000000E+001 0.14918488E+004 0.48258511E+001
26
0.88995755E+000 0.51550568E+000 0.21531246E+000 0.91362181E+000
0.12746802E+000 0.42028458E-001 0.40901582E-001 0.56022338E-001
0.40000000E+001 0.13737530E+004 0.34868516E+001
27
0.84682934E+000 0.55312350E+000 0.17794553E+000 0.10618235E+001
0.13154407E+000 0.50805705E-001 0.49470327E-001 0.69146508E-001
0.40000000E+001 0.14537880E+004 0.52869482E+001
28
0.10842706E+001 0.42542453E+000 0.25260506E+000 0.10725005E+001
0.14239305E+000 0.44589873E-001 0.46293543E-001 0.61256019E-001
0.40000000E+001 0.14554775E+004 0.47650805E+001
29
0.89052623E+000 0.47374893E+000 0.27056487E+000 0.98365878E+000
0.12975377E+000 0.44163582E-001 0.44869999E-001 0.59435140E-001
0.40000000E+001 0.14127871E+004 0.51416789E+001
30
0.90021375E+000 0.54437823E+000 0.17774218E+000 0.10884747E+001
0.13452113E+000 0.45130702E-001 0.44532776E-001 0.65080291E-001
0.40000000E+001 0.14664790E+004 0.42574194E+001
31
0.10032288E+001 0.47497282E+000 0.22041042E+000 0.10533531E+001
0.13400386E+000 0.40917152E-001 0.44131928E-001 0.69077659E-001
0.40000000E+001 0.14458570E+004 0.45064025E+001
32
0.10274622E+001 0.55055772E+000 0.13533613E+000 0.10218472E+001
0.13213517E+000 0.40806059E-001 0.42024815E-001 0.65524404E-001
0.40000000E+001 0.14331332E+004 0.52329258E+001
33
0.11309019E+001 0.53385102E+000 0.14441479E+000 0.89197794E+000
0.15644792E+000 0.41468877E-001 0.46805626E-001 0.56533647E-001
0.40000000E+001 0.13660564E+004 0.50929597E+001
34
0.88946275E+000 0.61118214E+000 0.99359890E-001 0.84778266E+000
0.12499721E+000 0.47566632E-001 0.47896045E-001 0.58136774E-001
0.40000000E+001 0.13441002E+004 0.54362257E+001
35
0.98575846E+000 0.55013327E+000 0.15750881E+000 0.10489242E+001
0.14535974E+000 0.45482771E-001 0.47073762E-001 0.64568018E-001
0.40000000E+001 0.14471496E+004 0.39726677E+001
36
0.12904769E+001 0.46812069E+000 0.16255645E+000 0.10773695E+001
0.15711157E+000 0.43373029E-001 0.45941942E-001 0.72545961E-001
0.40000000E+001 0.14555574E+004 0.36540711E+001
37
0.10459874E+001 0.43908212E+000 0.25630185E+000 0.95242394E+000
0.14801077E+000 0.44395680E-001 0.42168205E-001 0.60666484E-001
0.40000000E+001 0.13942983E+004 0.46547314E+001
38
0.98731126E+000 0.45821476E+000 0.25085565E+000 0.10446642E+001
0.13252339E+000 0.39956381E-001 0.46589316E-001 0.67656560E-001
0.40000000E+001 0.14488055E+004 0.58016926E+001
39
0.10723900E+001 0.45996008E+000 0.19365790E+000 0.10035193E+001
0.14620436E+000 0.48380587E-001 0.46438205E-001 0.70315787E-001
0.40000000E+001 0.14209199E+004 0.41744834E+001
40
0.94261720E+000 0.46592649E+000 0.24992672E+000 0.94539687E+000
0.13773753E+000 0.42815696E-001 0.44033896E-001 0.60778944E-001
0.40000000E+001 0.13894132E+004 0.41937936E+001
41
0.10066601E+001 0.46025336E+000 0.23950363E+000 0.11378718E+001
0.14824213E+000 0.45217885E-001 0.41809575E-001 0.80777482E-001
0.40000000E+001 0.14838635E+004 0.35838256E+001
42
0.11100190E+001 0.48225913E+000 0.20717501E+000 0.11109174E+001
0.16154494E+000 0.45701429E-001 0.42676726E-001 0.72862143E-001
0.40000000E+001 0.14766488E+004 0.44489718E+001
43
0.96376491E+000 0.43702763E+000 0.24164610E+000 0.97725088E+000
0.13001350E+000 0.43767001E-001 0.43044077E-001 0.67880321E-001
0.40000000E+001 0.14050566E+004 0.41557921E+001
44
0.11919106E+001 0.44454508E+000 0.20617306E+000 0.96112606E+000
0.16434133E+000 0.43449203E-001 0.45130500E-001 0.62085880E-001
0.40000000E+001 0.14031513E+004 0.45089418E+001
45
0.87237186E+000 0.52523176E+000 0.20358119E+000 0.10410852E+001
0.12247200E+000 0.43765933E-001 0.43044518E-001 0.61954638E-001
0.40000000E+001 0.14411727E+004 0.37133121E+001
46
0.11784786E+001 0.47521453E+000 0.16979929E+000 0.11136397E+001
0.14029089E+000 0.45155613E-001 0.43200995E-001 0.80327237E-001
0.40000000E+001 0.14744008E+004 0.52189524E+001
47
0.11311447E+001 0.40668857E+000 0.26628735E+000 0.91571410E+000
0.15255735E+000 0.44843885E-001 0.46818144E-001 0.55280756E-001
0.40000000E+001 0.13790020E+004 0.51602204E+001
48
0.10283471E+001 0.53131627E+000 0.15471589E+000 0.10069821E+001
0.13626111E+000 0.46488105E-001 0.47924584E-001 0.60674687E-001
0.40000000E+001 0.14260873E+004 0.57333543E+001
49
0.93784941E+000 0.51437562E+000 0.19544501E+000 0.84873931E+000
0.12796831E+000 0.40552360E-001 0.42268346E-001 0.56169964E-001
0.40000000E+001 0.13419982E+004 0.57490953E+001
50
0.11386917E+001 0.48835179E+000 0.17990326E+000 0.99888852E+000
0.12833888E+000 0.45388378E-001 0.42938052E-001 0.62983147E-001
0.40000000E+001 0.14192823E+004 0.40165143E+001
51
0.94405210E+000 0.48108236E+000 0.25454984E+000 0.98182201E+000
0.12761699E+000 0.38632668E-001 0.42270989E-001 0.66240612E-001
0.40000000E+001 0.14115505E+004 0.40027612E+001
52
0.95750166E+000 0.43888708E+000 0.25194805E+000 0.97332479E+000
0.13223386E+000 0.42271684E-001 0.43647563E-001 0.62565034E-001
0.40000000E+001 0.14064683E+004 0.37859858E+001
53
0.97997788E+000 0.52951099E+000 0.14970668E+000 0.95170725E+000
0.13031607E+000 0.45414908E-001 0.46893639E-001 0.61268749E-001
0.40000000E+001 0.13966637E+004 0.36676629E+001
54
0.97385769E+000 0.49148370E+000 0.21408711E+000 0.92480253E+000
0.13282493E+000 0.47133372E-001 0.49087192E-001 0.64990199E-001
0.40000000E+001 0.13838659E+004 0.58407905E+001
55
0.10094367E+001 0.52235882E+000 0.17891986E+000 0.84160078E+000
0.13722186E+000 0.43033257E-001 0.42900176E-001 0.56682168E-001
0.40000000E+001 0.13328412E+004 0.38570983E+001
56
0.10587414E+001 0.47407810E+000 0.20095792E+000 0.94458385E+000
0.14268636E+000 0.42722966E-001 0.48007153E-001 0.59899327E-001
0.40000000E+001 0.13915189E+004 0.47370176E+001
57
0.10428892E+001 0.50227826E+000 0.17815710E+000 0.99423372E+000
0.13493168E+000 0.45197470E-001 0.45185067E-001 0.67254102E-001
0.40000000E+001 0.14192791E+004 0.40661266E+001
58
0.10929524E+001 0.51738018E+000 0.15253875E+000 0.10680312E+001
0.13224686E+000 0.41513987E-001 0.45837443E-001 0.65760748E-001
0.40000000E+001 0.14491109E+004 0.27308995E+001
59
0.87943281E+000 0.48605490E+000 0.25275559E+000 0.10165539E+001
0.13394936E+000 0.45959351E-001 0.43421314E-001 0.66462351E-001
0.40000000E+001 0.14277436E+004 0.46024796E+001
60
0.11345874E+001 0.48156392E+000 0.13644281E+000 0.98770264E+000
0.13931764E+000 0.43257154E-001 0.41018607E-001 0.59639148E-001
0.40000000E+001 0.14163306E+004 0.40470918E+001
61
0.98069872E+000 0.44056038E+000 0.26679011E+000 0.10161941E+001
0.13466398E+000 0.41465052E-001 0.43551622E-001 0.67767756E-001
0.40000000E+001 0.14306641E+004 0.48425018E+001
62
0.94258515E+000 0.54485925E+000 0.16918687E+000 0.98005618E+000
0.13117694E+000 0.44974591E-001 0.43481153E-001 0.59820638E-001
0.40000000E+001 0.14124349E+004 0.61049297E+001
63
0.10389270E+001 0.50609424E+000 0.19952017E+000 0.11916278E+001
0.13307634E+000 0.45756109E-001 0.44876254E-001 0.77703547E-001
0.40000000E+001 0.15115144E+004 0.56174069E+001
64
0.11912916E+001 0.44886022E+000 0.20197712E+000 0.10742572E+001
0.13752794E+000 0.42580198E-001 0.44936393E-001 0.67759275E-001
0.40000000E+001 0.14546219E+004 0.44909806E+001
65
0.80250288E+000 0.59548381E+000 0.16092966E+000 0.89868677E+000
0.12195199E+000 0.45420385E-001 0.43744431E-001 0.59410918E-001
0.40000000E+001 0.13715767E+004 0.50621622E+001
66
0.97910335E+000 0.48689388E+000 0.20872630E+000 0.10179859E+001
0.13435118E+000 0.46978411E-001 0.46739251E-001 0.58234607E-001
0.40000000E+001 0.14262609E+004 0.40948394E+001
67
0.10219727E+001 0.48991066E+000 0.19831040E+000 0.10460955E+001
0.13014715E+000 0.44225000E-001 0.45981821E-001 0.68005987E-001
0.40000000E+001 0.14435265E+004 0.41412099E+001
68
0.10664769E+001 0.52343343E+000 0.17195632E+000 0.89753142E+000
0.13793529E+000 0.42971578E-001 0.43463356E-001 0.56413352E-001
0.40000000E+001 0.13647870E+004 0.50561439E+001
69
0.12561878E+001 0.43128054E+000 0.19640651E+000 0.95094776E+000
0.16109627E+000 0.46640869E-001 0.43576043E-001 0.60078014E-001
0.40000000E+001 0.13958238E+004 0.46055259E+001
70
0.11411399E+001 0.47612142E+000 0.18137854E+000 0.10353102E+001
0.14563779E+000 0.44220888E-001 0.45061413E-001 0.65418323E-001
0.40000000E+001 0.14377336E+004 0.42343762E+001
71
0.10652126E+001 0.50258315E+000 0.16886932E+000 0.10027357E+001
0.13065223E+000 0.43250914E-001 0.41780775E-001 0.65164279E-001
0.40000000E+001 0.14205547E+004 0.34290669E+001
72
0.93796211E+000 0.60674408E+000 0.98623220E-001 0.96200886E+000
0.12659896E+000 0.41122795E-001 0.40887729E-001 0.61411375E-001
0.40000000E+001 0.13997445E+004 0.37221910E+001
73
0.10461638E+001 0.46305846E+000 0.21367133E+000 0.11489749E+001
0.15098200E+000 0.44741764E-001 0.43875158E-001 0.83274762E-001
0.40000000E+001 0.14864084E+004 0.43847330E+001
74
0.78631436E+000 0.49117301E+000 0.27651533E+000 0.92863859E+000
0.12866142E+000 0.43738088E-001 0.41617517E-001 0.67958740E-001
0.40000000E+001 0.13874797E+004 0.49635522E+001
75
0.76761074E+000 0.58572217E+000 0.17596469E+000 0.10021437E+001
0.12075547E+000 0.42215032E-001 0.43323922E-001 0.58358764E-001
0.40000000E+001 0.14197738E+004 0.47499032E+001
76
0.73269817E+000 0.58543454E+000 0.17256181E+000 0.10968394E+001
0.11734127E+000 0.44872339E-001 0.40914574E-001 0.67075379E-001
0.40000000E+001 0.14665399E+004 0.49980504E+001
77
0.10657430E+001 0.50854424E+000 0.19297517E+000 0.89219378E+000
0.14269616E+000 0.43038069E-001 0.46266155E-001 0.58852135E-001
0.40000000E+001 0.13665308E+004 0.47741748E+001
78
0.82800222E+000 0.52057572E+000 0.22512911E+000 0.11097498E+001
0.12900695E+000 0.45025774E-001 0.44268672E-001 0.68684800E-001
0.40000000E+001 0.14673701E+004 0.38772993E+001
79
0.11707929E+001 0.49910238E+000 0.17508508E+000 0.11429407E+001
0.14357553E+000 0.45922273E-001 0.44038413E-001 0.68603054E-001
0.40000000E+001 0.14881770E+004 0.39149985E+001
80
0.94090619E+000 0.48922894E+000 0.22593880E+000 0.10461750E+001
0.13059838E+000 0.45285816E-001 0.42061888E-001 0.64244616E-001
0.40000000E+001 0.14449387E+004 0.36833680E+001
81
0.89376418E+000 0.55964813E+000 0.17156323E+000 0.10176872E+001
0.11893096E+000 0.46138186E-001 0.48148048E-001 0.67580963E-001
0.40000000E+001 0.14330336E+004 0.45421645E+001
82
0.10399398E+001 0.47502732E+000 0.23602421E+000 0.94978396E+000
0.14327374E+000 0.44206085E-001 0.47084141E-001 0.64506488E-001
0.40000000E+001 0.13948497E+004 0.53171301E+001
83
0.97970055E+000 0.56465214E+000 0.13756405E+000 0.94537484E+000
0.12594659E+000 0.44634440E-001 0.43383253E-001 0.60155058E-001
0.40000000E+001 0.13946234E+004 0.49189263E+001
84
0.11316368E+001 0.51041323E+000 0.15646659E+000 0.99549226E+000
0.13592319E+000 0.42104513E-001 0.43088457E-001 0.63039286E-001
0.40000000E+001 0.14185929E+004 0.54429214E+001
85
0.11626845E+001 0.56977346E+000 0.50565759E-001 0.10011876E+001
0.13620241E+000 0.46340128E-001 0.46454768E-001 0.67735867E-001
0.40000000E+001 0.14215654E+004 0.49887334E+001
86
0.11091574E+001 0.45012825E+000 0.20740079E+000 0.95687290E+000
0.15079758E+000 0.43882183E-001 0.46447787E-001 0.61719558E-001
0.40000000E+001 0.13957861E+004 0.33480015E+001
87
0.11224452E+001 0.47060182E+000 0.16598152E+000 0.88915766E+000
0.14571808E+000 0.42688845E-001 0.42783139E-001 0.57825125E-001
0.40000000E+001 0.13648345E+004 0.44867754E+001
88
0.12542790E+001 0.43710051E+000 0.19186785E+000 0.10083917E+001
0.14954351E+000 0.43083031E-001 0.42188468E-001 0.65853211E-001
0.40000000E+001 0.14292502E+004 0.42656020E+001
89
0.11302374E+001 0.42834531E+000 0.23509646E+000 0.11250519E+001
0.15029513E+000 0.44139371E-001 0.43408704E-001 0.74188073E-001
0.40000000E+001 0.14785977E+004 0.33345144E+001
90
0.82137061E+000 0.57377487E+000 0.17749882E+000 0.95300209E+000
0.12237569E+000 0.42198133E-001 0.45006838E-001 0.66573919E-001
0.40000000E+001 0.13956138E+004 0.39877598E+001
91
0.11572540E+001 0.57620618E+000 0.77341328E-001 0.93254036E+000
0.13752951E+000 0.46004886E-001 0.44243227E-001 0.56165052E-001
0.40000000E+001 0.13877785E+004 0.41225608E+001
92
0.87750367E+000 0.56284214E+000 0.17851628E+000 0.97782617E+000
0.13064498E+000 0.44661187E-001 0.45187446E-001 0.60575554E-001
0.40000000E+001 0.14059202E+004 0.39357705E+001
93
0.99150784E+000 0.46318466E+000 0.21452329E+000 0.93372119E+000
0.12958170E+000 0.39208661E-001 0.43263127E-001 0.59376770E-001
0.40000000E+001 0.13870029E+004 0.33082894E+001
94
0.81707273E+000 0.57015151E+000 0.18383604E+000 0.86274015E+000
0.11762449E+000 0.42958288E-001 0.43956065E-001 0.55405208E-001
0.40000000E+001 0.13488517E+004 0.37827362E+001
95
0.12415754E+001 0.51374593E+000 0.11607889E+000 0.91959713E+000
0.14801371E+000 0.39208866E-001 0.43819360E-001 0.57598664E-001
0.40000000E+001 0.13775808E+004 0.40172394E+001
96
0.93146744E+000 0.52506629E+000 0.20742570E+000 0.99438805E+000
0.13506253E+000 0.45103193E-001 0.45914625E-001 0.59199699E-001
0.40000000E+001 0.14155571E+004 0.39797233E+001
97
0.11912306E+001 0.44308583E+000 0.21465984E+000 0.91204107E+000
0.14731467E+000 0.42999136E-001 0.42741317E-001 0.56953049E-001
0.40000000E+001 0.13742082E+004 0.46969307E+001
98
0.11111161E+001 0.40990933E+000 0.27370346E+000 0.97718369E+000
0.14514242E+000 0.47361416E-001 0.47009183E-001 0.51880980E-001
0.40000000E+001 0.14061277E+004 0.44219391E+001
99
0.10305618E+001 0.50392119E+000 0.18880135E+000 0.97198128E+000
0.13639200E+000 0.46668476E-001 0.48098245E-001 0.57981380E-001
0.40000000E+001 0.14100897E+004 0.44630056E+001
100
0.98931410E+000 0.48539220E+000 0.20559349E+000 0.10548722E+001
0.13171120E+000 0.42834571E-001 0.45417131E-001 0.68453390E-001
0.40000000E+001 0.14482756E+004 0.38459026E+001
